0	237	1.0
0	48	1.0
0	1349	1.0
0	0	0.6
0	1729	1.0
0	3656	1.0
0	3498	1.0
0	398	1.0
0	751	0.8
0	2976	1.0
0	3859	1.0
0	2363	1.0
0	1599	1.0
0	905	1.0
1	1	0.4
1	2232	0.8
1	1122	1.0
1	4299	0.2
2	533	1.0
2	1593	1.0
2	433	1.0
2	902	1.0
2	774	1.0
2	1664	1.0
2	2	0.6
2	904	1.0
3	2338	1.0
3	387	1.0
3	698	1.0
3	3993	1.0
3	1904	1.0
3	1305	1.0
3	1680	1.0
3	2767	1.0
3	628	1.0
3	4165	1.0
3	864	1.0
3	1356	0.6
3	2856	0.8
3	3089	0.8
3	4027	0.8
3	4622	1.0
3	3412	0.8
3	2782	1.0
3	1127	0.8
3	2748	0.6
3	2352	1.0
3	3171	1.0
3	4146	0.8
3	2018	0.4
3	2873	0.8
3	857	0.8
3	164	1.0
3	863	1.0
3	3874	1.0
3	829	1.0
3	3818	0.8
3	4049	0.8
3	601	1.0
3	2317	0.8
3	2275	1.0
3	1775	1.0
3	2972	1.0
3	3671	0.8
3	1914	0.8
3	920	1.0
3	3821	1.0
3	1563	0.8
3	2153	0.8
3	1917	1.0
3	1963	0.8
3	2	0.4
3	3200	0.8
3	2572	1.0
3	1588	1.0
3	2184	1.0
3	1922	1.0
3	1626	1.0
3	2457	1.0
3	3040	1.0
4	756	0.8
4	2589	0.8
4	2770	1.0
4	919	1.0
4	1145	1.0
4	29	1.0
4	2	0.2
4	3165	1.0
4	3270	1.0
4	258	0.2
4	2266	1.0
4	4389	1.0
4	505	0.6
4	1524	0.4
5	3	1.0
5	3397	1.0
5	4369	1.0
5	3478	0.8
5	2452	0.8
5	2656	0.8
6	1233	0.6
6	866	0.6
6	4	0.2
6	1394	1.0
6	2818	0.2
6	636	0.6
6	1966	0.8
7	2747	1.0
7	2047	1.0
7	3958	1.0
7	5	1.0
7	4176	1.0
8	572	0.8
8	359	1.0
8	2775	1.0
8	1994	1.0
8	3875	0.8
8	6	0.8
8	964	0.8
8	1760	1.0
8	972	0.8
8	258	0.2
8	43	0.8
8	1713	0.8
8	1732	1.0
8	1359	0.8
8	1923	0.8
8	182	0.8
8	895	1.0
9	1488	1.0
9	7	1.0
9	3408	1.0
9	1049	1.0
9	3573	1.0
9	3574	1.0
9	4138	0.2
9	3991	1.0
9	3414	1.0
9	3155	1.0
10	300	0.8
10	3184	1.0
10	3868	0.2
10	782	0.4
10	749	0.8
10	60	0.4
10	156	0.2
10	3455	1.0
10	186	0.8
10	35	0.2
10	13	1.0
10	15	1.0
10	58	1.0
10	8	0.8
10	33	0.2
10	622	0.8
10	12	0.8
10	780	0.4
10	104	0.2
10	36	0.4
10	219	0.4
10	4204	1.0
10	34	0.2
10	2369	0.8
10	634	0.6
10	61	0.2
10	9	0.8
10	45	0.2
10	2697	0.6
11	65	1.0
11	3417	1.0
11	1222	1.0
11	1704	1.0
11	4212	0.6
11	445	1.0
11	4330	1.0
11	3264	0.8
11	1191	1.0
11	4687	1.0
11	2083	1.0
11	9	1.0
11	1251	0.8
11	3362	0.6
11	2779	1.0
11	3909	1.0
11	3258	0.8
11	2849	1.0
11	4319	1.0
11	618	0.8
11	645	0.8
11	717	1.0
11	4460	1.0
12	2425	0.8
12	603	1.0
12	2527	1.0
12	2249	1.0
12	4663	1.0
12	2391	1.0
12	63	1.0
12	46	0.8
12	2392	1.0
13	24	1.0
13	2009	1.0
13	10	0.8
13	17	0.6
14	16	0.4
14	1866	0.8
14	10	0.6
14	636	0.6
14	410	0.8
14	1940	1.0
14	4402	0.6
14	482	1.0
14	1836	0.8
14	406	0.8
14	3252	0.6
14	4142	0.8
14	837	0.6
14	11	0.8
14	3264	0.8
15	2498	1.0
15	2155	1.0
15	927	0.8
15	2573	1.0
15	3329	1.0
15	1195	1.0
15	606	1.0
15	1781	1.0
15	2563	1.0
15	4124	1.0
15	967	1.0
15	2304	1.0
15	888	0.8
15	738	0.8
15	1382	1.0
15	2708	1.0
15	1939	1.0
15	191	0.8
15	2018	0.8
15	49	1.0
15	4142	1.0
15	3090	1.0
15	83	1.0
15	13	1.0
15	132	1.0
15	263	0.8
15	575	0.8
15	730	0.8
15	2981	0.8
15	4417	1.0
15	2864	0.8
15	257	1.0
15	212	1.0
15	2420	1.0
15	1356	1.0
15	913	0.8
15	1942	1.0
15	1883	1.0
15	2264	1.0
15	3135	1.0
15	1870	1.0
15	1260	1.0
15	1340	0.8
15	4739	1.0
15	3255	1.0
15	2076	0.8
15	727	1.0
15	1044	1.0
15	1566	1.0
15	4554	1.0
15	2372	1.0
15	1016	0.8
15	1262	0.8
15	1509	1.0
16	66	0.8
16	41	0.2
16	65	1.0
16	333	0.8
16	315	0.2
16	2584	1.0
16	916	0.6
16	218	0.6
17	3197	1.0
17	2256	1.0
17	615	0.8
17	2837	1.0
17	936	0.4
17	2908	0.2
17	13	1.0
17	1396	0.8
18	69	1.0
18	3778	1.0
18	42	0.6
18	14	0.4
18	17	0.8
18	2961	1.0
18	4032	1.0
18	1723	1.0
18	2685	1.0
18	128	1.0
18	45	1.0
18	13	0.6
18	22	0.6
19	1564	1.0
19	3777	1.0
19	1728	1.0
19	1630	1.0
19	4195	1.0
19	486	0.6
20	16	1.0
20	4318	1.0
20	1758	0.8
20	4471	0.8
21	3366	1.0
21	175	1.0
21	72	0.8
21	1020	0.8
21	801	1.0
21	3161	1.0
21	3868	1.0
21	17	0.6
21	1179	0.8
21	75	1.0
22	1464	0.2
22	1177	0.4
22	391	0.2
22	514	1.0
22	1453	0.2
22	205	0.2
22	2541	0.8
22	18	0.2
23	3158	0.8
23	4089	0.4
23	3074	0.8
23	544	0.4
23	1880	0.8
23	2259	1.0
23	3640	0.4
23	3852	0.2
23	3691	0.8
23	852	0.6
23	543	0.8
23	1996	0.8
23	269	0.2
23	2795	0.4
23	1573	0.4
23	283	1.0
23	2673	0.6
23	1436	0.8
23	80	0.6
24	272	1.0
24	171	0.8
24	2888	0.8
24	4480	1.0
24	1160	1.0
24	1056	1.0
24	20	1.0
25	4470	1.0
25	4466	1.0
25	3489	0.6
25	3203	1.0
25	2134	1.0
25	3290	0.6
25	2115	1.0
25	21	0.8
25	2078	0.8
26	337	1.0
26	1228	1.0
26	2656	1.0
26	1518	1.0
27	1820	1.0
27	25	1.0
27	1032	1.0
27	44	1.0
27	1070	1.0
27	1752	1.0
27	1781	1.0
27	307	1.0
28	4428	1.0
28	378	1.0
28	2803	1.0
28	167	1.0
28	2362	1.0
28	1047	1.0
29	3128	0.8
29	4368	1.0
29	3820	1.0
29	1780	1.0
29	3255	1.0
29	989	0.6
29	1869	0.4
29	1870	0.8
29	1722	1.0
29	1165	1.0
29	1421	1.0
29	4258	0.8
29	27	0.4
29	3579	1.0
30	2739	0.8
30	1489	1.0
30	920	1.0
30	3207	1.0
30	1151	0.6
30	830	1.0
30	1291	1.0
30	1793	1.0
30	2887	1.0
30	850	1.0
30	27	0.2
30	4313	0.6
31	261	1.0
31	3788	1.0
31	4349	1.0
31	118	0.6
31	4398	1.0
32	2033	0.8
32	3094	1.0
32	2806	1.0
32	3727	1.0
32	2079	1.0
32	1144	0.8
32	30	0.8
32	1973	1.0
32	1982	0.8
32	2368	1.0
32	3833	1.0
33	2484	1.0
33	654	0.6
33	2970	0.4
33	424	0.8
33	1578	1.0
33	31	0.8
33	1289	0.8
33	452	1.0
33	2722	1.0
33	2203	0.6
33	211	0.2
34	2046	1.0
34	2550	1.0
34	1608	1.0
34	3256	1.0
34	1505	1.0
34	1804	1.0
34	1585	1.0
34	3030	1.0
34	1086	1.0
34	4642	1.0
34	4287	0.8
34	221	1.0
34	1779	1.0
34	103	1.0
34	1814	1.0
34	32	1.0
34	1807	1.0
34	2785	1.0
34	666	1.0
35	4171	0.2
35	34	1.0
35	462	1.0
35	1590	1.0
35	1512	0.8
35	1297	1.0
35	1161	1.0
35	1224	1.0
35	4174	1.0
35	581	0.8
36	3860	0.2
36	1230	0.2
36	3482	0.8
36	2801	0.6
36	3955	0.8
36	1319	0.8
36	4381	0.8
36	1659	0.2
36	3116	1.0
36	3370	0.8
36	4350	0.8
36	4615	0.2
36	619	0.2
36	2463	0.6
36	3879	0.8
36	2262	0.2
36	37	0.2
36	3566	0.6
36	4253	0.2
36	2063	1.0
36	3480	0.2
36	1666	0.8
36	1444	0.2
36	4265	0.8
36	1443	0.8
36	1442	0.2
37	466	0.6
37	2901	0.8
37	663	0.8
37	3951	1.0
37	98	0.8
38	638	1.0
38	38	0.2
38	1342	1.0
38	493	1.0
38	1325	0.2
38	92	1.0
39	39	0.2
39	3520	1.0
39	3662	1.0
39	1999	0.8
40	4378	0.8
40	3915	1.0
40	1670	1.0
40	599	1.0
40	3385	1.0
40	223	1.0
40	4222	0.6
40	353	1.0
40	3923	1.0
40	2434	0.8
40	4031	1.0
40	3399	0.8
40	3809	0.8
40	117	1.0
40	3878	1.0
40	2113	0.6
40	3786	1.0
40	48	1.0
40	134	1.0
40	1169	1.0
40	617	0.8
40	3909	1.0
40	3893	0.8
41	112	1.0
41	54	1.0
41	2514	0.8
41	3315	0.4
41	2261	1.0
41	40	1.0
41	2442	1.0
41	1607	1.0
41	93	0.8
41	2364	1.0
41	2272	0.8
42	47	1.0
42	669	1.0
42	1155	1.0
42	4142	1.0
43	50	0.8
43	4161	1.0
43	4684	0.8
43	3741	0.8
43	3599	0.8
43	860	1.0
43	2877	0.8
43	4459	0.8
43	1222	0.8
44	2101	1.0
44	1141	1.0
44	51	1.0
44	3950	1.0
44	4034	0.4
44	4571	1.0
45	52	1.0
45	114	1.0
45	549	1.0
45	706	0.8
45	4312	1.0
45	3991	1.0
45	2224	1.0
45	506	0.8
45	1799	0.8
45	4412	1.0
45	2567	1.0
45	292	1.0
45	553	0.8
45	1208	0.8
45	289	0.8
45	1683	0.8
45	293	0.8
45	3154	1.0
45	824	0.4
45	1497	1.0
45	2877	1.0
45	1432	1.0
45	3599	0.2
45	3622	0.4
45	3255	0.8
45	3372	0.6
45	1134	0.6
45	2570	1.0
45	1686	1.0
45	4161	1.0
45	703	0.8
45	4018	1.0
45	1119	1.0
45	4262	1.0
45	2183	1.0
46	3409	1.0
46	4190	0.8
46	3382	0.8
46	557	0.4
46	3379	0.4
46	428	1.0
46	2484	1.0
46	3357	1.0
46	2595	0.8
46	2384	0.8
46	4737	1.0
46	3392	1.0
46	1954	1.0
46	426	1.0
46	872	1.0
46	259	0.8
46	3375	1.0
46	3708	1.0
46	2859	1.0
46	2611	1.0
46	1221	1.0
46	4142	1.0
46	2264	1.0
46	3364	1.0
46	326	1.0
46	3831	1.0
46	3358	1.0
46	2174	1.0
46	2076	1.0
46	1100	0.8
46	2727	1.0
46	53	1.0
46	714	1.0
46	1497	1.0
46	4093	1.0
46	3669	1.0
46	4277	1.0
46	4417	1.0
46	3731	0.8
46	2857	0.8
46	1123	0.6
46	4143	0.6
46	2583	1.0
46	556	1.0
46	2245	1.0
46	3366	1.0
46	4707	1.0
47	2168	0.8
47	4685	0.8
47	2389	0.8
47	3497	0.8
47	2794	0.8
47	2370	0.8
47	761	0.6
47	2245	1.0
47	3178	1.0
47	2859	0.8
47	651	0.8
47	3253	0.8
47	2387	0.8
47	1497	1.0
47	3132	0.6
47	53	0.8
47	4756	0.8
48	1751	1.0
48	4025	0.8
48	3170	1.0
48	3653	1.0
48	4076	1.0
48	3868	1.0
48	585	0.8
48	1749	1.0
48	637	1.0
48	245	1.0
48	54	1.0
48	1750	1.0
48	2545	1.0
48	4034	1.0
48	2833	1.0
48	1929	1.0
48	3468	1.0
48	2189	1.0
48	3685	0.6
48	1115	0.8
48	4187	0.8
48	1865	0.8
49	768	1.0
49	62	1.0
49	781	1.0
49	308	0.8
49	55	0.4
49	1386	1.0
49	1389	0.6
50	140	1.0
50	967	0.8
50	604	0.6
50	56	1.0
50	1352	1.0
50	1301	0.8
51	57	0.8
51	1730	1.0
51	480	1.0
51	465	1.0
52	479	0.6
52	961	1.0
52	4050	1.0
52	127	1.0
52	362	0.8
53	3123	0.8
53	281	1.0
53	1349	0.8
53	59	1.0
54	1759	1.0
54	1486	1.0
54	92	1.0
54	2350	1.0
54	539	1.0
54	1084	1.0
54	2291	1.0
54	915	1.0
54	2125	1.0
54	2355	1.0
54	1410	1.0
54	4524	1.0
54	64	1.0
54	1208	1.0
54	1516	1.0
54	1892	1.0
54	931	1.0
54	2885	1.0
54	206	1.0
55	4487	1.0
55	187	1.0
55	153	1.0
55	4488	1.0
55	1805	1.0
55	2534	1.0
55	3608	1.0
55	1218	1.0
55	192	1.0
55	241	1.0
55	1661	1.0
55	260	1.0
55	137	1.0
55	389	1.0
55	115	0.2
55	280	1.0
55	1814	1.0
55	1313	1.0
56	244	1.0
56	68	1.0
56	4433	0.8
56	247	1.0
56	3085	1.0
56	1746	0.8
56	1637	0.8
56	121	1.0
56	1977	0.8
56	77	0.8
56	809	1.0
56	3187	1.0
56	4042	1.0
56	415	0.8
56	2773	1.0
57	4271	0.8
57	3031	0.8
57	70	0.4
57	4045	1.0
58	4682	1.0
58	70	1.0
58	2369	1.0
58	4073	1.0
58	394	1.0
58	3455	1.0
58	117	1.0
58	4704	1.0
58	4746	1.0
58	4752	1.0
58	215	1.0
58	214	1.0
59	2423	0.6
59	71	0.8
59	2050	0.8
59	3936	0.8
59	2154	0.8
59	3179	0.8
59	122	0.6
59	3672	0.8
59	783	0.6
59	3703	0.8
59	685	0.8
59	3824	0.8
59	82	0.8
59	1538	0.6
60	151	0.8
60	73	1.0
60	260	0.8
60	2470	1.0
61	2737	0.2
61	74	1.0
61	1102	1.0
61	2780	0.6
62	1312	1.0
62	1112	0.6
62	970	1.0
62	1074	0.8
62	3234	0.8
62	4492	0.8
63	3197	1.0
63	1649	1.0
63	3317	1.0
63	2316	1.0
63	1783	1.0
63	4001	0.6
63	4362	1.0
63	2286	0.6
63	834	1.0
63	1778	0.8
63	78	1.0
63	1789	1.0
63	1117	1.0
63	1343	0.6
63	621	1.0
63	2052	0.2
64	1158	1.0
64	78	1.0
64	1597	0.8
64	3639	1.0
64	1384	1.0
64	992	0.6
64	1610	0.8
64	1346	1.0
65	3863	1.0
65	4461	1.0
65	4112	0.2
65	798	1.0
65	3629	0.4
65	165	1.0
65	3779	1.0
65	3489	1.0
65	3187	0.2
65	3885	1.0
65	3984	0.2
65	79	1.0
66	1983	0.8
66	3745	0.8
66	1930	0.8
66	3049	0.8
66	2484	0.8
66	3935	0.8
66	2801	0.8
66	846	0.8
66	2689	0.8
66	1856	0.8
67	2658	0.2
67	765	1.0
67	81	1.0
67	700	0.8
68	3721	1.0
68	2611	1.0
68	2832	1.0
68	1930	0.8
68	3339	0.8
68	1482	0.8
68	522	1.0
68	1024	0.8
68	2264	1.0
68	4430	1.0
68	2894	1.0
68	500	1.0
68	3651	0.8
68	787	1.0
68	82	1.0
68	2057	1.0
69	83	1.0
69	754	0.4
69	444	0.4
69	779	0.6
69	3559	0.2
70	84	0.8
70	141	0.8
70	262	0.8
70	367	0.8
70	186	1.0
70	4475	0.6
70	360	1.0
71	96	0.6
71	2153	1.0
71	771	0.8
71	3807	0.6
71	85	1.0
71	2886	1.0
71	833	0.8
71	920	1.0
71	3500	0.8
71	1494	1.0
71	1591	1.0
71	361	0.4
71	2228	0.8
71	2825	0.8
71	109	0.6
71	1602	1.0
71	2800	1.0
71	1188	1.0
71	1952	1.0
71	2277	1.0
71	2355	1.0
71	1496	1.0
71	888	1.0
71	219	1.0
71	1888	0.8
71	1386	0.8
71	1604	0.6
71	918	1.0
71	426	1.0
71	4132	1.0
71	3292	1.0
71	3220	1.0
71	2595	1.0
71	111	0.8
71	992	1.0
71	3011	1.0
71	1187	1.0
71	1495	1.0
71	1340	1.0
71	2978	1.0
71	2312	1.0
71	730	1.0
71	1044	0.8
71	2839	1.0
71	1240	1.0
71	575	1.0
71	1012	0.8
71	864	1.0
71	1211	1.0
71	2168	1.0
71	1199	1.0
71	4622	1.0
71	2724	1.0
71	872	1.0
71	770	0.6
71	927	1.0
71	168	1.0
71	3231	0.8
71	3157	1.0
71	2420	1.0
71	1007	0.8
71	4393	1.0
71	1308	1.0
71	1324	1.0
71	2436	0.8
71	2743	0.8
71	1948	1.0
71	626	1.0
71	3354	0.8
71	439	1.0
72	1685	1.0
72	86	1.0
72	1826	1.0
72	3621	1.0
72	1553	1.0
72	178	1.0
72	2656	1.0
72	920	1.0
72	792	1.0
72	2630	0.8
72	3847	1.0
72	2403	1.0
72	1223	0.6
72	2402	0.6
72	2485	1.0
72	801	0.4
72	4639	1.0
72	429	1.0
72	380	0.8
73	124	1.0
73	86	1.0
73	203	1.0
73	195	0.6
73	584	1.0
74	87	1.0
74	280	1.0
74	912	0.8
74	2117	0.8
74	705	0.6
74	288	0.6
74	682	1.0
74	924	1.0
74	3517	0.8
74	2637	1.0
74	704	0.6
74	1189	1.0
74	3302	1.0
74	724	1.0
74	321	0.6
75	1272	1.0
75	785	1.0
75	87	1.0
75	786	0.8
76	249	1.0
76	3445	1.0
76	1351	1.0
76	2778	1.0
76	88	0.8
76	1622	1.0
76	231	1.0
76	4064	1.0
76	274	1.0
76	2798	1.0
76	852	1.0
76	3429	0.8
76	2678	1.0
76	3411	1.0
76	1720	1.0
76	3327	0.6
76	3503	1.0
76	1777	1.0
76	3440	1.0
76	2977	1.0
76	1962	1.0
76	981	1.0
76	982	1.0
76	4413	1.0
76	884	1.0
76	1270	1.0
76	1673	1.0
76	1376	1.0
76	484	1.0
76	3740	1.0
76	828	1.0
76	1312	1.0
76	942	1.0
76	1960	1.0
76	598	1.0
76	3298	1.0
76	3675	1.0
76	3260	1.0
76	3894	1.0
76	2512	1.0
76	4457	0.6
76	3459	1.0
76	3185	0.8
76	1734	1.0
76	2649	1.0
76	2636	1.0
76	988	1.0
76	1709	1.0
76	1579	1.0
76	1327	1.0
76	1405	1.0
76	4415	0.8
76	1669	1.0
76	1991	1.0
76	4163	1.0
76	2007	1.0
76	3910	1.0
76	3495	0.8
76	89	0.2
76	1824	1.0
76	856	1.0
76	383	1.0
76	1113	1.0
76	2418	1.0
76	3114	1.0
76	1827	1.0
76	1990	1.0
76	1034	1.0
76	1942	1.0
76	3111	1.0
76	2587	0.6
76	311	1.0
76	402	1.0
76	495	1.0
76	1493	1.0
76	1676	1.0
76	1262	1.0
76	1260	1.0
76	1623	1.0
76	1855	1.0
76	570	1.0
76	3241	1.0
76	2610	0.8
76	2309	1.0
76	1391	1.0
76	595	1.0
76	338	1.0
76	3577	1.0
77	881	0.6
77	309	0.8
77	4309	0.2
77	1992	1.0
77	1605	1.0
77	802	0.6
77	384	1.0
77	2350	0.6
77	960	1.0
77	392	1.0
77	89	1.0
77	2178	0.6
77	1520	1.0
77	478	0.8
77	1326	1.0
77	4405	1.0
77	4311	0.4
77	1348	1.0
77	1234	0.6
77	1650	0.8
77	930	1.0
77	1483	1.0
77	726	1.0
77	803	0.8
77	740	0.2
77	1118	1.0
77	3549	1.0
78	1232	1.0
78	2380	0.8
78	327	0.6
78	605	0.6
78	589	0.8
78	569	0.6
78	1279	1.0
78	1281	0.8
78	341	0.6
78	2120	0.6
78	4603	1.0
78	90	0.8
78	907	0.8
79	3676	1.0
79	331	0.8
79	90	0.6
79	2858	0.6
79	1961	0.8
79	835	0.8
80	2867	0.2
80	811	1.0
80	1574	1.0
80	1144	1.0
81	92	1.0
81	732	1.0
81	3049	1.0
81	977	1.0
81	199	1.0
81	427	1.0
81	1006	1.0
82	3926	0.8
82	904	1.0
82	1741	1.0
82	1770	1.0
82	144	0.8
82	3686	1.0
82	4354	1.0
82	2912	1.0
82	870	0.8
82	1639	1.0
82	4006	1.0
82	3975	1.0
82	1568	1.0
82	463	1.0
82	1912	0.8
82	4086	1.0
82	780	0.8
82	2332	1.0
82	488	1.0
82	837	1.0
82	3969	1.0
82	3913	1.0
82	2217	1.0
82	94	0.8
82	875	1.0
82	2305	0.8
82	4165	1.0
82	3718	1.0
82	3426	1.0
82	665	0.8
82	3314	1.0
82	2454	1.0
82	2980	0.8
82	4378	0.8
82	526	1.0
83	756	1.0
83	826	1.0
83	610	1.0
83	1525	0.8
83	4159	1.0
83	3635	1.0
83	2434	1.0
83	4144	1.0
83	95	1.0
84	4723	0.8
84	3908	1.0
84	4471	1.0
84	4092	0.6
85	3651	1.0
85	3901	1.0
85	1268	0.8
85	4542	1.0
85	465	1.0
86	4238	1.0
86	100	1.0
86	4280	1.0
86	4177	1.0
86	3529	0.8
86	4758	0.8
86	2900	1.0
86	3254	1.0
86	3668	1.0
87	1070	1.0
87	1935	1.0
87	4024	0.4
87	369	0.8
87	414	0.2
87	434	0.6
88	3108	1.0
88	3137	1.0
88	2839	1.0
88	4593	1.0
89	3516	0.8
89	2315	0.8
89	2676	1.0
89	3605	0.8
90	3948	1.0
90	1083	1.0
90	255	0.8
90	555	1.0
90	2484	0.6
90	114	1.0
90	3263	0.4
90	2967	0.6
90	3627	1.0
90	2718	0.2
90	522	1.0
91	1666	1.0
91	931	1.0
91	2550	1.0
91	1079	1.0
91	1595	1.0
91	564	1.0
91	2293	1.0
91	1560	1.0
91	743	1.0
91	2289	1.0
91	1559	1.0
91	996	1.0
91	1469	1.0
91	1514	1.0
91	339	1.0
91	101	1.0
91	1396	1.0
91	693	1.0
91	1317	1.0
91	1819	1.0
91	2919	1.0
92	2392	0.6
92	1445	0.8
92	1440	1.0
92	2606	1.0
92	1559	0.8
92	1171	0.2
92	2443	1.0
92	101	0.8
92	1555	0.8
93	102	1.0
93	418	1.0
93	1474	1.0
93	474	1.0
94	105	0.4
94	799	0.8
94	552	1.0
94	716	1.0
94	466	1.0
94	574	1.0
95	347	0.4
95	466	1.0
95	169	1.0
95	234	0.6
95	106	0.2
95	528	0.2
95	2783	1.0
95	2036	1.0
96	1787	0.2
96	2195	0.2
96	107	0.2
96	1243	1.0
96	2922	1.0
96	2008	0.2
97	529	0.8
97	2400	1.0
97	396	1.0
97	108	1.0
97	734	1.0
97	1147	0.8
97	395	0.6
97	1863	1.0
97	1675	1.0
97	280	1.0
97	312	1.0
97	286	0.6
97	592	1.0
97	1367	1.0
98	862	1.0
98	475	1.0
98	1002	1.0
98	4423	1.0
98	4564	1.0
98	109	1.0
98	4122	1.0
98	2129	1.0
99	109	0.6
99	3701	1.0
99	287	0.6
99	766	1.0
99	2353	1.0
99	4627	0.8
100	4550	1.0
100	709	0.6
100	4553	1.0
100	4549	1.0
101	1435	1.0
101	4535	1.0
101	109	1.0
101	722	1.0
101	243	1.0
101	4481	1.0
102	3172	1.0
102	343	0.2
102	451	1.0
102	3105	0.4
102	920	1.0
102	202	1.0
102	155	0.6
102	3190	0.2
102	2830	0.2
102	1022	1.0
102	285	0.2
102	3199	1.0
102	3568	0.8
102	1703	0.2
102	2753	1.0
102	958	1.0
102	2329	1.0
102	235	0.2
102	3194	0.2
102	2485	1.0
102	297	1.0
102	4498	0.2
102	2622	0.2
102	1621	1.0
102	524	1.0
102	386	1.0
102	3477	1.0
102	756	1.0
102	425	0.8
102	163	1.0
102	109	0.8
103	4036	1.0
103	4119	1.0
103	2214	1.0
103	4580	0.8
103	3811	1.0
103	125	1.0
104	248	1.0
104	109	1.0
104	677	1.0
104	1693	1.0
105	1023	1.0
105	866	1.0
105	1648	1.0
105	109	1.0
106	2710	1.0
106	3695	1.0
106	3087	1.0
106	109	0.8
107	3257	1.0
107	4446	1.0
107	109	1.0
107	1829	1.0
107	3533	1.0
107	223	1.0
107	571	0.8
107	513	0.6
108	2087	1.0
108	4114	0.8
108	4057	0.8
108	109	0.8
108	2061	0.8
109	136	1.0
109	920	1.0
109	3155	1.0
109	2513	0.8
109	678	1.0
109	2484	0.6
110	4308	1.0
110	109	1.0
110	886	1.0
110	2013	0.6
111	2159	1.0
111	1064	1.0
111	534	0.6
111	1062	1.0
111	109	1.0
111	1921	1.0
111	3546	1.0
111	4645	1.0
111	2055	1.0
111	2565	1.0
111	1952	1.0
112	121	1.0
112	2132	1.0
112	126	1.0
112	3983	1.0
113	2797	1.0
113	646	0.6
113	109	0.6
113	934	0.8
113	2002	0.6
114	2948	1.0
114	1468	1.0
114	830	1.0
114	580	1.0
114	2837	1.0
114	109	1.0
114	1094	1.0
115	1503	0.8
115	110	0.8
115	3464	1.0
115	4335	1.0
116	113	0.8
116	2429	0.8
116	2251	1.0
116	832	0.8
117	3783	1.0
117	4478	1.0
117	4418	1.0
117	2718	1.0
117	2484	1.0
117	2852	1.0
117	114	1.0
117	2028	0.6
117	875	1.0
117	2250	1.0
117	1040	1.0
117	3899	1.0
117	905	1.0
118	1141	1.0
118	2693	1.0
118	116	1.0
118	2188	1.0
118	3822	1.0
118	3026	1.0
118	3052	1.0
119	891	0.8
119	1613	0.8
119	4559	0.6
119	2453	1.0
119	859	1.0
119	830	1.0
119	1059	1.0
119	2025	0.8
119	119	1.0
120	4749	0.8
120	120	0.6
120	697	0.6
120	4601	0.8
120	2086	0.8
120	2024	0.8
120	1771	0.8
120	3981	0.8
120	2330	1.0
121	2874	0.8
121	1510	0.8
121	4172	0.8
121	252	0.6
121	123	1.0
121	4332	1.0
121	1508	0.8
121	1898	0.8
122	3272	1.0
122	129	1.0
122	4169	1.0
122	4359	1.0
122	368	0.8
123	2478	1.0
123	4097	0.8
123	4066	0.2
123	4519	0.8
123	3646	0.8
123	130	0.4
123	520	0.8
124	1201	1.0
124	131	1.0
124	154	1.0
124	1143	0.2
124	1290	0.2
124	2263	1.0
124	600	1.0
124	2237	1.0
124	2362	1.0
124	1142	0.4
124	3838	1.0
125	1318	0.8
125	848	1.0
125	4286	1.0
125	4366	1.0
125	4401	1.0
125	3703	1.0
126	579	1.0
126	546	1.0
126	2108	1.0
126	133	0.2
127	3584	1.0
127	135	1.0
127	3247	0.4
127	2440	1.0
127	4741	0.4
128	322	1.0
128	18	1.0
128	137	1.0
128	635	1.0
129	1641	1.0
129	633	0.6
129	1426	1.0
129	2821	1.0
129	138	0.6
129	1227	1.0
130	3853	0.6
130	3612	1.0
130	2005	1.0
130	4007	1.0
130	3872	0.4
130	4044	1.0
130	4005	1.0
130	1585	1.0
130	1671	1.0
130	3833	0.6
130	3016	1.0
130	1507	1.0
130	3819	1.0
130	1385	1.0
130	3072	1.0
130	3973	1.0
130	3583	1.0
130	4317	1.0
130	1757	0.6
130	3800	1.0
130	4070	1.0
130	1696	0.8
130	1998	1.0
130	3416	1.0
130	3801	0.6
130	2923	0.4
130	4223	1.0
130	3325	1.0
130	2582	1.0
130	138	0.6
130	3649	1.0
130	1773	0.6
130	2226	0.2
130	3802	0.8
130	3521	0.6
131	2908	0.2
131	1476	1.0
131	979	0.8
131	2942	0.2
131	176	0.2
131	1341	1.0
131	2370	1.0
131	137	0.8
132	137	1.0
132	244	1.0
132	796	1.0
132	266	1.0
132	2241	1.0
132	2253	1.0
133	295	1.0
133	139	1.0
133	155	1.0
133	271	1.0
133	546	1.0
133	447	1.0
133	260	1.0
134	3890	0.6
134	312	0.8
134	1955	0.8
134	4515	0.6
134	142	0.8
135	1880	1.0
135	143	1.0
135	236	1.0
135	2538	1.0
135	2145	1.0
135	3902	1.0
135	3158	1.0
136	1839	1.0
136	2446	1.0
136	398	1.0
136	3002	1.0
136	143	1.0
136	2369	1.0
136	1092	1.0
137	304	0.4
137	2431	1.0
137	3342	1.0
137	2942	1.0
138	1350	0.8
138	2821	1.0
138	3628	0.2
138	861	0.8
138	147	1.0
139	4703	0.4
139	4168	1.0
139	1927	1.0
139	398	1.0
139	148	1.0
140	905	1.0
140	2077	1.0
140	3657	1.0
140	149	1.0
141	3135	1.0
141	2564	1.0
141	3244	1.0
141	3830	1.0
141	2731	1.0
141	3850	0.8
141	3652	1.0
141	3430	1.0
141	3093	1.0
141	3001	0.8
141	2623	1.0
141	3279	0.8
141	2305	1.0
141	3113	1.0
141	3492	0.4
141	2953	1.0
141	2491	1.0
141	3705	1.0
141	3146	1.0
141	3060	0.8
141	3742	0.8
141	3905	0.8
141	2843	1.0
141	2575	1.0
141	3301	0.6
141	3607	1.0
141	2668	1.0
141	2674	1.0
141	3102	1.0
141	2705	0.8
141	2980	0.6
141	2932	1.0
141	3355	1.0
141	3099	1.0
141	3413	1.0
141	3663	1.0
141	4091	1.0
141	149	1.0
141	3536	1.0
141	3044	1.0
141	2743	0.6
141	3709	1.0
141	3964	0.6
141	3242	1.0
141	3845	1.0
141	3746	1.0
141	2177	0.8
141	2211	1.0
141	3730	0.8
141	2808	1.0
141	3281	1.0
141	4105	1.0
141	2883	1.0
141	2737	1.0
141	4103	1.0
141	4686	1.0
141	1340	1.0
141	3926	0.8
141	3650	1.0
141	1581	1.0
141	3982	0.8
141	239	1.0
141	2554	0.6
141	3422	1.0
141	3596	1.0
142	388	1.0
142	497	1.0
142	911	1.0
142	149	1.0
142	213	1.0
142	220	0.6
143	1449	1.0
143	150	0.8
143	160	1.0
143	820	1.0
143	776	0.6
143	457	1.0
143	758	0.8
144	3785	1.0
144	152	1.0
144	2122	1.0
144	3858	1.0
144	845	1.0
144	2389	1.0
144	709	1.0
144	191	1.0
144	3555	1.0
145	4346	1.0
145	154	1.0
145	577	1.0
145	2363	1.0
145	3316	1.0
145	2477	1.0
145	2374	1.0
145	2032	1.0
145	4662	0.8
145	2480	0.4
145	1259	1.0
146	4264	0.6
146	4612	1.0
146	3917	1.0
146	4276	1.0
147	4495	1.0
147	4520	1.0
147	1000	1.0
147	1402	1.0
147	4570	1.0
147	1401	1.0
147	1582	1.0
147	1110	1.0
148	892	1.0
148	160	1.0
148	158	1.0
148	504	0.8
149	1093	1.0
149	161	1.0
149	1930	0.4
149	2904	0.6
150	2074	0.4
150	4111	0.6
150	162	1.0
150	4072	1.0
150	1807	0.2
150	2194	1.0
150	1757	1.0
150	4216	0.4
151	530	1.0
151	4345	1.0
151	162	1.0
151	212	0.6
151	677	1.0
151	2860	1.0
151	4297	1.0
151	2001	1.0
152	164	0.4
152	1168	0.8
152	3410	0.8
152	348	0.4
152	3462	0.4
153	1749	1.0
153	2474	1.0
153	686	1.0
153	680	1.0
153	1693	1.0
153	1079	1.0
153	1802	1.0
153	1089	1.0
153	2102	0.4
153	166	1.0
154	166	0.6
154	1152	0.8
154	1338	0.8
154	4055	1.0
154	471	1.0
154	228	0.8
155	1354	0.2
155	2697	1.0
155	168	0.6
155	670	1.0
155	386	1.0
155	1930	1.0
155	2180	0.2
155	3810	0.8
155	2801	0.2
155	1751	1.0
155	1412	1.0
156	479	0.2
156	786	0.2
156	169	0.2
156	2484	0.6
157	3949	1.0
157	953	0.2
157	1631	0.8
157	1909	0.8
157	3759	1.0
157	354	0.2
157	3303	1.0
157	3955	1.0
157	3149	0.8
157	169	0.6
157	284	1.0
157	350	0.6
157	1120	0.8
157	3243	0.2
157	1206	0.6
158	224	0.8
158	2805	0.4
158	2549	0.8
158	2068	0.8
158	3895	1.0
158	733	1.0
158	170	0.8
158	2499	0.8
158	3452	0.8
159	3424	0.8
159	3774	1.0
159	1443	0.8
159	268	1.0
159	1755	1.0
159	2090	0.8
159	2001	1.0
159	189	0.8
159	4043	1.0
159	3155	1.0
159	1972	0.8
159	171	0.6
160	1219	1.0
160	836	0.8
160	172	0.2
160	920	1.0
161	923	1.0
161	766	0.8
161	173	0.8
161	850	1.0
161	1264	0.8
161	4272	1.0
161	620	1.0
161	4360	1.0
162	2209	0.8
162	3083	0.6
162	173	1.0
162	1450	0.6
162	1477	1.0
162	2574	1.0
163	1278	1.0
163	1814	0.8
163	4034	1.0
163	2615	0.8
163	2603	1.0
163	174	0.2
163	2624	1.0
163	2947	1.0
163	3052	0.4
164	4205	1.0
164	1879	1.0
164	1806	1.0
164	2424	0.6
164	267	1.0
164	177	1.0
164	1837	1.0
164	2407	1.0
165	4213	1.0
165	3502	1.0
165	179	0.8
165	3765	1.0
166	180	1.0
166	430	1.0
166	184	0.8
166	1420	1.0
167	3786	0.6
167	316	1.0
167	3351	1.0
167	2365	1.0
167	2066	1.0
167	181	1.0
167	969	1.0
167	3757	0.4
167	1352	1.0
168	3461	0.4
168	516	1.0
168	2242	1.0
168	3444	0.6
168	358	1.0
168	183	1.0
168	3538	1.0
168	3285	1.0
169	4717	1.0
169	1983	1.0
169	1089	1.0
169	2105	1.0
169	207	1.0
169	1930	1.0
169	185	1.0
170	1424	1.0
170	1895	0.6
170	683	1.0
170	187	1.0
170	2221	0.6
170	3043	0.8
170	3248	0.8
170	3614	0.2
170	3563	1.0
170	4744	0.6
170	3306	0.8
170	916	0.8
171	188	1.0
171	677	0.8
171	1836	1.0
171	2988	0.8
172	1042	1.0
172	3761	0.6
172	189	0.8
172	2380	0.8
172	2181	0.8
172	2080	0.8
172	3772	0.8
172	558	0.8
173	3889	1.0
173	1457	1.0
173	3441	0.4
173	2861	0.2
173	190	1.0
173	3776	1.0
173	3787	1.0
173	4197	0.6
173	2515	0.6
173	4724	0.6
173	375	0.8
173	408	1.0
173	2836	1.0
173	4416	1.0
173	2602	1.0
173	1760	0.8
173	3768	0.6
173	1207	1.0
173	276	0.6
173	1758	0.6
173	3866	1.0
173	365	1.0
173	2297	0.2
173	3488	1.0
173	3779	0.6
173	2593	0.6
174	4681	1.0
174	193	1.0
174	4503	1.0
174	842	1.0
174	4666	1.0
174	1913	1.0
175	860	0.8
175	4385	1.0
175	4373	1.0
175	4425	1.0
175	914	0.4
175	2823	1.0
175	192	1.0
175	4066	1.0
176	194	1.0
176	195	1.0
176	2138	1.0
176	2600	1.0
176	3992	0.8
176	1502	0.8
177	1870	0.8
177	196	0.4
177	1884	0.8
177	1812	0.6
178	2903	1.0
178	1701	0.4
178	1383	1.0
178	303	0.8
178	2014	0.6
178	2100	1.0
179	1028	1.0
179	625	1.0
179	198	0.8
179	573	1.0
179	676	0.6
179	369	1.0
180	302	1.0
180	1131	1.0
180	755	0.2
180	2661	1.0
180	2216	1.0
180	200	1.0
181	4537	1.0
181	1722	1.0
181	201	1.0
181	1232	1.0
181	1145	1.0
182	1950	0.8
182	4600	0.8
182	2438	1.0
182	1088	0.8
182	1215	0.8
182	204	1.0
182	1492	0.6
182	438	1.0
182	525	1.0
182	545	0.6
182	1167	0.4
182	4173	0.6
182	1502	0.8
182	896	0.8
182	1416	0.8
182	870	0.6
183	1337	1.0
183	2984	0.6
183	3159	0.6
183	1893	1.0
183	637	0.6
183	425	1.0
183	3144	0.8
183	208	1.0
184	845	0.8
184	1693	0.6
184	3009	0.8
184	3048	1.0
184	2470	0.8
184	2029	0.8
184	1865	1.0
184	1614	1.0
184	679	1.0
185	210	0.8
185	623	1.0
185	2362	1.0
185	2484	1.0
185	987	1.0
185	690	1.0
185	809	0.8
185	353	1.0
185	2557	0.2
185	232	1.0
185	911	1.0
186	425	0.8
186	917	1.0
186	1575	0.6
186	955	0.6
186	211	0.8
186	371	0.8
187	2558	0.8
187	3240	1.0
187	212	1.0
187	1154	1.0
187	3278	0.8
187	3244	1.0
187	3629	1.0
187	3508	0.6
187	3134	1.0
187	330	0.8
187	4244	0.8
187	1670	1.0
187	1567	0.2
187	2886	0.8
187	3814	1.0
187	3276	1.0
187	3465	1.0
187	3186	1.0
187	3570	0.8
187	3222	1.0
187	2945	1.0
187	274	1.0
187	3123	1.0
187	3050	0.8
187	323	0.8
187	3509	0.8
187	3012	1.0
187	3815	1.0
187	3119	0.8
187	3043	1.0
187	3427	1.0
187	3488	0.8
188	728	0.8
188	553	1.0
188	3142	1.0
188	1975	1.0
188	2344	1.0
188	215	1.0
188	1608	1.0
189	3102	1.0
189	2568	1.0
189	2986	0.8
189	3209	1.0
189	2564	1.0
189	3869	1.0
189	2573	0.4
189	3527	0.8
189	2981	0.8
189	3997	1.0
189	775	1.0
189	218	1.0
189	3136	0.8
189	3431	1.0
189	3568	1.0
189	3001	1.0
189	3135	1.0
189	3352	1.0
189	2381	0.8
190	155	0.8
190	3103	0.6
190	531	0.8
190	2362	0.8
190	4493	0.8
190	224	0.8
191	246	0.2
191	3733	1.0
191	2149	0.4
191	559	0.4
191	225	0.4
192	4134	0.8
192	4002	0.6
192	4080	1.0
192	4254	1.0
192	227	0.6
192	3802	1.0
192	4070	1.0
192	3557	1.0
192	2280	0.6
192	4069	1.0
193	1135	1.0
193	2266	1.0
193	1845	1.0
193	3076	0.8
193	3468	0.4
193	2252	1.0
193	1104	1.0
193	229	1.0
194	272	0.2
194	4439	1.0
194	381	1.0
194	452	1.0
194	230	0.2
194	3008	1.0
195	3992	1.0
195	4473	0.8
195	4242	1.0
195	4440	1.0
195	4235	1.0
195	230	1.0
195	4085	1.0
196	230	1.0
196	3346	1.0
196	4279	1.0
196	1454	1.0
196	1508	1.0
196	2021	1.0
197	1533	1.0
197	1469	1.0
197	3645	1.0
197	677	1.0
197	4285	1.0
197	230	1.0
197	1585	1.0
197	3295	1.0
198	678	1.0
198	230	1.0
198	932	1.0
198	671	1.0
199	441	1.0
199	232	0.6
199	518	0.2
199	1933	0.8
200	1934	1.0
200	1586	0.6
200	4544	1.0
200	232	1.0
200	759	1.0
200	547	0.8
201	3321	0.2
201	329	0.8
201	3401	1.0
201	674	1.0
201	4127	1.0
202	469	1.0
202	259	1.0
202	1841	1.0
202	3686	1.0
202	233	1.0
202	1536	1.0
202	2213	1.0
202	1589	1.0
202	419	0.8
202	2853	1.0
202	4222	0.2
202	2933	1.0
203	897	1.0
203	826	1.0
203	1209	1.0
203	1398	0.4
204	1836	0.6
204	4090	0.8
204	238	0.8
204	460	1.0
204	3593	0.8
204	1838	0.8
204	535	0.8
204	458	1.0
205	641	0.4
205	240	0.8
205	1733	0.8
205	3326	1.0
205	3303	1.0
206	2645	0.6
206	1438	0.8
206	1573	0.4
206	241	0.4
206	756	0.8
206	4690	0.6
206	3701	1.0
206	1320	0.6
206	874	0.8
206	487	0.8
206	2471	0.8
207	2484	1.0
207	1836	1.0
207	1783	1.0
207	242	1.0
208	244	0.8
208	2312	0.6
208	4624	1.0
208	3121	0.2
209	4472	1.0
209	2723	0.8
209	4460	1.0
209	244	0.6
209	4465	1.0
210	1721	1.0
210	1210	1.0
210	1769	0.8
210	1013	0.4
210	1713	0.4
210	507	0.2
210	2194	1.0
210	2000	0.2
210	1182	1.0
210	2261	0.8
210	748	0.4
210	1774	1.0
210	1810	0.4
210	708	1.0
210	2508	1.0
210	2597	0.2
210	1363	0.8
210	678	1.0
210	2378	1.0
210	1719	1.0
210	244	0.8
210	1137	1.0
210	1813	0.2
210	720	1.0
210	2010	1.0
210	1958	1.0
211	247	0.6
211	2547	1.0
211	1352	1.0
211	1407	1.0
212	248	0.8
212	1129	0.8
212	2198	0.8
212	4719	1.0
212	2332	0.6
212	3145	0.8
212	3006	0.6
212	2833	1.0
213	249	0.6
213	3288	0.4
213	1184	1.0
213	954	0.4
214	2337	0.4
214	1844	0.2
214	3466	1.0
214	3784	0.4
214	4073	1.0
214	2461	0.4
214	2214	0.4
214	2484	1.0
214	250	1.0
214	2458	1.0
214	4451	1.0
214	446	0.6
214	2477	0.4
214	4301	1.0
214	2234	0.4
214	4351	0.4
214	2483	0.6
214	2869	1.0
214	1222	0.8
214	1439	1.0
214	2004	1.0
214	2096	1.0
214	2758	1.0
214	2462	0.2
214	1649	1.0
214	3552	0.4
214	3648	1.0
214	2207	0.2
214	476	1.0
214	4268	1.0
214	3303	0.6
215	1422	0.8
215	873	0.6
215	297	1.0
215	251	0.6
216	1256	1.0
216	649	1.0
216	253	1.0
216	1122	1.0
216	3126	1.0
217	3960	1.0
217	4291	1.0
217	3828	1.0
217	2422	1.0
217	3173	1.0
217	2430	0.2
218	1674	1.0
218	2142	1.0
218	916	1.0
218	1601	1.0
218	967	1.0
218	334	1.0
218	4416	1.0
218	256	1.0
218	4323	1.0
218	2353	1.0
218	474	0.6
218	3107	1.0
218	615	1.0
218	423	1.0
218	551	1.0
219	899	0.8
219	2269	0.8
219	259	0.6
219	1632	1.0
219	1052	1.0
219	891	0.6
219	4679	1.0
220	1697	0.6
220	597	0.8
220	279	0.8
220	3705	1.0
221	328	1.0
221	264	1.0
221	4136	1.0
221	2570	1.0
221	681	1.0
222	1945	1.0
222	489	0.8
222	865	0.8
222	264	0.6
222	879	0.8
223	4728	1.0
223	742	0.2
223	2543	1.0
223	265	1.0
223	2308	0.2
223	4726	0.4
223	269	0.2
223	3009	1.0
223	2921	0.4
223	3029	0.4
223	3250	1.0
223	267	0.6
223	1315	1.0
223	1363	0.4
223	2155	0.8
224	4747	1.0
224	266	1.0
224	4438	1.0
224	2665	1.0
225	3703	1.0
225	3074	0.4
225	269	0.4
225	3590	0.6
226	3291	1.0
226	3732	1.0
226	3954	1.0
226	3051	1.0
226	2259	1.0
226	2116	1.0
226	3275	1.0
227	2868	1.0
227	270	0.6
227	1885	1.0
227	1965	1.0
228	3769	0.8
228	4283	0.8
228	3797	0.8
228	3773	0.8
228	4290	0.8
228	1709	0.8
228	3920	0.8
228	1740	0.8
228	3734	0.8
228	3260	0.8
228	1470	0.6
228	3873	0.8
228	3968	0.8
228	4104	0.8
228	272	0.4
228	4084	1.0
228	2821	0.6
228	1535	1.0
228	3770	0.8
229	523	0.4
229	1749	1.0
229	1585	1.0
229	1809	0.8
229	273	0.6
230	736	1.0
230	275	0.6
230	4303	0.8
230	4318	0.8
230	762	0.8
230	4286	0.8
230	1620	0.8
231	4018	1.0
231	3991	1.0
231	920	1.0
231	3609	1.0
231	277	0.8
231	3645	1.0
231	3578	1.0
231	1452	1.0
232	799	0.2
232	986	0.2
232	788	0.2
232	1264	1.0
232	277	0.6
232	4431	1.0
233	2401	0.6
233	2278	1.0
233	1071	0.8
233	287	1.0
234	1186	0.8
234	1307	1.0
234	3189	1.0
234	589	0.8
234	3202	1.0
234	288	1.0
234	966	1.0
234	1089	0.8
235	1458	0.8
235	291	0.4
235	4325	0.6
235	290	0.2
236	1731	0.6
236	1363	1.0
236	660	1.0
236	1695	0.6
237	301	1.0
237	946	1.0
237	2095	1.0
237	1517	1.0
237	296	1.0
238	1585	1.0
238	2442	1.0
238	2422	1.0
238	855	1.0
238	2082	1.0
238	687	0.4
238	2258	1.0
238	3812	0.2
238	3154	1.0
238	3991	1.0
238	298	1.0
238	778	0.2
238	677	0.6
238	1958	1.0
238	2686	1.0
239	299	1.0
239	891	0.6
239	4073	1.0
239	850	1.0
240	3448	1.0
240	2527	1.0
240	2638	1.0
240	1073	1.0
240	2791	1.0
240	305	1.0
240	3204	1.0
241	894	0.8
241	306	0.2
241	3888	0.4
241	1298	0.4
242	2019	0.2
242	401	0.8
242	417	0.8
242	306	0.8
242	568	0.8
243	1684	0.6
243	2611	1.0
243	310	0.8
243	1704	1.0
243	2264	1.0
244	1585	1.0
244	3573	1.0
244	2958	1.0
244	494	1.0
244	4433	1.0
244	2098	1.0
244	2162	1.0
244	4071	1.0
244	3753	0.4
244	2963	1.0
244	313	1.0
244	1685	1.0
244	1264	1.0
244	4432	1.0
244	4461	1.0
244	3961	1.0
244	1784	1.0
245	2260	1.0
245	3049	1.0
245	388	0.6
245	887	1.0
245	3879	1.0
245	2334	1.0
245	3067	1.0
245	1898	1.0
245	1482	1.0
245	1350	1.0
245	1710	1.0
245	4269	1.0
246	1953	0.2
246	2648	1.0
246	2293	0.8
246	945	0.8
246	1515	1.0
246	2787	1.0
246	891	0.8
246	496	0.6
246	2819	0.8
246	2250	1.0
246	2931	0.8
246	756	0.4
246	4228	1.0
246	2634	0.8
246	2529	0.8
246	4118	0.4
246	315	0.8
246	1809	1.0
247	1399	1.0
247	3265	0.4
247	715	0.8
247	944	0.6
247	1461	0.8
247	1603	1.0
247	1576	1.0
247	1537	0.8
247	1931	1.0
247	1699	1.0
247	4567	1.0
247	317	1.0
248	2378	0.8
248	346	1.0
248	693	1.0
248	324	0.6
249	1258	1.0
249	319	1.0
249	365	1.0
249	4342	1.0
250	3758	1.0
250	1855	1.0
250	3056	1.0
250	4252	1.0
250	1271	1.0
250	2974	1.0
250	512	0.6
250	320	1.0
250	2790	1.0
250	3750	1.0
250	3243	0.8
250	2855	1.0
250	2325	0.8
251	1530	0.8
251	2697	1.0
251	4467	1.0
251	850	1.0
251	325	1.0
252	1484	1.0
252	327	1.0
252	3548	0.8
252	858	1.0
252	2002	1.0
252	613	1.0
253	2266	1.0
253	2341	1.0
253	328	0.6
253	2779	1.0
253	2245	1.0
253	98	1.0
254	879	1.0
254	468	0.6
254	778	1.0
254	329	1.0
254	3433	0.8
254	788	1.0
254	2788	0.8
254	912	1.0
255	2261	1.0
255	3037	1.0
255	1557	1.0
255	1352	0.8
256	1631	1.0
256	1008	1.0
256	3155	1.0
256	3197	1.0
256	3898	0.4
256	335	1.0
257	464	0.8
257	1577	1.0
257	307	0.8
257	336	0.6
257	704	0.6
258	340	0.8
258	1887	0.8
258	814	1.0
258	950	0.6
259	4511	1.0
259	341	1.0
259	1109	1.0
259	2590	1.0
260	427	1.0
260	378	1.0
260	393	1.0
260	531	1.0
261	1066	0.2
261	1077	1.0
261	342	0.2
261	503	0.2
261	377	0.8
262	2741	1.0
262	344	0.8
262	3879	1.0
262	349	0.6
262	1265	1.0
263	1071	1.0
263	875	0.6
263	3384	0.8
263	4397	0.8
263	348	0.6
263	2697	1.0
263	942	0.6
263	2484	0.4
263	1091	0.6
263	4234	0.4
264	904	1.0
264	2266	1.0
264	369	1.0
264	1145	1.0
264	1524	0.2
264	2139	1.0
264	351	0.8
265	1764	1.0
265	959	0.8
265	1393	1.0
265	2251	0.8
265	352	1.0
265	2263	1.0
265	3425	1.0
265	2336	1.0
265	1644	1.0
265	2734	1.0
266	4650	1.0
266	4239	1.0
266	1814	0.2
266	353	1.0
266	1784	1.0
266	3052	1.0
266	2006	1.0
266	4099	1.0
266	1901	1.0
267	355	0.8
267	1387	0.8
267	800	0.2
267	744	0.2
267	627	0.8
267	968	1.0
267	2548	1.0
268	3660	0.8
268	355	1.0
268	3394	1.0
268	3986	0.8
268	4170	1.0
269	3155	1.0
269	3572	1.0
269	4087	1.0
269	1350	1.0
269	356	1.0
269	2697	1.0
269	1331	1.0
269	2647	1.0
269	2353	1.0
269	921	1.0
269	2250	1.0
269	3575	1.0
270	1649	1.0
270	357	0.6
270	869	0.8
270	878	0.2
270	1291	0.6
270	883	0.6
270	1505	1.0
271	2607	1.0
271	358	1.0
271	2320	0.8
271	1660	1.0
272	2377	0.4
272	3421	0.8
272	358	0.2
272	1005	0.2
272	4209	0.8
272	4556	0.6
272	1968	0.6
273	4528	0.6
273	4754	0.6
273	4109	0.6
273	4718	0.8
273	821	0.6
273	3826	0.8
273	4261	1.0
273	4742	0.6
273	3990	1.0
273	4558	0.6
273	815	0.8
273	3373	1.0
273	2439	0.6
273	4527	0.8
273	3402	0.8
273	4636	0.8
273	3381	0.8
273	3360	0.8
273	4508	0.8
273	3367	0.8
273	3919	0.8
273	816	0.8
273	903	0.4
273	3611	0.8
273	4654	0.8
273	2154	0.8
273	4692	0.8
274	363	1.0
274	4166	1.0
274	3791	1.0
274	3714	1.0
275	1818	1.0
275	427	1.0
275	364	1.0
275	4288	1.0
275	795	1.0
275	1930	1.0
275	1528	1.0
275	3916	0.6
276	1744	1.0
276	554	0.2
276	366	1.0
276	904	1.0
277	3653	1.0
277	1870	1.0
277	3232	1.0
277	1860	1.0
277	369	1.0
278	1075	0.6
278	1776	1.0
278	2998	1.0
278	3968	0.8
278	4120	0.8
278	1460	1.0
278	2707	0.8
278	4022	0.8
278	2064	1.0
278	4121	1.0
278	4139	1.0
278	4127	0.8
278	1651	1.0
278	1511	1.0
278	2261	1.0
278	3204	1.0
278	1781	1.0
278	4234	0.8
278	2790	0.8
278	370	1.0
278	4460	0.8
278	3880	1.0
278	1921	1.0
279	4061	1.0
279	597	1.0
279	1269	1.0
279	4576	1.0
279	3670	1.0
279	371	1.0
279	4586	1.0
280	443	0.6
280	707	1.0
280	563	1.0
280	372	0.6
281	3887	0.2
281	374	0.4
281	1238	1.0
281	1894	1.0
282	664	1.0
282	1870	1.0
282	4305	0.8
282	1790	0.6
282	629	1.0
282	1947	1.0
282	695	1.0
282	1222	0.8
282	4339	0.6
282	4221	1.0
282	1268	1.0
282	1833	0.6
282	4623	1.0
282	712	1.0
282	1814	1.0
282	376	1.0
283	1823	0.4
283	2146	1.0
283	1273	0.8
283	978	1.0
283	1631	0.2
283	3974	1.0
283	760	1.0
283	937	1.0
284	492	1.0
284	2279	1.0
284	2704	1.0
284	2238	1.0
285	1972	1.0
285	3347	1.0
285	1571	1.0
285	3350	0.2
285	1486	1.0
285	4151	1.0
285	2403	1.0
285	4037	1.0
285	1617	1.0
285	2468	1.0
285	382	1.0
285	1648	1.0
285	3218	1.0
285	1505	1.0
286	2341	0.6
286	3555	1.0
286	2726	0.4
286	1376	0.4
286	1505	0.8
286	385	0.8
286	2347	0.8
286	1145	1.0
286	397	0.8
287	388	1.0
287	1069	1.0
287	1176	1.0
287	1122	1.0
287	3038	1.0
287	3152	0.6
287	4578	1.0
288	2192	1.0
288	2062	1.0
288	388	1.0
288	3017	1.0
288	2336	1.0
289	3615	1.0
289	3543	1.0
289	3447	1.0
289	2299	1.0
289	2779	1.0
289	1827	1.0
289	3049	1.0
289	388	1.0
290	3333	1.0
290	388	1.0
290	3672	1.0
290	3121	0.6
291	2047	1.0
291	4633	0.8
291	3175	1.0
291	2250	1.0
291	4365	1.0
291	1740	1.0
291	388	1.0
292	2375	1.0
292	1642	1.0
292	3494	0.6
292	905	1.0
292	3530	1.0
292	1217	1.0
292	2809	0.8
293	4047	0.8
293	3397	1.0
293	3049	1.0
293	426	0.2
293	1406	0.4
294	400	1.0
294	1870	1.0
294	632	0.8
294	624	0.8
294	2927	0.8
294	1832	0.8
294	390	1.0
294	1685	0.8
295	532	0.8
295	2164	1.0
295	2037	1.0
295	1272	1.0
295	1005	1.0
295	3183	1.0
295	2149	1.0
295	393	0.8
296	1870	1.0
296	1585	1.0
296	397	1.0
296	1748	1.0
296	1392	1.0
297	397	1.0
297	3864	1.0
297	3321	0.4
297	3645	1.0
298	4665	1.0
298	1080	1.0
298	1157	1.0
298	4123	1.0
298	397	1.0
298	957	1.0
299	398	0.6
299	4015	1.0
299	3511	1.0
299	2406	1.0
299	3353	0.2
300	3319	1.0
300	3334	1.0
300	1631	0.8
300	398	0.6
300	1122	0.8
300	3255	1.0
301	1397	1.0
301	1993	1.0
301	3216	1.0
301	1302	1.0
301	2656	1.0
301	2959	1.0
301	2233	1.0
301	1611	1.0
301	2503	1.0
301	2647	1.0
301	2167	1.0
301	640	1.0
301	696	0.2
301	2319	1.0
301	4714	1.0
301	3806	1.0
301	2578	1.0
301	1944	1.0
302	615	1.0
302	1498	1.0
302	937	1.0
302	2891	1.0
302	517	1.0
302	1434	1.0
302	435	1.0
302	1499	1.0
302	1738	1.0
302	1440	1.0
302	1547	1.0
302	411	0.6
302	399	1.0
302	1454	1.0
303	1125	1.0
303	1821	1.0
303	398	1.0
303	2011	1.0
303	4646	1.0
303	2917	1.0
303	1951	0.8
303	3666	0.6
303	2121	1.0
303	3181	1.0
304	1714	1.0
304	1148	1.0
304	2060	1.0
304	3550	1.0
304	1554	1.0
305	2628	1.0
305	403	0.6
305	420	1.0
305	1319	1.0
305	2627	0.2
305	513	1.0
305	1069	1.0
305	3095	1.0
305	871	1.0
305	3255	1.0
306	432	1.0
306	1706	1.0
306	459	1.0
306	1731	1.0
306	2104	1.0
306	1366	1.0
307	1211	0.6
307	1194	1.0
307	405	1.0
307	777	1.0
308	3455	1.0
308	407	1.0
308	3344	1.0
308	3565	1.0
308	3603	1.0
309	3139	1.0
309	2128	0.6
309	548	0.8
309	2990	0.6
309	412	0.6
310	1715	1.0
310	2414	1.0
310	1081	1.0
310	1511	1.0
310	737	1.0
310	1606	1.0
310	1144	1.0
310	1070	1.0
310	2662	1.0
310	750	1.0
310	2577	1.0
310	413	1.0
310	2399	1.0
310	763	1.0
310	647	1.0
310	431	1.0
310	2274	1.0
310	2459	1.0
311	876	1.0
311	890	1.0
311	3403	1.0
311	4388	1.0
311	2851	1.0
311	4512	1.0
311	413	1.0
311	3884	1.0
311	1545	1.0
311	3556	0.8
312	416	1.0
312	454	1.0
312	975	1.0
312	848	1.0
312	455	0.4
312	1062	1.0
313	2621	0.2
313	845	0.6
313	2016	1.0
313	418	0.2
314	1480	1.0
314	998	1.0
314	464	1.0
314	418	1.0
314	1672	1.0
315	1236	0.8
315	1019	0.8
315	1897	0.8
315	4518	1.0
315	1142	1.0
315	2160	1.0
315	1304	0.6
315	2147	0.6
315	418	0.8
315	2712	0.8
315	1031	0.8
316	420	1.0
316	518	0.8
316	922	1.0
316	729	1.0
317	2826	1.0
317	3238	1.0
317	421	0.6
317	3049	1.0
317	1725	1.0
318	1742	0.4
318	2484	0.6
318	3323	1.0
318	4061	1.0
318	2747	0.2
318	3021	0.4
318	1352	0.8
318	2165	1.0
318	422	0.2
318	1301	0.6
319	425	1.0
319	1633	1.0
319	499	0.6
319	1071	1.0
319	3505	1.0
319	2709	1.0
320	4281	1.0
320	1095	1.0
320	1098	1.0
320	425	1.0
321	3743	1.0
321	1528	1.0
321	685	1.0
321	429	0.6
322	1018	1.0
322	3208	1.0
322	2484	1.0
322	905	1.0
322	2049	1.0
323	689	1.0
323	4596	0.8
323	431	0.6
323	4547	1.0
323	1396	1.0
323	4536	1.0
323	4383	1.0
323	4598	1.0
323	706	0.4
323	696	0.6
323	692	1.0
323	4621	1.0
323	720	0.4
323	1693	0.6
323	1225	1.0
323	4602	0.6
323	2797	0.4
324	875	1.0
324	1522	0.6
324	425	1.0
324	1698	1.0
324	2736	0.8
324	793	1.0
325	1069	0.6
325	436	1.0
325	4082	0.6
325	2220	0.8
326	436	1.0
326	875	1.0
326	1776	1.0
326	2150	1.0
326	1816	0.6
326	3329	1.0
327	437	1.0
327	710	1.0
327	4708	1.0
327	4300	1.0
328	442	1.0
328	4207	1.0
328	581	0.6
328	578	0.6
328	4658	1.0
328	1814	1.0
329	723	1.0
329	2954	0.6
329	587	0.8
329	804	0.8
329	1871	0.8
329	3141	0.4
329	1761	1.0
329	1314	0.8
329	769	0.8
329	448	0.6
329	3937	0.8
329	801	0.8
329	1718	0.2
329	3112	0.4
329	3266	1.0
329	2266	0.8
329	2551	0.6
329	2301	0.8
329	2427	0.8
330	4376	1.0
330	2266	1.0
330	1051	1.0
330	1163	1.0
330	449	0.8
330	1085	1.0
330	4218	1.0
331	3166	0.6
331	3143	0.8
331	453	0.8
331	841	0.6
332	2884	1.0
332	3528	1.0
332	456	1.0
332	1711	0.8
333	3764	1.0
333	4517	1.0
333	550	1.0
333	3471	1.0
333	456	1.0
333	531	1.0
333	2562	1.0
333	3304	1.0
333	3632	1.0
333	3900	1.0
334	1552	0.6
334	630	1.0
334	889	0.8
334	4108	1.0
334	3728	0.8
334	4077	1.0
334	2157	1.0
334	459	1.0
334	3724	1.0
334	4206	1.0
335	848	1.0
335	2565	1.0
335	519	1.0
335	1076	1.0
336	3106	1.0
336	1518	1.0
336	3835	1.0
336	4462	1.0
336	3513	1.0
336	2955	1.0
336	2175	1.0
336	4753	1.0
336	467	1.0
336	3977	1.0
337	4224	0.8
337	4116	0.8
337	4472	1.0
337	3404	1.0
338	2266	1.0
338	3752	1.0
338	3035	0.8
338	472	1.0
339	1086	1.0
339	1144	1.0
339	1219	1.0
339	472	1.0
340	4035	0.6
340	4022	1.0
340	477	1.0
340	4014	1.0
341	757	1.0
341	4552	1.0
341	847	1.0
341	481	1.0
342	2711	1.0
342	2176	1.0
342	1682	0.8
342	3428	1.0
342	2674	1.0
342	1213	1.0
342	1136	0.8
342	1242	0.4
342	2953	1.0
342	483	1.0
342	1918	0.8
342	3636	1.0
342	2770	0.8
342	1216	0.8
342	3821	1.0
342	486	1.0
342	4293	1.0
342	630	0.8
342	498	1.0
342	3259	0.8
342	1174	0.6
342	485	1.0
342	1707	1.0
342	3313	1.0
343	502	1.0
343	1828	1.0
343	1411	0.8
343	817	1.0
343	1641	1.0
343	1459	1.0
343	490	1.0
344	4075	1.0
344	4041	1.0
344	3941	1.0
344	3659	1.0
344	4118	1.0
344	1585	1.0
344	4409	0.4
344	3155	1.0
344	756	0.8
344	1751	1.0
344	4448	1.0
344	3325	1.0
345	3716	0.6
345	1663	1.0
345	851	0.8
345	499	0.6
346	499	1.0
346	1170	0.8
346	4110	0.8
346	3865	0.8
346	4019	0.8
346	3723	1.0
346	4094	1.0
346	4017	0.8
347	828	1.0
347	508	1.0
347	4605	1.0
347	3476	0.6
348	4539	1.0
348	642	1.0
348	2059	1.0
348	1481	1.0
348	4530	1.0
348	509	1.0
348	4533	1.0
349	2117	1.0
349	511	1.0
349	2715	0.6
349	1751	0.8
349	2170	1.0
349	1628	0.8
350	2983	1.0
350	2740	1.0
350	2846	1.0
350	2394	1.0
350	3474	1.0
350	3176	1.0
350	3236	1.0
350	2051	1.0
350	1428	1.0
350	3857	1.0
350	3696	1.0
350	514	0.6
350	2762	0.8
350	3739	1.0
350	3858	1.0
350	2474	1.0
350	2690	1.0
350	2733	1.0
350	3738	1.0
350	3976	1.0
351	4177	1.0
351	1153	1.0
351	4616	1.0
351	1214	0.4
351	4009	1.0
351	3121	0.4
351	1263	1.0
351	2504	0.6
351	3338	1.0
351	1543	1.0
351	2619	1.0
351	3228	1.0
351	3020	1.0
351	4711	0.6
351	1512	1.0
351	3229	1.0
351	2585	1.0
351	1208	0.8
351	515	1.0
352	1429	0.8
352	518	0.6
352	1069	1.0
352	3404	0.8
352	1070	0.8
352	4257	0.4
352	1309	0.6
353	1303	0.8
353	4534	1.0
353	4414	1.0
353	1999	0.8
353	520	1.0
353	4453	1.0
354	527	0.6
354	901	0.4
354	3588	0.6
354	1267	0.8
354	2881	0.8
354	2865	0.4
354	2314	0.6
354	3592	1.0
354	1500	1.0
355	1334	0.8
355	2358	0.8
355	1919	0.8
355	530	1.0
355	976	0.8
355	4538	0.8
355	3246	0.8
356	1121	1.0
356	1140	1.0
356	3586	0.8
356	1579	0.8
356	3283	0.8
356	1750	1.0
356	3449	1.0
356	1275	0.8
356	2947	1.0
356	2139	0.8
356	536	1.0
356	2599	1.0
356	2615	0.8
357	1666	1.0
357	2965	0.8
357	4018	0.8
357	4450	0.8
357	1500	1.0
357	537	0.4
358	538	1.0
358	716	1.0
358	2884	1.0
358	2584	1.0
358	4647	1.0
359	4275	1.0
359	4476	1.0
359	541	1.0
359	1648	1.0
360	4343	0.8
360	1232	1.0
360	843	1.0
360	3369	0.4
360	3985	0.4
360	4239	0.2
360	542	0.6
361	4322	1.0
361	659	0.8
361	2851	1.0
361	4215	0.6
361	3753	0.4
362	1403	1.0
362	3663	1.0
362	561	1.0
362	1441	1.0
362	1244	0.8
362	2687	1.0
362	1029	1.0
362	2702	0.6
363	562	0.6
363	1068	0.6
363	827	0.4
363	1078	1.0
363	2469	1.0
363	2496	1.0
363	2257	1.0
363	4659	1.0
363	594	1.0
363	3612	0.6
363	2131	1.0
363	2889	1.0
363	3262	0.4
364	1415	1.0
364	2230	1.0
364	2127	0.8
364	1082	0.6
364	2335	0.8
364	1840	1.0
364	4167	0.4
364	566	1.0
364	2254	1.0
364	1729	1.0
364	2041	1.0
364	1086	1.0
364	1164	1.0
364	1827	1.0
364	2419	0.2
365	2671	0.8
365	2445	1.0
365	1502	0.6
365	3015	1.0
365	2792	1.0
365	838	0.2
365	2017	0.4
365	1430	0.8
365	567	0.8
365	1854	0.2
366	3289	1.0
366	1183	1.0
366	650	1.0
366	569	1.0
367	701	1.0
367	3598	1.0
367	1448	1.0
367	582	1.0
367	2515	0.8
367	3681	0.8
367	3673	1.0
368	3687	1.0
368	2484	1.0
368	3978	0.8
368	2341	1.0
368	1500	1.0
368	2697	1.0
368	3616	1.0
368	2451	1.0
368	4047	1.0
368	3928	1.0
368	3847	1.0
368	583	1.0
368	3713	1.0
368	3649	1.0
368	3634	0.8
368	3712	1.0
368	2686	1.0
369	3000	1.0
369	611	1.0
369	2482	0.6
369	840	1.0
370	893	1.0
370	1459	1.0
370	1368	1.0
370	4256	0.2
371	590	0.8
371	3122	0.8
371	2357	0.8
371	3892	0.8
371	1176	1.0
372	1290	1.0
372	2651	0.8
372	591	1.0
372	2594	1.0
373	1036	1.0
373	596	1.0
373	1981	1.0
373	1409	1.0
373	1504	1.0
373	1687	0.2
373	2944	1.0
373	2761	1.0
373	1377	1.0
373	2089	1.0
374	3887	1.0
374	3055	1.0
374	4137	1.0
374	602	0.8
374	3027	1.0
374	1149	0.4
374	1309	1.0
374	3387	1.0
374	1144	1.0
375	1548	1.0
375	1756	1.0
375	3146	1.0
375	2980	1.0
375	3330	1.0
375	4064	1.0
375	976	0.8
375	1659	1.0
375	3001	0.8
375	985	0.8
375	1655	1.0
375	606	0.8
375	1561	1.0
375	4194	1.0
375	4609	1.0
375	3823	0.8
375	2674	1.0
375	2773	1.0
375	1592	1.0
375	2732	0.6
375	1766	1.0
375	2612	1.0
375	2378	1.0
375	1334	0.8
375	1597	0.6
375	1015	1.0
375	3011	0.6
375	4100	1.0
375	3126	1.0
375	2264	1.0
375	2276	1.0
375	2613	1.0
375	1616	1.0
375	4528	1.0
375	2886	1.0
375	2177	1.0
375	2199	1.0
375	1656	0.2
375	2379	1.0
375	2911	1.0
375	837	0.6
375	1868	1.0
375	2781	1.0
375	1598	0.8
375	3096	1.0
375	4622	1.0
375	1357	1.0
375	2228	1.0
375	2775	1.0
375	2407	0.8
375	2616	0.8
375	2594	0.8
375	4028	1.0
375	631	0.4
375	2385	1.0
375	3329	1.0
375	1347	0.8
375	1345	1.0
375	2518	1.0
375	1811	0.8
375	1141	0.6
375	1736	1.0
375	2859	1.0
375	3090	1.0
375	2840	1.0
375	1430	0.8
375	1107	1.0
375	2873	1.0
375	3355	1.0
376	4540	1.0
376	607	1.0
376	4427	1.0
376	4643	1.0
376	747	1.0
376	1927	1.0
376	907	1.0
376	2297	1.0
376	4447	1.0
377	1285	1.0
377	916	0.6
377	1649	1.0
377	3052	1.0
377	1709	1.0
377	1469	1.0
377	4360	1.0
377	2509	1.0
377	1456	1.0
377	1505	1.0
377	1069	1.0
377	2831	1.0
377	608	0.8
377	2719	1.0
377	2542	1.0
377	2588	1.0
377	2660	0.8
377	1706	1.0
377	1667	1.0
377	1584	1.0
377	1904	1.0
377	3592	0.8
377	1264	1.0
377	4165	0.8
377	1987	1.0
378	4531	1.0
378	2200	1.0
378	1539	0.6
378	1604	1.0
378	1388	1.0
379	1143	1.0
379	2291	1.0
379	1945	0.8
379	1760	1.0
379	3243	1.0
379	791	1.0
379	608	1.0
380	900	0.8
380	3255	1.0
380	941	0.4
380	608	1.0
381	2331	0.8
381	4081	0.8
381	4200	1.0
381	2178	1.0
381	2409	0.4
382	3950	1.0
382	3154	1.0
382	1653	0.8
382	4117	0.8
383	1647	1.0
383	636	1.0
383	2287	1.0
383	1046	1.0
383	2081	0.2
383	2457	0.2
383	1739	1.0
383	2311	1.0
383	2711	1.0
383	1658	1.0
383	2152	1.0
383	1828	1.0
383	635	1.0
383	1069	1.0
383	4727	1.0
383	806	1.0
383	3778	1.0
383	2231	1.0
383	2683	1.0
383	1280	1.0
383	2680	1.0
383	3432	1.0
383	3805	1.0
383	3871	1.0
383	1077	1.0
383	1146	1.0
384	4131	1.0
384	665	1.0
384	637	1.0
384	767	0.8
385	4474	0.2
385	637	0.2
385	4067	0.2
385	4264	1.0
385	3047	1.0
385	3610	1.0
385	3151	1.0
385	920	1.0
385	3164	1.0
386	945	1.0
386	2921	1.0
386	1558	0.2
386	4113	0.4
386	643	0.2
386	784	1.0
387	1559	0.4
387	644	1.0
387	3226	1.0
387	1541	1.0
387	3955	1.0
387	1542	1.0
388	648	1.0
388	4462	0.8
388	3150	0.2
388	905	1.0
389	675	1.0
389	1336	0.6
389	649	0.8
389	997	1.0
389	4585	1.0
390	1037	1.0
390	3813	0.6
390	1211	1.0
390	3647	1.0
390	3972	1.0
390	3918	1.0
390	1570	1.0
390	1096	1.0
390	1339	0.2
390	2566	1.0
391	1129	0.8
391	653	1.0
391	1652	1.0
391	2420	1.0
391	904	1.0
391	1156	1.0
391	1523	1.0
391	2215	1.0
391	1801	1.0
391	1916	0.8
391	1355	1.0
391	2560	1.0
391	1495	1.0
391	1377	1.0
391	2323	1.0
391	1496	1.0
391	1737	1.0
392	789	0.4
392	653	1.0
392	3693	0.6
392	1336	0.8
392	3631	1.0
393	1681	0.6
393	4202	0.8
393	1380	1.0
393	1202	0.8
393	3834	0.6
393	3988	0.6
393	655	1.0
394	1972	0.8
394	3698	1.0
394	1995	0.8
394	2023	0.8
394	2831	0.8
394	656	0.8
394	2465	0.8
395	3737	0.8
395	658	1.0
395	2615	1.0
395	2218	0.6
395	1431	0.6
396	1952	1.0
396	3532	0.4
396	4689	0.8
396	1755	0.8
396	662	0.8
396	2085	1.0
396	3649	0.6
396	1203	0.8
397	667	0.8
397	2202	1.0
397	1414	0.4
397	1546	1.0
397	2206	0.8
398	1615	1.0
398	4745	1.0
398	1032	0.8
398	668	1.0
398	1908	0.8
398	4123	1.0
398	1619	0.6
398	2696	0.8
398	2637	0.8
398	2246	0.8
398	1910	1.0
399	1329	1.0
399	1150	1.0
399	1529	0.2
399	1219	1.0
399	672	1.0
400	756	0.6
400	3991	1.0
400	2764	1.0
400	2543	0.8
400	3665	1.0
400	4011	1.0
400	4164	1.0
400	2867	1.0
401	757	0.8
401	4735	1.0
401	2003	0.6
401	4278	0.8
401	675	0.4
401	753	1.0
401	719	0.6
402	2188	1.0
402	1810	1.0
402	4496	0.8
402	302	1.0
402	677	1.0
402	1870	1.0
402	4494	1.0
403	677	0.8
403	2342	1.0
403	3100	1.0
403	1925	1.0
403	3061	1.0
403	4673	1.0
404	4485	0.6
404	3547	0.4
404	4152	1.0
404	800	1.0
404	677	1.0
405	3361	1.0
405	3165	1.0
405	3383	1.0
405	1837	1.0
405	4433	1.0
405	677	1.0
406	677	1.0
406	1752	1.0
406	971	1.0
406	2734	1.0
407	3594	1.0
407	3030	1.0
407	2688	1.0
407	1852	1.0
407	677	1.0
408	678	1.0
408	2223	1.0
408	2879	0.6
408	2837	0.8
409	684	0.4
409	1358	1.0
409	1108	1.0
409	4246	1.0
409	4433	0.8
409	4199	1.0
409	4231	0.6
409	4147	1.0
409	4432	1.0
410	3943	1.0
410	4678	0.6
410	2204	1.0
410	4479	1.0
410	688	1.0
410	1747	1.0
410	4516	1.0
410	2185	1.0
411	1974	1.0
411	3039	1.0
411	693	0.8
411	3458	1.0
411	3962	0.6
411	689	1.0
411	1867	0.8
411	2354	0.6
411	1693	0.8
412	1333	1.0
412	1436	1.0
412	1544	1.0
412	1264	1.0
412	690	0.6
413	1693	0.4
413	692	1.0
413	1542	0.8
413	973	0.4
413	4328	0.8
414	711	1.0
414	693	0.8
414	1526	1.0
414	1433	1.0
415	2929	1.0
415	720	1.0
415	2620	1.0
415	1464	0.4
415	2916	0.8
415	2580	1.0
415	3117	1.0
416	695	0.6
416	1763	0.6
416	1529	0.2
416	1815	1.0
416	3130	0.2
416	1030	0.4
417	699	1.0
417	720	1.0
417	937	1.0
417	3400	1.0
417	3994	1.0
418	2312	1.0
418	701	0.6
418	2677	0.8
418	2755	0.6
418	2031	0.8
418	1745	1.0
419	1638	1.0
419	4357	1.0
419	702	1.0
419	2434	1.0
420	912	1.0
420	929	1.0
420	4563	1.0
420	4638	1.0
420	1235	1.0
420	709	1.0
421	2056	1.0
421	709	1.0
421	2371	1.0
421	2354	1.0
421	1099	1.0
421	4613	1.0
421	4296	1.0
421	1933	1.0
421	3084	1.0
421	1061	1.0
421	943	1.0
421	2119	1.0
421	3525	1.0
421	2591	1.0
421	1045	1.0
421	2788	1.0
421	2140	1.0
421	4617	1.0
421	1979	1.0
421	3265	1.0
422	3808	1.0
422	709	1.0
422	3493	1.0
422	2789	1.0
423	2441	1.0
423	4546	1.0
423	3286	1.0
423	3415	1.0
423	715	1.0
423	2484	0.4
423	2372	1.0
424	2811	1.0
424	2155	1.0
424	718	1.0
424	2964	1.0
424	3123	1.0
424	4326	0.8
425	2441	1.0
425	2990	0.8
425	1850	0.8
425	2969	1.0
425	4082	1.0
425	2467	1.0
426	4637	1.0
426	964	1.0
426	1943	1.0
426	720	1.0
427	1139	1.0
427	2769	1.0
427	2880	1.0
427	2179	0.6
427	1103	1.0
427	3098	1.0
427	974	1.0
427	2026	1.0
427	721	1.0
428	1043	0.8
428	2156	1.0
428	3751	1.0
428	2378	1.0
428	2534	0.4
428	2235	1.0
428	1570	0.8
428	940	1.0
428	723	1.0
428	1500	1.0
428	2546	1.0
428	4060	0.8
429	3623	1.0
429	723	1.0
429	1066	0.8
429	4336	1.0
430	4361	0.6
430	2448	1.0
430	4497	1.0
430	723	0.2
431	4333	1.0
431	725	0.8
431	2874	1.0
431	2049	1.0
431	1817	1.0
431	2637	1.0
431	3870	1.0
431	3969	1.0
432	2664	0.8
432	2422	1.0
432	2255	1.0
432	2212	0.6
432	2361	1.0
432	2321	1.0
432	3919	0.8
432	731	0.8
432	2528	0.4
432	2103	1.0
433	1478	0.8
433	2544	0.6
433	4292	0.2
433	2760	0.8
433	4308	0.2
433	2307	0.2
434	1502	1.0
434	1551	1.0
434	2324	1.0
434	739	1.0
435	3321	1.0
435	1990	1.0
435	805	0.2
435	1657	1.0
435	741	0.2
435	831	1.0
435	884	1.0
435	3619	1.0
436	2204	1.0
436	4180	1.0
436	1721	1.0
436	2844	1.0
436	3052	1.0
436	2057	1.0
436	3321	1.0
436	1957	1.0
436	2107	1.0
436	979	0.8
436	1718	1.0
437	4730	1.0
437	3952	1.0
437	1596	1.0
437	746	1.0
438	3245	0.4
438	3191	0.8
438	3363	1.0
438	3707	0.4
438	4466	1.0
438	3356	0.8
438	1071	0.4
438	3489	1.0
438	1719	0.6
439	756	0.2
439	1145	1.0
439	1429	0.8
439	1323	0.6
439	1048	0.6
439	2833	1.0
439	3140	0.8
439	2813	1.0
439	3062	0.6
439	2570	1.0
440	1853	0.8
440	3294	1.0
440	756	1.0
440	2603	1.0
440	3180	0.6
441	1662	0.6
441	3689	1.0
441	756	0.6
441	1900	0.8
442	1163	1.0
442	756	1.0
442	2949	1.0
442	1184	1.0
443	2139	1.0
443	3056	0.6
443	766	1.0
443	993	1.0
443	2069	1.0
443	1425	0.8
443	3499	1.0
443	3756	0.8
443	1086	1.0
443	3567	1.0
444	4668	1.0
444	1344	1.0
444	2224	1.0
444	2697	1.0
444	2261	1.0
444	2689	1.0
444	3935	1.0
444	2215	1.0
444	1825	0.8
444	3576	1.0
444	3912	1.0
444	4433	1.0
444	1378	1.0
444	4211	1.0
444	772	0.6
444	2306	1.0
445	2353	0.8
445	773	0.8
445	3155	0.6
445	1057	0.6
445	3313	0.8
445	1950	0.6
445	3388	0.8
445	3621	0.8
446	3073	1.0
446	2045	1.0
446	3703	1.0
446	4385	1.0
446	4463	1.0
447	2854	0.6
447	968	1.0
447	2137	1.0
447	2126	0.4
447	2675	1.0
447	1765	1.0
447	2849	1.0
447	3274	1.0
447	790	0.8
448	935	1.0
448	4157	0.2
448	792	0.2
448	2405	1.0
448	813	0.6
448	2506	1.0
448	2628	1.0
448	1408	1.0
448	2030	0.2
449	2042	1.0
449	3094	1.0
449	1549	1.0
449	2918	1.0
449	1693	1.0
449	794	1.0
450	2537	1.0
450	819	1.0
450	793	1.0
450	2456	1.0
450	2523	1.0
451	1175	1.0
451	2801	1.0
451	2085	1.0
451	1362	0.6
451	1211	1.0
451	797	1.0
451	2048	1.0
451	3223	1.0
451	1373	1.0
451	2096	1.0
451	1054	1.0
451	2493	1.0
451	1316	0.6
451	1851	1.0
451	820	1.0
452	807	0.8
452	2875	0.2
452	4486	1.0
452	1005	0.2
452	2269	0.8
453	1111	1.0
453	4651	1.0
453	809	1.0
453	4664	1.0
454	3212	1.0
454	3065	1.0
454	3282	1.0
454	1462	1.0
454	4452	1.0
454	4140	1.0
454	4212	0.8
454	2954	1.0
454	4390	0.8
454	4407	0.8
454	2779	0.8
454	4090	0.8
454	4127	0.8
454	4304	1.0
454	2333	1.0
454	4298	1.0
454	1945	0.8
454	809	1.0
454	2721	1.0
454	2541	1.0
454	4084	1.0
454	3320	1.0
454	3507	1.0
454	1463	1.0
454	4156	1.0
454	3804	1.0
454	1697	1.0
454	3829	1.0
454	4107	1.0
454	2956	0.8
454	4555	1.0
454	2266	1.0
454	4419	1.0
454	4229	1.0
454	2934	1.0
454	3376	1.0
454	4245	0.8
454	3048	1.0
454	4249	0.8
454	1534	1.0
454	4434	1.0
454	2799	0.6
454	2270	1.0
454	4128	0.6
454	1152	1.0
454	4250	0.8
455	822	0.2
455	3095	1.0
455	2715	1.0
455	812	0.6
456	818	1.0
456	2487	1.0
456	1067	1.0
456	2449	1.0
456	3292	1.0
456	2225	1.0
456	2911	1.0
456	899	1.0
457	2210	0.8
457	2281	0.8
457	4401	0.8
457	4038	0.8
457	4406	0.8
457	3868	0.8
457	839	0.8
457	4432	0.8
457	3424	0.8
458	1786	0.8
458	1655	0.8
458	906	0.2
458	844	0.8
458	2533	0.4
459	1521	1.0
459	4255	1.0
459	705	1.0
459	3958	1.0
459	845	1.0
459	4695	1.0
459	4149	1.0
459	719	1.0
460	1128	0.6
460	848	0.8
460	1075	1.0
460	1921	1.0
460	1064	0.6
460	3501	1.0
461	1855	0.6
461	895	1.0
461	849	0.2
461	945	0.4
461	2775	0.6
461	3817	1.0
461	1911	1.0
461	898	0.8
461	4307	1.0
461	1756	0.8
462	4196	1.0
462	3967	1.0
462	2871	1.0
462	3269	1.0
462	852	1.0
463	853	1.0
463	2294	1.0
463	3125	1.0
463	4023	1.0
463	2386	1.0
464	1321	1.0
464	1984	1.0
464	1032	1.0
464	910	1.0
465	1026	0.4
465	962	1.0
465	949	1.0
465	1192	0.8
465	2442	1.0
465	2802	1.0
465	2443	1.0
465	2801	1.0
465	1197	1.0
465	880	1.0
465	1009	1.0
465	1930	1.0
465	2111	1.0
466	882	1.0
466	920	1.0
466	3897	0.8
466	3932	1.0
466	3414	1.0
466	4051	1.0
466	2881	0.6
466	3057	0.2
467	2766	1.0
467	3049	1.0
467	1925	1.0
467	2353	1.0
468	4355	1.0
468	931	1.0
468	2433	1.0
468	891	1.0
469	4439	1.0
469	896	0.4
469	1475	0.6
469	2907	0.8
469	2430	1.0
469	1735	0.6
470	4145	1.0
470	1467	1.0
470	2233	1.0
470	4526	0.6
470	4545	1.0
470	4315	1.0
470	4499	0.6
470	1067	0.6
470	3227	1.0
470	3736	1.0
470	2924	1.0
471	1471	1.0
471	2267	0.2
471	2658	1.0
471	1399	1.0
471	1969	1.0
471	904	1.0
471	1393	1.0
472	904	0.6
472	3886	1.0
472	2539	1.0
472	3697	0.8
473	1762	0.8
473	4345	0.8
473	905	1.0
473	1390	0.8
474	908	1.0
474	1097	0.8
474	2090	1.0
474	990	0.4
474	1521	1.0
475	2464	1.0
475	2428	1.0
475	2815	1.0
475	3822	0.8
476	4635	0.8
476	1878	0.8
476	4582	0.6
476	3204	1.0
476	2937	1.0
476	3064	0.4
476	910	0.8
477	1364	1.0
477	3840	1.0
477	1301	1.0
477	1476	1.0
477	910	1.0
477	3032	1.0
478	4417	0.8
478	1014	0.8
478	913	1.0
478	927	0.8
478	1012	0.8
479	916	1.0
479	3531	1.0
479	2754	1.0
479	2012	1.0
479	1585	0.2
480	2186	1.0
480	920	1.0
480	1894	1.0
480	1268	1.0
480	4201	0.6
480	4259	1.0
481	1268	1.0
481	925	0.6
481	2797	1.0
481	2862	1.0
482	1915	1.0
482	2481	1.0
482	926	0.6
482	1698	0.6
483	2084	1.0
483	933	1.0
483	3535	1.0
483	1626	1.0
483	2930	1.0
484	2448	0.6
484	2879	1.0
484	2909	1.0
484	2866	1.0
484	2863	1.0
484	3174	1.0
484	2147	1.0
484	2910	1.0
484	934	1.0
485	2022	1.0
485	2097	1.0
485	2123	1.0
485	1906	0.8
485	939	1.0
485	1976	1.0
486	3104	0.8
486	2995	1.0
486	3069	1.0
486	3065	1.0
486	3580	1.0
486	4677	1.0
487	3892	1.0
487	2346	1.0
487	1797	1.0
487	3864	1.0
488	2238	1.0
488	3418	1.0
488	2340	1.0
488	2243	0.8
488	3300	1.0
488	2698	1.0
488	951	1.0
489	1635	0.6
489	1487	1.0
489	2201	0.8
489	2057	0.6
489	1636	1.0
489	1609	0.2
489	1321	0.6
489	4392	0.6
489	953	0.6
489	1634	0.2
490	1053	1.0
490	956	1.0
490	4506	1.0
490	2656	1.0
490	3255	1.0
491	1296	1.0
491	2130	1.0
491	4400	1.0
491	3537	1.0
491	4021	1.0
491	4334	1.0
491	963	1.0
491	3836	1.0
492	965	0.8
492	2937	0.8
492	2694	0.8
492	2973	0.8
492	2949	1.0
492	1719	0.8
493	3921	1.0
493	1001	0.4
493	980	0.6
493	3493	1.0
493	3613	0.4
493	3601	0.6
493	4273	1.0
493	4370	1.0
493	3620	0.8
493	3003	0.8
493	3483	0.6
493	4227	1.0
494	3883	1.0
494	3249	1.0
494	1252	0.8
494	3049	1.0
495	1257	1.0
495	1585	1.0
495	2313	1.0
495	984	1.0
495	4132	1.0
496	1811	1.0
496	1592	1.0
496	2556	1.0
496	2385	1.0
496	1345	1.0
496	1689	1.0
496	985	1.0
496	1766	1.0
496	1347	1.0
496	1007	1.0
496	1847	1.0
496	1107	1.0
496	995	0.8
496	1737	1.0
496	1767	1.0
496	1240	1.0
496	2264	1.0
496	1862	1.0
496	4225	1.0
496	1736	1.0
497	1700	1.0
497	2266	1.0
497	1017	1.0
497	2600	1.0
497	992	1.0
498	1041	1.0
498	2197	1.0
498	1001	1.0
498	1949	1.0
499	4568	0.2
499	1000	0.8
499	1664	0.8
499	1220	0.8
500	3321	1.0
500	1936	0.8
500	4139	0.8
500	3943	0.8
500	1489	0.8
500	3561	1.0
500	1677	1.0
500	1007	1.0
501	1010	1.0
501	2750	1.0
501	2752	1.0
501	3155	1.0
502	2679	1.0
502	1039	1.0
502	1011	1.0
502	2306	1.0
503	1025	0.8
503	4063	0.8
503	3676	1.0
503	1360	0.8
503	1289	1.0
504	1152	1.0
504	2383	1.0
504	1985	1.0
504	1353	1.0
504	2659	1.0
504	1690	1.0
505	4661	1.0
505	1255	1.0
505	1028	1.0
505	2165	1.0
505	4581	1.0
506	2897	1.0
506	1891	1.0
506	1033	1.0
506	2756	1.0
506	1632	1.0
506	2430	1.0
506	2143	1.0
507	1035	1.0
507	2136	1.0
507	4247	1.0
507	1372	1.0
508	1038	1.0
508	3434	1.0
508	2416	1.0
508	3679	1.0
508	2073	0.8
508	3177	1.0
508	2456	1.0
508	2955	1.0
508	2991	1.0
508	3463	1.0
508	3474	1.0
508	3479	0.8
508	1928	1.0
508	1980	1.0
508	4052	1.0
508	3071	1.0
508	3720	1.0
508	3475	1.0
508	3641	0.4
508	3683	1.0
508	2827	1.0
508	3581	1.0
508	2801	1.0
509	4587	1.0
509	4331	1.0
509	1920	1.0
509	2810	1.0
509	1253	1.0
509	1352	1.0
509	4619	1.0
509	3092	1.0
510	2267	1.0
510	3483	0.8
510	2684	1.0
510	1335	0.8
510	1247	0.8
510	1051	0.6
510	2829	1.0
511	2885	1.0
511	2364	1.0
511	4441	1.0
511	3812	1.0
511	4012	1.0
511	1054	1.0
511	3487	1.0
511	4310	1.0
512	1232	1.0
512	1072	1.0
512	1105	1.0
512	1295	0.8
512	1055	0.6
513	2838	1.0
513	2099	1.0
513	1249	1.0
513	2771	1.0
513	2075	0.8
513	2038	1.0
513	2519	1.0
513	1058	1.0
513	1893	1.0
513	2576	1.0
514	3782	1.0
514	4053	1.0
514	3970	1.0
514	4420	1.0
514	3587	1.0
514	3740	1.0
514	4433	1.0
514	2327	1.0
514	3944	1.0
514	4295	1.0
514	4385	1.0
514	3305	1.0
514	1063	1.0
514	3932	1.0
514	4337	1.0
515	4738	1.0
515	4141	1.0
515	1429	0.8
515	2860	0.8
515	4507	0.8
515	3369	1.0
516	3099	0.2
516	4302	0.2
516	2703	1.0
516	1080	1.0
517	1692	1.0
517	3121	0.6
517	3062	1.0
517	2266	1.0
517	1080	1.0
518	4113	1.0
518	2913	1.0
518	4083	1.0
518	1086	1.0
519	4179	1.0
519	1915	1.0
519	1814	1.0
519	1089	1.0
519	2598	0.2
520	4135	0.8
520	1089	0.8
520	3069	0.6
520	1643	0.8
521	1735	1.0
521	3349	1.0
521	1352	1.0
521	1090	1.0
521	1852	1.0
522	3637	1.0
522	3682	1.0
522	3754	1.0
522	1796	1.0
522	2810	1.0
523	2654	1.0
523	2468	1.0
523	4304	1.0
523	1665	0.8
523	1094	1.0
523	2417	1.0
524	1178	0.8
524	1292	1.0
524	1229	1.0
524	1101	1.0
524	1212	1.0
525	3540	1.0
525	4272	1.0
525	4291	1.0
525	1705	1.0
525	1114	1.0
525	3710	1.0
525	2711	1.0
525	4688	1.0
525	1472	1.0
525	3767	1.0
526	3061	0.8
526	4356	0.2
526	3849	0.6
526	2609	0.6
526	3103	0.6
526	4133	0.6
526	4354	0.6
526	4113	0.4
526	1114	1.0
526	3962	0.6
527	4670	1.0
527	1122	1.0
527	3855	1.0
527	2232	1.0
527	1722	1.0
528	3619	1.0
528	1180	1.0
528	2652	1.0
528	3680	1.0
528	1124	1.0
528	3940	1.0
528	4652	1.0
528	3490	1.0
528	3591	1.0
528	2540	1.0
528	1556	1.0
528	1733	1.0
528	2135	1.0
528	2398	1.0
528	4509	1.0
529	3213	1.0
529	3443	0.6
529	1126	1.0
529	2118	1.0
529	2219	1.0
530	1129	1.0
530	1691	0.6
530	1877	1.0
530	1688	0.6
531	4184	0.8
531	2161	0.8
531	1130	0.8
531	3455	1.0
531	2164	0.8
531	3862	0.4
531	4326	0.8
532	3293	1.0
532	1138	1.0
532	3390	1.0
532	1782	1.0
532	2173	1.0
533	4162	1.0
533	4059	1.0
533	2261	0.6
533	4035	1.0
533	2303	0.6
533	1784	1.0
533	1139	1.0
534	996	1.0
534	1141	1.0
534	2034	1.0
534	2030	1.0
534	4221	1.0
534	2388	1.0
534	4634	1.0
534	3419	1.0
535	261	1.0
535	2396	1.0
535	1418	1.0
535	2444	1.0
536	4591	1.0
536	2971	1.0
536	2378	1.0
536	3265	1.0
537	1159	1.0
537	2975	1.0
537	4631	1.0
537	1267	1.0
537	2356	1.0
538	1882	1.0
538	1161	1.0
538	1585	0.2
538	280	1.0
538	264	1.0
538	4489	1.0
539	1905	1.0
539	4144	1.0
539	2782	0.6
539	2201	1.0
539	1896	0.4
539	1189	1.0
539	1842	1.0
539	1161	1.0
540	1166	1.0
540	3971	0.8
540	3991	1.0
540	3609	1.0
540	3814	1.0
540	4096	1.0
541	2717	1.0
541	3882	1.0
541	2762	1.0
541	2728	1.0
541	2864	1.0
541	3284	1.0
541	2841	1.0
541	3068	1.0
541	2236	1.0
541	2893	1.0
541	3160	0.8
541	3690	0.8
541	1800	0.8
541	2988	1.0
541	3521	1.0
541	1318	1.0
541	3688	0.8
541	3704	0.8
541	3564	1.0
541	2756	1.0
541	2915	1.0
541	2058	1.0
541	2824	1.0
541	1169	1.0
541	2699	1.0
541	2997	1.0
541	3313	1.0
541	1794	1.0
541	3630	1.0
541	2735	1.0
541	2298	1.0
541	2525	1.0
541	3658	1.0
542	1352	0.8
542	1886	1.0
542	1407	1.0
542	1379	1.0
542	4188	0.6
543	1466	0.8
543	1176	0.8
543	3192	0.6
543	2443	1.0
543	3356	1.0
544	2343	0.6
544	2353	0.8
544	1180	1.0
544	3692	1.0
544	1500	1.0
545	1180	1.0
545	3933	0.8
545	4045	0.8
545	3592	1.0
546	1185	0.8
546	2248	1.0
546	3193	1.0
546	1836	0.8
546	1232	1.0
547	4732	1.0
547	1189	1.0
547	3939	1.0
547	1248	1.0
548	3039	1.0
548	1365	1.0
548	1222	1.0
548	1784	1.0
548	3832	1.0
548	2757	1.0
549	3481	1.0
549	3045	1.0
549	1196	0.2
549	3595	1.0
549	3758	1.0
549	2813	1.0
549	3687	1.0
550	2020	1.0
550	1211	0.8
550	2896	1.0
550	1198	0.6
550	1758	0.8
550	1760	0.8
551	1204	1.0
551	1856	1.0
551	2336	0.8
551	3460	0.6
551	3125	1.0
551	2950	1.0
552	3796	0.8
552	4573	0.8
552	3493	0.8
552	4232	1.0
552	3802	1.0
552	3586	1.0
552	3876	1.0
552	2266	1.0
552	1250	0.8
552	1205	0.2
552	2829	1.0
552	4136	1.0
552	3789	1.0
552	4219	0.8
553	2166	1.0
553	1299	1.0
553	1608	1.0
553	2831	1.0
553	4584	1.0
553	1473	1.0
553	1209	0.6
553	4736	1.0
554	4108	0.8
554	3999	0.2
554	4182	0.4
554	3036	1.0
554	3539	1.0
554	2418	1.0
554	3019	0.6
554	4039	0.8
554	3059	0.6
554	3230	1.0
554	2555	1.0
554	4192	0.4
554	1784	1.0
554	1228	0.8
554	4083	1.0
554	4191	0.4
554	3336	1.0
554	4030	0.8
554	4004	1.0
554	1312	1.0
554	3877	1.0
555	3456	0.8
555	1283	1.0
555	1230	0.4
555	1843	1.0
555	2410	0.8
555	3825	1.0
555	4263	1.0
555	3328	1.0
555	3371	0.8
556	1231	0.8
556	4715	1.0
556	4375	0.8
556	4644	0.6
556	4625	1.0
557	2738	1.0
557	1241	1.0
557	1873	1.0
557	3515	1.0
557	3496	1.0
557	3221	1.0
558	2848	1.0
558	3914	1.0
558	2282	1.0
558	1244	1.0
559	2121	1.0
559	3181	1.0
559	3167	1.0
559	3256	1.0
559	2413	1.0
559	3582	0.2
559	1254	1.0
559	2412	1.0
559	2827	1.0
559	1500	1.0
560	1261	1.0
560	3424	1.0
560	3879	1.0
560	2353	1.0
560	1572	1.0
560	1625	1.0
560	2362	0.2
561	3655	0.8
561	1506	0.8
561	2618	0.8
561	1857	1.0
561	1891	0.4
561	4620	0.8
561	1263	1.0
561	4193	1.0
561	2143	0.4
561	1753	1.0
562	1783	0.8
562	1834	0.8
562	1264	0.8
562	2505	0.8
562	4026	0.8
562	1870	1.0
562	3311	0.6
563	2897	1.0
563	2390	1.0
563	1455	1.0
563	1266	0.6
563	2646	1.0
564	1268	0.8
564	4013	1.0
564	3321	1.0
564	4435	1.0
565	3053	1.0
565	2650	1.0
565	2771	1.0
565	1575	1.0
565	4680	1.0
566	1274	1.0
566	1970	1.0
566	1648	1.0
566	1540	1.0
567	1617	1.0
567	3987	1.0
567	1645	1.0
567	1276	0.8
568	3762	1.0
568	1275	1.0
568	1661	1.0
568	4395	1.0
568	4458	1.0
568	1746	1.0
569	1282	0.6
569	1648	0.8
569	1966	1.0
569	1585	0.8
570	1291	1.0
570	3381	1.0
570	3396	1.0
570	3364	1.0
570	3365	0.8
570	3334	0.8
570	2332	0.8
570	3393	0.8
570	3386	1.0
570	3391	1.0
570	3066	1.0
570	2322	0.6
570	1389	0.6
570	2521	1.0
570	3389	0.8
570	3005	1.0
570	1470	1.0
570	4220	0.8
570	2489	1.0
570	3343	0.8
570	3377	1.0
570	2654	0.2
570	3251	0.6
571	3697	1.0
571	1293	1.0
571	1705	1.0
571	2432	1.0
571	2221	1.0
572	970	1.0
572	4594	1.0
572	4590	0.8
572	3595	1.0
572	4629	1.0
572	1293	1.0
572	4610	1.0
572	4628	1.0
573	4606	1.0
573	3881	1.0
573	3626	1.0
573	3887	1.0
573	1298	1.0
574	3839	1.0
574	3287	1.0
574	3307	1.0
574	4198	1.0
575	2476	1.0
575	1830	0.4
575	1417	1.0
575	1304	1.0
576	1959	1.0
576	1519	1.0
576	3007	0.6
576	1310	1.0
577	2707	1.0
577	1311	0.6
577	3501	1.0
577	3088	1.0
578	4408	1.0
578	4246	0.2
578	2969	0.8
578	3991	1.0
578	4424	1.0
578	4411	1.0
578	4352	1.0
578	3726	0.8
578	3645	0.8
578	3618	1.0
578	4024	1.0
578	4435	1.0
578	1318	1.0
578	4251	0.8
578	2376	1.0
578	3109	0.4
579	4384	0.8
579	4720	1.0
579	1321	1.0
579	1395	1.0
580	1322	1.0
580	3549	1.0
580	4208	1.0
580	4119	0.8
581	4597	1.0
581	4595	1.0
581	1328	1.0
581	4588	1.0
582	4422	1.0
582	2850	1.0
582	4604	1.0
582	3794	1.0
582	2885	1.0
582	4095	1.0
582	3945	0.4
583	2435	1.0
583	1874	1.0
583	1331	1.0
583	2261	1.0
583	1548	0.8
583	3874	1.0
583	1345	1.0
583	1488	1.0
583	1562	1.0
584	1335	0.2
584	1631	0.6
584	2139	0.6
584	3307	0.4
584	1404	1.0
584	1668	1.0
585	3519	1.0
585	1352	1.0
585	2828	1.0
585	4306	1.0
585	3013	1.0
585	1997	1.0
585	3703	1.0
585	3442	1.0
585	3965	1.0
585	2716	0.8
585	3644	1.0
585	2066	1.0
585	3602	1.0
585	2940	1.0
585	3261	1.0
586	4190	1.0
586	4248	0.6
586	2635	1.0
586	3014	0.8
587	1361	0.8
587	2837	0.8
587	4158	1.0
587	1600	1.0
587	1803	0.6
587	1500	1.0
587	2632	1.0
587	2745	1.0
587	3271	1.0
587	2765	1.0
587	2729	0.8
587	3524	0.4
588	2481	1.0
588	2522	1.0
588	4693	1.0
588	2586	0.4
588	2408	1.0
588	4210	1.0
588	1374	1.0
589	1694	0.8
589	4630	0.8
589	1421	0.8
589	1427	0.8
589	2486	0.8
589	4626	0.8
589	1376	0.8
590	3719	1.0
590	3024	1.0
590	3303	0.6
590	3123	1.0
590	2951	0.8
591	3148	1.0
591	3638	1.0
591	1379	0.4
591	4235	0.8
591	2292	1.0
592	1693	1.0
592	4672	1.0
592	4660	1.0
592	2968	1.0
592	2658	1.0
592	2240	0.8
592	2797	1.0
593	1513	0.2
593	4562	0.8
593	2345	0.6
593	1390	1.0
593	1787	1.0
594	1479	0.8
594	2644	0.8
594	4324	1.0
594	1396	0.6
595	2600	1.0
595	4729	0.2
595	4262	1.0
595	3998	1.0
595	2326	1.0
595	2601	1.0
595	1407	1.0
595	1967	0.2
596	1413	0.6
596	4088	0.4
596	3374	0.6
596	3380	1.0
597	1419	1.0
597	3556	0.8
597	3825	1.0
597	2833	0.8
597	3710	1.0
597	2353	1.0
597	3391	0.8
598	1423	0.8
598	2266	1.0
598	1940	0.4
598	2455	0.8
598	3153	1.0
599	4572	0.8
599	1437	0.2
599	1447	1.0
599	1978	1.0
599	4575	1.0
600	2008	1.0
600	1640	1.0
600	1448	1.0
600	1459	1.0
601	4426	1.0
601	3312	0.2
601	1454	1.0
601	2065	1.0
601	4733	0.2
601	3592	1.0
601	1506	1.0
601	4548	0.6
601	3378	1.0
601	2963	0.4
602	2797	0.6
602	4040	0.8
602	3526	1.0
602	2759	0.2
602	4101	0.8
603	2584	0.8
603	4204	0.2
603	2059	1.0
603	4399	1.0
603	2513	1.0
603	4743	0.6
603	1469	1.0
603	4360	1.0
604	4016	1.0
604	3648	1.0
604	3063	1.0
604	381	1.0
605	1470	1.0
605	2043	0.6
605	1485	0.6
605	2895	1.0
605	4482	1.0
606	4459	0.6
606	3493	1.0
606	1501	1.0
606	4342	1.0
606	2657	0.4
606	4054	1.0
606	3169	1.0
606	3594	1.0
606	4433	0.6
606	4341	1.0
606	3722	1.0
607	1889	0.8
607	2579	0.8
607	3625	0.8
607	4382	1.0
608	1531	1.0
608	3214	0.8
608	3558	0.8
608	3940	0.8
609	2325	1.0
609	2926	1.0
609	2291	1.0
609	1550	1.0
610	3218	1.0
610	4065	1.0
610	4353	0.8
610	4155	0.8
610	4750	1.0
610	2030	1.0
611	2318	1.0
611	1583	1.0
611	1881	1.0
611	2642	1.0
611	2382	1.0
612	3701	1.0
612	4260	1.0
612	2744	1.0
612	1855	1.0
612	4153	1.0
613	2130	1.0
613	1585	1.0
613	1661	1.0
613	3961	1.0
614	3206	1.0
614	1585	1.0
614	2022	1.0
614	1785	1.0
614	2993	1.0
615	2067	1.0
615	4226	1.0
615	2015	1.0
615	4380	1.0
616	2349	1.0
616	1585	1.0
616	2941	1.0
616	2842	1.0
616	1937	1.0
616	2793	1.0
616	2641	1.0
617	1585	1.0
617	1899	1.0
617	1835	1.0
617	2088	1.0
617	2295	1.0
618	4740	1.0
618	1649	1.0
618	4274	0.2
618	3350	0.2
618	2182	1.0
618	1594	1.0
618	1336	0.6
618	4175	0.2
618	1632	1.0
619	2524	1.0
619	2903	1.0
619	4583	1.0
619	2261	1.0
619	2268	1.0
620	2159	1.0
620	1995	1.0
620	1612	1.0
620	2626	0.2
620	3146	1.0
620	2575	1.0
620	2023	1.0
621	4107	1.0
621	4437	1.0
621	4374	1.0
621	3991	0.8
622	3110	0.6
622	4529	1.0
622	4068	1.0
622	1662	1.0
622	2239	1.0
622	2495	1.0
622	4430	1.0
623	2130	0.4
623	1965	0.8
623	3537	1.0
623	1666	1.0
624	4321	0.2
624	4208	0.8
624	3348	0.8
624	3987	0.6
624	4543	0.4
624	3681	0.6
624	1678	0.4
624	3359	0.2
624	4169	1.0
625	2667	1.0
625	2804	1.0
625	2208	1.0
625	2191	1.0
625	1679	1.0
626	3113	1.0
626	3127	1.0
626	2681	0.8
626	2492	1.0
626	2285	0.8
626	2411	1.0
626	2967	1.0
626	2872	1.0
626	2914	1.0
626	3821	0.8
626	2360	0.6
626	2105	1.0
626	2825	1.0
626	2669	1.0
626	1689	0.8
626	2835	1.0
626	2276	1.0
626	2683	0.8
626	2960	1.0
626	2277	0.8
626	2767	1.0
626	2351	1.0
626	2706	0.8
626	3118	0.8
627	1708	0.6
627	2182	0.8
627	4178	0.8
627	3755	0.8
627	2273	1.0
627	2846	1.0
627	2770	0.4
628	2614	1.0
628	1709	1.0
628	3846	1.0
628	2171	1.0
628	1712	1.0
628	3924	1.0
629	3856	1.0
629	4561	1.0
629	2353	1.0
629	2227	1.0
630	3235	1.0
630	2785	1.0
630	1788	1.0
630	1724	1.0
630	3273	1.0
630	3037	1.0
630	3310	1.0
630	2472	1.0
630	1837	1.0
631	1727	1.0
631	2347	1.0
631	2697	1.0
631	3057	0.6
632	4432	1.0
632	3162	0.6
632	4252	0.2
632	3052	0.2
632	2714	1.0
632	1742	0.6
633	2603	1.0
633	3155	1.0
633	4632	0.8
633	2001	1.0
633	4154	1.0
633	1784	1.0
634	2460	0.4
634	1751	0.6
634	2386	0.4
634	2389	1.0
635	2834	1.0
635	1902	1.0
635	2727	1.0
635	1754	1.0
636	2190	1.0
636	2958	1.0
636	4444	1.0
636	1781	0.2
636	3277	1.0
636	3256	1.0
636	3522	1.0
636	4214	1.0
637	1797	1.0
637	3864	1.0
637	2644	0.2
637	1787	0.8
637	2701	1.0
638	4657	0.6
638	1783	1.0
638	4077	0.8
638	4371	0.2
639	2003	1.0
639	1784	1.0
639	2939	0.8
639	2481	1.0
639	3952	1.0
639	3798	1.0
640	4618	0.4
640	1204	0.6
640	4033	0.8
640	1787	0.8
641	2491	0.8
641	3522	0.8
641	2261	1.0
641	1792	0.8
642	4445	1.0
642	3168	0.6
642	3799	0.8
642	3604	1.0
642	2092	1.0
642	1956	1.0
642	1861	0.6
642	1795	1.0
642	4713	1.0
642	2657	1.0
642	3595	1.0
642	1804	1.0
643	3439	1.0
643	3700	1.0
643	2996	1.0
643	4674	1.0
643	2273	1.0
643	2094	1.0
643	3187	1.0
643	461	1.0
643	3337	1.0
643	2530	1.0
643	1836	1.0
643	1797	1.0
643	4701	1.0
643	1872	1.0
643	2876	1.0
643	3864	1.0
643	1867	1.0
643	4656	1.0
643	4710	1.0
643	2727	1.0
643	3331	1.0
643	4577	1.0
643	3930	1.0
643	4697	1.0
643	1941	1.0
643	3545	1.0
644	4655	1.0
644	3706	1.0
644	1822	1.0
644	3904	1.0
644	4314	1.0
644	4062	0.8
644	3467	1.0
644	4364	1.0
645	2720	0.4
645	3678	0.8
645	2570	0.4
645	4278	1.0
645	3435	0.8
645	1846	0.8
645	3699	0.8
645	2450	0.8
646	4410	1.0
646	4387	1.0
646	4386	1.0
646	1906	1.0
646	3309	1.0
647	2775	1.0
647	2187	1.0
647	2749	1.0
647	4705	1.0
647	2193	1.0
647	1858	1.0
647	2290	1.0
647	2898	1.0
647	3010	0.8
647	2430	1.0
647	2479	1.0
647	3271	1.0
648	3906	0.6
648	3861	0.8
648	2906	0.4
648	2199	1.0
648	1864	0.2
649	1870	1.0
649	3133	1.0
649	1872	1.0
649	4392	1.0
650	3065	1.0
650	2683	1.0
650	2507	1.0
650	1870	1.0
651	2283	1.0
651	3701	1.0
651	4405	1.0
651	3837	1.0
651	3569	1.0
651	2868	1.0
651	2516	0.8
651	3280	0.8
651	1876	1.0
652	2500	1.0
652	2935	1.0
652	3158	1.0
652	3790	1.0
652	3518	1.0
652	1880	1.0
652	1999	1.0
652	2205	1.0
653	1945	1.0
653	1880	1.0
653	3158	1.0
653	2133	0.6
653	2946	1.0
653	4449	1.0
653	2302	0.6
653	2752	1.0
654	1880	1.0
654	1971	1.0
654	3158	1.0
654	2395	1.0
655	2352	1.0
655	2535	1.0
655	2548	1.0
655	2682	0.2
655	1894	1.0
656	2847	1.0
656	3188	1.0
656	2876	1.0
656	3735	0.2
656	2746	0.8
656	1924	1.0
656	2627	0.2
656	2473	0.4
656	4532	1.0
656	4569	0.2
656	3196	0.4
656	2672	0.2
657	1932	1.0
657	3115	1.0
657	4282	0.8
657	4236	0.8
657	3792	1.0
657	3677	1.0
657	3491	0.8
657	2962	1.0
657	4237	1.0
658	3930	0.6
658	2936	0.8
658	2530	0.6
658	2062	0.8
659	4669	1.0
659	2596	1.0
659	2255	1.0
659	2786	0.2
660	2676	1.0
660	1952	1.0
660	4748	0.8
660	4755	0.4
661	3843	1.0
661	1964	1.0
661	3763	1.0
661	917	1.0
662	3510	0.8
662	2080	1.0
662	4667	1.0
662	2284	0.6
663	4243	0.8
663	3860	0.4
663	3041	0.8
663	4671	0.8
663	2001	0.8
663	3255	0.8
663	3155	0.8
664	2631	1.0
664	3531	0.4
664	3091	1.0
664	2754	0.4
665	2467	1.0
665	2158	1.0
665	2666	0.8
665	2027	0.4
666	3514	1.0
666	3939	1.0
666	4284	1.0
666	2031	1.0
666	4289	1.0
666	2366	1.0
666	3526	0.8
667	4316	0.6
667	3457	0.8
667	4363	1.0
667	4000	1.0
667	3679	1.0
667	2777	1.0
667	3677	0.8
667	4391	1.0
667	3793	1.0
667	4348	1.0
667	4379	1.0
667	2983	1.0
667	3851	1.0
667	3558	0.6
667	2039	0.8
667	3844	0.8
667	4364	1.0
667	2955	1.0
667	2036	0.6
668	3472	1.0
668	3542	1.0
668	2691	1.0
668	2531	1.0
668	3474	1.0
668	4589	1.0
668	2049	1.0
668	3210	1.0
668	3097	1.0
668	3571	1.0
668	2870	1.0
668	3233	1.0
668	3471	1.0
668	3345	1.0
668	3211	1.0
668	3580	1.0
668	2989	1.0
668	3642	1.0
669	2999	1.0
669	2172	1.0
669	3816	1.0
669	2768	1.0
669	2878	1.0
669	4129	1.0
669	2288	1.0
670	4159	1.0
670	2057	1.0
670	3243	1.0
670	4734	1.0
670	4321	0.6
670	4436	1.0
671	718	1.0
671	2093	1.0
671	3051	1.0
671	3589	0.4
671	4029	1.0
672	4338	0.8
672	3992	1.0
672	2112	1.0
672	4085	1.0
672	4608	1.0
673	3268	1.0
673	3138	1.0
673	2130	1.0
673	4056	1.0
674	2536	1.0
674	2144	1.0
674	4233	1.0
674	3469	1.0
675	4403	1.0
675	3198	1.0
675	3184	1.0
675	2339	1.0
675	2559	1.0
675	3780	1.0
675	3163	1.0
675	3694	1.0
675	2807	1.0
675	4469	1.0
675	4148	1.0
675	3340	1.0
675	2796	1.0
675	3429	1.0
675	3299	1.0
675	2424	1.0
675	2169	1.0
675	3451	1.0
675	2683	1.0
675	2767	1.0
675	4020	1.0
675	3781	1.0
675	2829	1.0
676	2185	1.0
676	2204	1.0
676	3154	1.0
676	3057	0.8
676	2186	1.0
677	2957	1.0
677	4676	1.0
677	3342	1.0
677	4675	1.0
677	3225	1.0
677	4611	1.0
677	2633	1.0
677	4106	1.0
677	4691	1.0
677	2196	1.0
677	3544	1.0
678	2639	1.0
678	2247	1.0
678	2300	1.0
678	3305	1.0
678	3760	1.0
678	3771	1.0
679	3324	1.0
679	3674	1.0
679	3058	1.0
679	2655	1.0
680	4115	0.6
680	2963	1.0
680	3842	0.2
680	2261	1.0
680	4189	1.0
680	3156	1.0
680	3902	1.0
680	2817	1.0
680	4418	1.0
680	4008	0.2
681	3597	1.0
681	2742	1.0
681	2846	1.0
681	4525	0.6
681	3219	1.0
681	2296	1.0
681	3632	1.0
681	3684	1.0
681	3514	1.0
681	2692	1.0
681	2801	1.0
681	3744	1.0
681	3438	0.8
681	3661	1.0
681	3542	1.0
681	3683	1.0
681	3523	1.0
682	2775	0.8
682	4523	0.6
682	3423	1.0
682	2328	1.0
683	3803	0.4
683	4566	1.0
683	2447	1.0
683	3504	1.0
683	2925	0.6
683	2367	1.0
684	4751	0.8
684	2905	1.0
684	2730	1.0
684	2449	1.0
684	3953	1.0
684	2802	1.0
684	2386	1.0
684	3436	1.0
684	3437	1.0
684	4683	1.0
684	3558	1.0
684	3041	1.0
684	2751	0.8
685	2404	0.8
685	4514	0.6
685	2944	1.0
685	2506	1.0
685	2511	1.0
686	2475	1.0
686	667	0.8
686	4490	0.4
686	4500	0.6
686	2481	0.8
687	4455	1.0
687	2816	1.0
687	2968	1.0
687	2426	1.0
688	4230	0.6
688	4757	1.0
688	4731	1.0
688	3052	0.8
688	3025	0.8
688	2443	1.0
688	3867	0.8
688	4722	0.6
688	3361	0.8
689	2560	1.0
689	2605	1.0
689	4347	1.0
689	3237	1.0
690	4709	0.6
690	3201	0.6
690	3473	0.8
690	2582	1.0
690	3729	1.0
690	4607	1.0
691	3155	1.0
691	2623	1.0
691	3959	0.6
691	3154	1.0
692	4510	1.0
692	2845	0.6
692	4513	0.2
692	2667	0.6
693	3089	0.6
693	3170	0.8
693	3420	0.8
693	3155	0.8
694	2904	1.0
694	3341	1.0
694	3514	0.8
694	4504	1.0
694	2812	0.8
694	3617	1.0
694	3506	0.8
694	2964	0.8
695	3717	1.0
695	3070	1.0
695	3205	1.0
695	3361	1.0
695	4195	1.0
696	4183	1.0
696	3790	1.0
696	3255	1.0
696	2833	1.0
696	3934	1.0
697	2963	1.0
697	4344	1.0
697	3956	1.0
697	3239	1.0
698	3318	0.8
698	3624	1.0
698	3747	1.0
698	3197	1.0
698	3124	1.0
698	3052	1.0
699	4036	1.0
699	3654	1.0
699	3271	1.0
699	4102	1.0
699	4246	1.0
699	4150	1.0
700	4294	1.0
700	3046	1.0
700	4048	1.0
700	4182	1.0
701	4144	1.0
701	3172	0.8
701	3061	0.2
701	3551	0.8
702	4141	1.0
702	3398	1.0
702	3079	0.8
702	4402	0.6
702	3405	0.6
703	3095	1.0
703	4038	1.0
703	3966	1.0
703	3748	1.0
703	3795	1.0
704	4079	1.0
704	4270	1.0
704	4327	1.0
704	3256	1.0
704	3725	1.0
704	3197	1.0
704	4360	1.0
704	4203	1.0
704	3827	0.8
704	3350	1.0
705	3215	0.8
705	1842	0.8
705	4026	0.8
705	4443	0.8
706	3534	1.0
706	3693	1.0
706	3224	1.0
706	3606	1.0
706	3592	1.0
707	3249	1.0
707	3470	0.6
707	4725	0.2
707	4267	0.2
708	4696	1.0
708	3267	1.0
708	4698	1.0
708	4694	1.0
709	3308	1.0
709	2737	1.0
709	4442	1.0
709	3927	1.0
710	3607	1.0
710	3896	0.6
710	4003	1.0
710	3356	1.0
711	3600	1.0
711	3585	1.0
711	3633	1.0
711	4360	1.0
712	4367	1.0
712	4295	1.0
712	4185	1.0
712	4396	1.0
