0	2747	5.0
0	170	5.0
0	612	5.0
0	2128	2.0
1	27	5.0
1	1635	5.0
1	2648	5.0
1	1917	4.0
1	804	5.0
2	1738	5.0
2	1546	5.0
2	2103	5.0
2	2111	5.0
2	1776	5.0
2	2075	5.0
2	1910	5.0
2	2001	5.0
2	1774	5.0
3	1491	5.0
3	2057	5.0
3	1626	5.0
3	2138	5.0
3	373	4.0
3	1378	5.0
4	1905	4.0
4	2029	4.0
4	1831	4.0
4	2040	5.0
4	377	5.0
4	2015	4.0
4	832	5.0
4	2201	5.0
4	1738	5.0
4	1372	4.0
4	409	4.0
4	2003	2.0
4	2197	5.0
4	2058	5.0
4	2107	4.0
5	2756	4.0
5	1823	5.0
5	2501	5.0
5	2435	5.0
6	2058	5.0
6	1780	5.0
6	1790	5.0
6	1750	5.0
6	1896	5.0
6	1782	5.0
6	1817	5.0
7	2643	3.0
7	2058	5.0
7	2120	5.0
7	640	5.0
7	2057	5.0
7	2179	5.0
7	2203	5.0
7	2391	5.0
7	2163	4.0
7	2350	4.0
7	1948	4.0
7	1630	5.0
7	2647	5.0
7	741	5.0
7	1913	4.0
7	2162	5.0
7	2055	4.0
8	1857	5.0
8	155	5.0
8	163	5.0
8	143	5.0
8	1829	5.0
8	2952	5.0
8	180	5.0
8	2176	5.0
9	1555	5.0
9	1657	5.0
9	844	5.0
9	2917	5.0
9	1119	5.0
9	585	5.0
9	482	5.0
9	2824	5.0
9	12	5.0
9	1193	5.0
9	269	5.0
9	313	5.0
9	1658	5.0
9	2968	5.0
9	2932	5.0
9	2832	5.0
9	1063	5.0
9	1622	5.0
9	1152	5.0
9	2015	5.0
9	1831	5.0
9	380	5.0
9	3127	5.0
9	814	5.0
9	3044	5.0
9	828	5.0
9	3061	5.0
9	2774	5.0
9	1220	5.0
9	535	5.0
9	913	5.0
9	191	5.0
9	1092	5.0
9	698	5.0
9	3090	5.0
9	819	5.0
9	140	5.0
9	1091	5.0
9	1189	5.0
9	316	5.0
9	405	5.0
9	2923	5.0
9	615	5.0
9	164	5.0
9	1583	5.0
9	1157	5.0
9	865	5.0
9	3112	5.0
9	359	5.0
9	2894	5.0
9	2957	5.0
9	528	5.0
9	574	5.0
9	871	5.0
9	1117	5.0
9	1640	5.0
9	668	5.0
9	1114	5.0
9	2113	5.0
9	1221	5.0
9	1585	5.0
9	822	5.0
9	1582	5.0
9	2947	5.0
9	3040	5.0
9	2178	5.0
9	2058	5.0
9	1408	5.0
9	3332	5.0
9	3131	5.0
9	1687	5.0
9	1406	5.0
9	803	5.0
9	2872	5.0
9	785	5.0
9	2769	5.0
9	2976	5.0
9	489	5.0
9	637	5.0
9	2658	5.0
9	299	5.0
9	2818	5.0
9	910	5.0
9	1688	5.0
9	3016	5.0
10	2717	4.0
10	2697	5.0
10	1	5.0
10	3	5.0
10	2	5.0
10	2585	5.0
11	810	5.0
11	419	5.0
11	3218	5.0
11	3009	5.0
12	652	5.0
12	2404	4.0
12	1437	3.0
12	1418	5.0
12	1700	5.0
12	1226	5.0
13	511	3.0
13	891	5.0
13	1149	5.0
13	1183	5.0
14	1801	5.0
14	2033	4.0
14	1293	4.0
14	1279	4.0
14	1840	5.0
15	1664	4.0
15	2568	5.0
15	1773	5.0
15	1728	5.0
15	1364	5.0
15	706	5.0
15	587	5.0
15	718	5.0
15	800	5.0
16	1867	3.0
16	2106	5.0
16	1780	4.0
16	1274	5.0
17	1788	4.0
17	2362	5.0
17	2361	5.0
17	43	5.0
17	3139	5.0
17	3050	5.0
17	2868	5.0
17	2428	5.0
17	2367	5.0
17	2366	5.0
17	3056	5.0
17	2360	5.0
17	1252	5.0
17	1559	5.0
17	2390	4.0
17	2365	5.0
17	39	5.0
17	2364	5.0
17	41	5.0
17	2359	5.0
17	693	5.0
17	2363	5.0
17	653	5.0
17	889	5.0
18	2277	5.0
18	2506	5.0
18	921	5.0
18	3266	5.0
19	402	5.0
19	1231	4.0
19	544	5.0
19	2346	3.0
19	2487	5.0
20	1208	5.0
20	1368	4.0
20	1420	5.0
20	1781	5.0
20	2415	5.0
20	1662	5.0
20	3116	5.0
20	1251	5.0
20	3170	5.0
20	1563	5.0
20	1630	5.0
20	188	5.0
20	2107	5.0
20	607	5.0
21	2610	5.0
21	2629	5.0
21	2579	5.0
21	2744	5.0
21	2741	5.0
21	2357	5.0
22	1850	5.0
22	469	5.0
22	1024	5.0
22	1023	5.0
23	2080	4.0
23	2541	4.0
23	1163	3.0
23	2911	4.0
23	1256	3.0
24	2433	5.0
24	1739	5.0
24	2192	4.0
24	1992	5.0
24	2267	5.0
24	1632	5.0
24	1501	5.0
25	2591	3.0
25	1333	4.0
25	891	2.0
25	2598	5.0
26	797	5.0
26	830	5.0
26	548	5.0
26	244	5.0
26	408	5.0
26	426	5.0
26	491	5.0
26	608	5.0
26	1905	5.0
26	1397	5.0
26	476	5.0
26	1434	5.0
26	1431	5.0
26	1961	5.0
26	1465	5.0
26	364	5.0
26	1643	5.0
27	1713	5.0
27	1787	5.0
27	1402	4.0
27	1522	5.0
27	2505	5.0
27	1885	5.0
27	2480	5.0
28	1324	5.0
28	1751	5.0
28	2499	3.0
28	1742	5.0
28	2706	5.0
28	1823	5.0
29	2301	3.0
29	2642	4.0
29	711	4.0
29	2561	4.0
29	2011	4.0
29	2158	5.0
30	2111	3.0
30	1764	5.0
30	1773	5.0
30	2200	3.0
30	1910	3.0
31	1725	5.0
31	1444	4.0
31	1685	1.0
31	1732	5.0
32	1775	5.0
32	1236	5.0
32	2504	5.0
32	1036	5.0
32	2329	5.0
33	1910	5.0
33	1822	5.0
33	2426	5.0
33	1783	5.0
33	1678	5.0
33	1873	5.0
33	283	5.0
33	3226	5.0
33	1766	5.0
33	335	5.0
33	2615	5.0
33	1872	5.0
33	1707	5.0
33	1554	5.0
33	3197	5.0
33	715	5.0
33	1752	5.0
33	1524	5.0
33	2581	5.0
34	297	5.0
34	1961	5.0
34	1251	5.0
34	545	5.0
34	2728	4.0
35	1905	5.0
35	1255	5.0
35	2211	5.0
35	2175	5.0
35	1954	5.0
35	2176	5.0
35	2238	5.0
36	223	5.0
36	1060	5.0
36	2312	5.0
36	520	5.0
36	1622	5.0
36	488	5.0
37	1639	5.0
37	933	3.0
37	756	5.0
37	938	3.0
38	112	2.0
38	1642	1.0
38	1192	1.0
38	2823	1.0
38	1185	1.0
38	1809	5.0
38	1513	5.0
38	1555	1.0
38	1561	1.0
38	1841	1.0
38	1290	5.0
38	2	5.0
38	1614	1.0
38	196	1.0
38	1000	1.0
38	991	1.0
38	1255	1.0
38	1544	5.0
38	449	1.0
38	1082	1.0
38	1149	1.0
38	1303	1.0
38	1078	1.0
38	1083	5.0
38	1248	1.0
38	181	1.0
39	2611	5.0
39	1631	5.0
39	2502	5.0
39	2146	5.0
39	2129	5.0
39	2392	4.0
39	2484	5.0
39	2383	5.0
39	1535	5.0
39	1795	5.0
39	2223	5.0
40	2098	5.0
40	909	5.0
40	870	5.0
40	2573	5.0
41	1750	5.0
41	547	5.0
41	51	5.0
41	901	5.0
41	559	5.0
42	914	1.0
42	632	1.0
42	524	1.0
42	1406	1.0
42	319	1.0
42	478	1.0
42	737	1.0
43	4	5.0
43	7	5.0
43	6	5.0
43	5	5.0
44	2623	3.0
44	3302	5.0
44	1309	5.0
44	2223	5.0
44	1875	5.0
44	872	5.0
44	2227	5.0
44	1404	5.0
45	2876	5.0
45	36	5.0
45	120	5.0
45	2311	5.0
45	1239	5.0
45	1969	5.0
45	2118	5.0
46	1738	5.0
46	1601	5.0
46	2026	5.0
46	696	5.0
46	1652	5.0
46	1773	5.0
46	1079	5.0
46	1660	5.0
46	1602	5.0
46	934	5.0
46	1484	5.0
46	2158	5.0
46	1710	5.0
47	1473	4.0
47	1428	4.0
47	122	3.0
47	1476	4.0
47	453	5.0
47	2459	4.0
47	2336	3.0
48	2747	5.0
48	3162	3.0
48	2330	5.0
48	2422	4.0
48	2395	5.0
48	2501	5.0
49	1247	4.0
49	1265	3.0
49	1225	3.0
49	1281	4.0
49	1028	5.0
49	1186	5.0
49	937	4.0
49	747	5.0
49	715	5.0
49	1058	5.0
49	336	4.0
50	2469	5.0
50	2841	5.0
50	2223	5.0
50	2440	5.0
50	1355	5.0
50	272	5.0
50	292	5.0
50	2472	5.0
51	1961	5.0
51	125	5.0
51	1852	5.0
51	1215	3.0
51	584	5.0
52	1413	5.0
52	219	5.0
52	1188	5.0
52	786	4.0
52	121	5.0
52	986	5.0
53	979	5.0
53	1324	5.0
53	1532	4.0
53	1742	5.0
53	1613	2.0
53	2292	5.0
54	1961	5.0
54	1257	5.0
54	2217	5.0
54	3108	5.0
54	2223	5.0
54	1954	5.0
54	1097	5.0
54	2255	5.0
54	102	5.0
54	1707	5.0
54	2279	5.0
54	937	5.0
55	2267	5.0
55	1632	5.0
55	3275	5.0
55	1619	5.0
55	1516	5.0
55	2240	5.0
55	2092	5.0
55	869	5.0
55	3216	5.0
55	3038	5.0
55	2151	5.0
55	1288	5.0
55	976	5.0
55	2006	5.0
55	3181	5.0
55	1798	5.0
55	712	5.0
55	1668	5.0
55	778	5.0
55	2192	5.0
55	3195	5.0
56	1781	4.0
56	45	4.0
56	1749	5.0
56	1742	5.0
56	542	5.0
56	1712	5.0
57	3191	5.0
57	2552	5.0
57	3174	5.0
57	2647	5.0
57	1781	5.0
57	1949	5.0
57	2833	5.0
57	1434	5.0
57	2630	4.0
57	2820	5.0
57	2648	5.0
58	1417	5.0
58	1395	4.0
58	1323	4.0
58	279	5.0
58	3168	5.0
58	1398	4.0
58	1750	4.0
58	1485	4.0
58	1397	4.0
58	1490	4.0
58	1961	5.0
58	1497	5.0
58	1318	4.0
58	126	4.0
58	1690	5.0
58	2170	5.0
59	1720	5.0
59	646	5.0
59	1200	3.0
59	1780	4.0
59	1044	3.0
59	658	4.0
59	2325	4.0
59	993	3.0
59	1595	2.0
59	1163	2.0
59	1830	3.0
59	2533	2.0
59	587	5.0
59	1352	3.0
59	1868	4.0
59	1216	4.0
59	689	4.0
59	2181	3.0
59	1915	2.0
59	2620	3.0
59	1584	3.0
59	2700	3.0
59	1261	2.0
59	252	4.0
59	2030	3.0
59	1335	5.0
59	2222	4.0
59	1574	4.0
59	2042	2.0
59	430	4.0
59	1027	3.0
59	1717	3.0
59	2213	3.0
59	2838	5.0
59	1026	2.0
59	2347	3.0
59	1354	4.0
59	3229	3.0
59	494	4.0
59	2616	2.0
59	638	4.0
59	809	3.0
59	629	4.0
59	703	5.0
59	1156	2.0
59	1358	4.0
59	661	4.0
59	2446	5.0
59	1541	3.0
59	3287	2.0
59	1550	4.0
59	836	4.0
59	652	4.0
59	2245	3.0
59	200	4.0
59	2689	2.0
59	284	4.0
59	1563	3.0
59	2312	4.0
59	1894	4.0
59	758	5.0
59	2445	5.0
59	2144	2.0
59	694	5.0
59	1813	4.0
59	1818	3.0
59	2402	2.0
59	1041	2.0
59	1676	3.0
59	2264	4.0
59	930	1.0
59	2544	4.0
59	2043	4.0
59	565	5.0
59	779	2.0
59	933	4.0
59	2126	3.0
59	2076	2.0
59	2645	4.0
59	1984	4.0
59	1469	2.0
59	409	4.0
59	2398	4.0
59	2453	1.0
59	918	3.0
59	403	4.0
59	728	4.0
59	2055	3.0
59	2754	4.0
59	1432	4.0
59	245	4.0
59	998	4.0
59	1292	4.0
59	1043	3.0
59	1781	4.0
59	2411	4.0
59	2737	2.0
59	821	5.0
59	1058	2.0
59	2690	2.0
59	1371	4.0
59	1942	2.0
59	765	4.0
59	1715	3.0
59	30	4.0
59	1393	2.0
59	2255	4.0
59	1465	4.0
59	2586	5.0
59	2029	2.0
59	2603	3.0
59	399	4.0
59	1435	4.0
59	2360	4.0
59	248	4.0
59	1018	3.0
59	742	5.0
59	1214	3.0
59	1166	1.0
59	2723	4.0
59	1994	3.0
59	2531	2.0
59	1001	4.0
59	2223	4.0
59	2024	3.0
59	1730	4.0
59	2577	3.0
59	1245	4.0
59	3023	4.0
59	639	4.0
59	1728	4.0
59	2217	3.0
59	1247	3.0
59	26	4.0
59	406	4.0
59	1057	5.0
59	1306	2.0
59	196	4.0
59	2691	3.0
59	654	4.0
59	1049	3.0
59	1047	2.0
59	2573	4.0
59	2214	3.0
59	856	3.0
59	848	4.0
59	1259	2.0
59	2254	4.0
59	2015	2.0
59	1812	3.0
59	1205	3.0
59	188	4.0
59	2250	3.0
59	1275	3.0
59	1497	3.0
59	1993	3.0
59	2201	3.0
59	1011	4.0
59	2455	2.0
59	1048	4.0
59	432	4.0
59	65	5.0
59	1280	3.0
59	864	4.0
59	2034	4.0
59	850	2.0
59	2074	3.0
59	1958	3.0
59	1947	3.0
59	2707	3.0
59	2248	3.0
59	2145	2.0
59	1235	4.0
59	2184	3.0
59	1622	4.0
59	1191	2.0
59	2460	2.0
59	2061	3.0
59	1282	2.0
59	1321	2.0
59	1019	3.0
59	1078	1.0
59	1764	3.0
59	2954	4.0
59	2017	3.0
59	1434	4.0
59	2059	3.0
59	1451	3.0
59	800	5.0
59	2632	4.0
59	2183	4.0
59	1029	2.0
59	2027	3.0
59	2618	5.0
59	2738	2.0
59	3161	4.0
59	2058	4.0
59	2421	1.0
59	2078	2.0
59	1063	4.0
59	2221	2.0
59	2172	3.0
59	1596	2.0
59	3091	5.0
59	1372	2.0
59	3276	2.0
59	1632	4.0
59	853	4.0
59	2378	3.0
59	1961	4.0
59	1594	2.0
59	691	5.0
59	1656	2.0
59	1698	4.0
59	2179	3.0
59	85	4.0
59	1829	3.0
59	2517	1.0
59	932	5.0
59	1816	2.0
59	2362	5.0
59	2211	3.0
59	999	4.0
59	242	4.0
59	1395	2.0
59	2743	4.0
59	2077	2.0
59	2035	2.0
59	1424	4.0
59	2390	3.0
59	2655	3.0
59	2639	4.0
59	308	4.0
59	1814	4.0
59	1545	3.0
59	980	2.0
59	1398	3.0
59	1198	4.0
59	1336	5.0
59	1533	3.0
59	2249	5.0
59	938	2.0
59	1265	3.0
59	1819	3.0
59	2238	2.0
59	731	4.0
59	2125	1.0
59	1425	3.0
59	900	4.0
59	964	5.0
59	1387	3.0
59	209	5.0
59	1470	3.0
59	929	2.0
59	2656	3.0
59	1170	2.0
59	2454	1.0
59	2075	2.0
59	1431	2.0
59	2420	3.0
59	817	3.0
59	28	4.0
59	1281	2.0
59	1056	4.0
59	2729	4.0
59	1951	3.0
59	2333	3.0
59	2630	4.0
59	2663	4.0
59	1260	2.0
59	1419	4.0
59	1859	4.0
59	228	4.0
59	3308	4.0
59	1046	3.0
59	607	4.0
59	2424	3.0
59	2391	4.0
59	1320	2.0
59	133	5.0
59	2725	3.0
59	1831	4.0
59	1412	4.0
59	643	5.0
59	1461	3.0
59	2253	4.0
59	2570	4.0
59	1670	2.0
59	3314	3.0
59	1	4.0
59	1305	4.0
59	2383	4.0
59	2686	3.0
59	1782	3.0
59	1380	3.0
59	2148	2.0
59	2775	4.0
59	748	4.0
59	1916	2.0
59	314	5.0
59	2731	3.0
59	1033	4.0
59	2705	2.0
59	1448	1.0
59	2139	2.0
59	2106	4.0
59	2105	3.0
59	1070	2.0
59	1123	4.0
59	1028	3.0
59	3017	4.0
59	3138	3.0
59	175	5.0
59	173	5.0
59	195	3.0
59	1587	3.0
59	2742	4.0
59	2653	2.0
59	1641	4.0
59	1562	3.0
59	2302	3.0
59	2401	5.0
59	2961	4.0
59	1870	3.0
59	2647	4.0
59	2340	1.0
59	2740	2.0
59	2552	4.0
59	873	4.0
59	1817	2.0
59	1326	4.0
59	437	4.0
59	2014	2.0
59	919	3.0
59	1905	2.0
59	1192	3.0
59	585	4.0
59	2212	3.0
59	1836	4.0
59	2310	3.0
59	323	3.0
59	1034	4.0
59	1525	2.0
59	2276	3.0
59	318	3.0
59	1671	3.0
59	2960	5.0
59	738	4.0
59	2370	4.0
59	1526	2.0
59	1967	4.0
60	500	5.0
60	2403	3.0
60	228	5.0
60	1217	4.0
60	1229	2.0
60	1961	5.0
60	952	5.0
60	1016	5.0
60	379	5.0
60	1274	5.0
60	2106	5.0
60	1686	5.0
60	178	5.0
60	1950	5.0
60	2733	5.0
60	494	5.0
61	826	5.0
61	352	5.0
61	819	5.0
61	867	5.0
61	815	5.0
61	628	5.0
62	1823	5.0
62	109	3.0
62	2194	5.0
62	1215	4.0
63	1170	5.0
63	2581	5.0
63	2641	5.0
63	2642	5.0
64	1736	5.0
64	1215	1.0
64	2588	3.0
64	2461	5.0
64	1012	4.0
64	2555	5.0
65	1297	5.0
65	1031	5.0
65	2559	5.0
65	1418	5.0
65	1025	1.0
65	991	5.0
65	2720	5.0
65	1974	5.0
65	1350	5.0
65	2491	5.0
66	1555	4.0
66	2049	3.0
66	2235	4.0
66	430	5.0
67	2069	5.0
67	1994	5.0
67	2416	1.0
67	2246	5.0
68	2198	5.0
68	2305	5.0
68	652	5.0
68	2350	5.0
68	324	5.0
68	2756	5.0
68	2279	5.0
69	1497	5.0
69	779	5.0
69	609	5.0
69	1215	4.0
69	2335	5.0
69	784	5.0
69	912	5.0
69	621	5.0
69	691	5.0
69	906	5.0
69	1432	5.0
69	1111	5.0
69	1168	5.0
69	793	5.0
69	2648	5.0
69	800	5.0
69	523	5.0
70	1482	4.0
70	1515	4.0
70	1561	4.0
70	1630	4.0
71	2090	5.0
71	2323	5.0
71	995	4.0
71	2723	5.0
71	2336	5.0
72	1342	5.0
72	652	5.0
72	1426	5.0
72	2566	4.0
72	2	5.0
72	2680	4.0
72	2505	5.0
72	2290	4.0
72	2019	4.0
72	384	4.0
72	352	5.0
72	2434	4.0
72	2309	5.0
72	1006	3.0
72	1215	3.0
72	1468	4.0
73	2374	5.0
73	2215	5.0
73	1622	5.0
73	2382	4.0
73	2233	5.0
73	2221	5.0
73	2201	5.0
73	2417	5.0
74	1911	5.0
74	2015	5.0
74	1782	5.0
74	1905	5.0
75	1807	5.0
75	512	5.0
75	2112	5.0
75	2782	5.0
75	1674	5.0
75	2123	5.0
75	510	5.0
75	1909	4.0
75	1703	5.0
75	2242	5.0
75	3248	5.0
75	759	5.0
75	1875	5.0
75	2377	3.0
75	2345	5.0
75	2318	5.0
75	186	5.0
75	1560	2.0
75	1691	5.0
75	88	5.0
75	1943	5.0
75	1961	5.0
75	746	5.0
75	1224	5.0
75	1743	5.0
75	2241	5.0
75	513	5.0
75	1820	5.0
75	3134	5.0
75	78	4.0
75	1404	5.0
75	833	5.0
75	2227	5.0
75	2124	5.0
75	3146	5.0
75	1806	5.0
75	2452	5.0
75	1050	5.0
75	48	5.0
75	2331	5.0
75	2311	5.0
75	3084	5.0
75	721	5.0
75	1238	5.0
75	2195	3.0
75	725	5.0
75	3074	5.0
76	1150	5.0
76	800	5.0
76	1985	5.0
76	1930	5.0
76	564	5.0
76	692	5.0
76	1020	5.0
76	1491	5.0
76	1030	5.0
76	2000	5.0
76	1276	5.0
76	1932	5.0
76	2138	5.0
76	1496	5.0
76	3190	5.0
76	1924	5.0
76	1241	5.0
76	1264	5.0
76	1931	5.0
76	1611	5.0
76	704	5.0
76	1625	5.0
76	1177	5.0
76	1145	5.0
76	1378	5.0
76	372	5.0
76	1604	5.0
76	596	5.0
76	2265	5.0
76	1845	5.0
76	584	5.0
76	1926	5.0
76	943	5.0
76	595	5.0
76	789	5.0
76	1129	5.0
76	1091	5.0
76	1051	5.0
76	1661	5.0
76	557	5.0
76	1805	5.0
76	1682	5.0
76	1791	5.0
76	983	5.0
76	1794	5.0
76	1242	5.0
76	2048	5.0
76	1556	5.0
76	289	5.0
76	373	5.0
76	129	5.0
76	2097	5.0
76	1929	5.0
76	682	5.0
76	1633	5.0
76	1626	5.0
77	590	5.0
77	1292	5.0
77	691	5.0
77	1750	5.0
77	30	5.0
78	1961	5.0
78	1524	5.0
78	1911	5.0
78	2233	5.0
78	352	5.0
78	1553	5.0
78	3039	5.0
78	2503	5.0
78	1701	5.0
79	282	3.0
79	1240	3.0
79	345	4.0
79	3151	2.0
79	285	3.0
79	890	3.0
79	2190	3.0
79	601	5.0
79	1004	5.0
79	385	5.0
79	180	5.0
79	3246	5.0
80	2540	5.0
80	2242	5.0
80	2268	5.0
80	1908	5.0
80	2749	5.0
80	2532	5.0
80	2750	5.0
81	1249	5.0
81	1147	5.0
81	1229	5.0
81	3188	5.0
81	3187	5.0
81	1867	5.0
82	1041	5.0
82	194	5.0
82	1729	5.0
82	1179	5.0
83	2519	5.0
83	2384	5.0
83	1537	5.0
83	2329	5.0
83	2520	5.0
83	2386	5.0
83	3325	5.0
83	45	5.0
83	2103	5.0
83	2246	5.0
83	2244	5.0
83	3324	5.0
83	2581	5.0
83	2127	5.0
83	2160	5.0
83	2521	5.0
83	2725	5.0
83	2209	5.0
83	2388	5.0
83	2325	5.0
83	3214	5.0
83	2518	5.0
84	406	4.0
84	3097	5.0
84	829	4.0
84	622	4.0
84	244	5.0
84	882	5.0
84	1064	4.0
85	509	5.0
85	1410	5.0
85	1271	5.0
85	2410	5.0
86	1823	5.0
86	2387	5.0
86	2758	5.0
86	1514	5.0
86	978	5.0
86	1796	5.0
86	1341	5.0
86	2041	4.0
86	2647	5.0
86	1873	5.0
86	2648	5.0
86	77	5.0
86	1216	5.0
86	2206	5.0
86	2208	5.0
86	979	5.0
87	1640	4.0
87	1283	3.0
87	1773	5.0
87	1642	4.0
87	946	5.0
87	1340	4.0
87	1750	5.0
87	1497	5.0
88	2984	5.0
88	800	5.0
88	1354	5.0
88	1707	5.0
88	661	5.0
88	726	5.0
88	1314	5.0
88	2106	5.0
88	1381	5.0
88	730	5.0
88	2925	5.0
89	515	5.0
89	1603	5.0
89	1964	5.0
89	1644	5.0
89	790	5.0
89	1640	5.0
89	2041	5.0
89	1515	5.0
89	1616	5.0
89	2089	5.0
89	2110	5.0
89	2132	5.0
89	2503	5.0
89	1622	5.0
89	2146	5.0
89	2007	5.0
89	2280	4.0
89	2070	5.0
89	1359	5.0
89	2040	5.0
89	3193	5.0
89	3205	5.0
90	1701	5.0
90	1643	5.0
90	1320	5.0
90	2163	5.0
90	2362	5.0
90	1656	5.0
90	1630	3.0
90	2360	5.0
90	866	5.0
90	1555	5.0
91	1575	5.0
91	1412	5.0
91	1709	5.0
91	2597	5.0
91	2343	5.0
91	3316	5.0
91	1857	5.0
91	2149	5.0
91	1950	5.0
91	1624	5.0
91	2240	5.0
91	3270	5.0
91	1961	5.0
92	1750	5.0
92	1169	3.0
92	1851	5.0
92	1237	5.0
92	2062	5.0
92	799	5.0
92	1364	5.0
92	819	5.0
92	958	5.0
93	1170	5.0
93	1270	5.0
93	1412	5.0
93	1066	5.0
93	1046	5.0
93	1205	5.0
94	2018	4.0
94	2150	5.0
94	1086	5.0
94	3191	5.0
94	157	5.0
94	243	5.0
94	169	5.0
94	2161	5.0
94	2141	4.0
94	1430	5.0
94	1748	5.0
94	2148	4.0
94	1999	5.0
94	1323	5.0
94	53	5.0
94	2143	5.0
94	727	5.0
94	2145	5.0
94	146	5.0
94	1915	5.0
94	2213	4.0
94	2211	4.0
94	24	5.0
94	162	5.0
94	463	5.0
94	939	5.0
94	2031	4.0
94	2034	4.0
94	31	5.0
94	498	5.0
94	2164	4.0
94	424	5.0
94	2144	5.0
94	2212	5.0
94	3249	5.0
94	1090	5.0
94	3208	5.0
94	2154	4.0
94	1534	5.0
94	1120	5.0
95	1773	5.0
95	1767	5.0
95	1772	5.0
95	734	5.0
96	2934	5.0
96	1129	1.0
96	539	5.0
96	316	5.0
96	574	5.0
96	635	5.0
96	542	5.0
96	563	5.0
96	572	5.0
96	546	5.0
96	1144	5.0
96	262	5.0
96	108	5.0
96	489	5.0
96	205	5.0
97	1542	5.0
97	1340	5.0
97	1215	5.0
97	1396	5.0
97	1698	5.0
97	1467	5.0
97	2081	5.0
97	1229	5.0
97	1483	5.0
98	2221	5.0
98	32	5.0
98	1269	5.0
98	1773	5.0
98	3269	5.0
98	287	5.0
98	2642	5.0
98	2786	5.0
98	2328	5.0
98	2613	5.0
98	957	5.0
98	235	5.0
99	710	5.0
99	3153	5.0
99	326	5.0
99	97	5.0
99	2860	5.0
99	515	5.0
100	1470	5.0
100	526	5.0
100	1781	5.0
100	192	5.0
100	464	5.0
101	1700	5.0
101	502	5.0
101	3171	5.0
101	1409	5.0
101	1418	5.0
102	2503	5.0
102	1736	5.0
102	907	5.0
102	1110	5.0
103	2375	5.0
103	1736	5.0
103	291	5.0
103	1380	5.0
103	2288	4.0
103	2155	5.0
103	2856	5.0
103	108	4.0
103	2177	5.0
104	2277	4.0
104	2223	4.0
104	2316	5.0
104	1954	5.0
105	303	5.0
105	1126	5.0
105	1336	5.0
105	858	5.0
106	1961	5.0
106	291	5.0
106	552	5.0
106	1952	5.0
106	1051	5.0
106	1257	5.0
107	935	5.0
107	1405	5.0
107	1622	5.0
107	1540	5.0
107	1393	5.0
107	1890	5.0
107	1630	5.0
108	2132	5.0
108	2208	5.0
108	284	5.0
108	2329	5.0
109	2893	4.0
109	2361	4.0
109	3025	4.0
109	1003	5.0
109	1201	2.0
109	562	4.0
109	319	4.0
109	1642	4.0
109	1640	3.0
109	1340	3.0
109	3105	4.0
109	3081	4.0
109	2140	4.0
109	2362	4.0
109	231	5.0
109	489	5.0
109	2359	4.0
109	193	5.0
109	1318	4.0
109	2769	4.0
109	1160	4.0
110	2152	5.0
110	2648	5.0
110	2038	5.0
110	1874	3.0
111	1215	4.0
111	1496	5.0
111	2162	5.0
111	1820	5.0
111	1071	5.0
111	1953	5.0
112	144	5.0
112	263	5.0
112	64	5.0
112	19	5.0
112	261	5.0
112	509	5.0
112	223	5.0
112	60	5.0
113	1853	5.0
113	20	5.0
113	746	5.0
113	1422	5.0
113	1905	4.0
113	1606	5.0
114	741	5.0
114	1862	5.0
114	1646	5.0
114	665	5.0
114	1301	5.0
114	378	5.0
114	1218	5.0
114	441	5.0
114	1380	5.0
114	2009	5.0
114	459	5.0
114	1373	5.0
114	681	5.0
114	1196	5.0
115	2057	4.0
115	1923	3.0
115	2097	3.0
115	2048	4.0
115	1902	3.0
115	1377	3.0
115	1784	3.0
115	1867	3.0
115	1693	4.0
115	1820	4.0
115	1793	3.0
115	2129	4.0
116	1905	4.0
116	1656	5.0
116	1236	4.0
116	1775	5.0
117	1656	5.0
117	963	5.0
117	1921	1.0
117	1017	1.0
117	1913	5.0
117	1377	5.0
117	2546	5.0
117	1592	5.0
117	1832	5.0
117	1846	5.0
117	2378	5.0
117	489	5.0
117	1912	5.0
118	492	5.0
118	1136	5.0
118	817	5.0
118	162	5.0
118	2984	5.0
118	575	5.0
118	703	5.0
118	1436	5.0
118	717	5.0
119	2837	5.0
119	874	5.0
119	419	4.0
119	387	5.0
119	375	5.0
119	388	5.0
120	765	5.0
120	775	5.0
120	1738	2.0
120	1340	5.0
120	386	4.0
120	1191	5.0
120	1819	5.0
121	1524	4.0
121	2391	5.0
121	2350	4.0
121	1782	5.0
121	19	4.0
122	1905	5.0
122	496	5.0
122	973	5.0
122	1289	5.0
122	1961	5.0
122	971	5.0
123	1363	4.0
123	974	4.0
123	721	4.0
123	1277	4.0
123	3096	4.0
123	1843	4.0
124	1234	5.0
124	1822	5.0
124	2372	5.0
124	2172	5.0
124	2403	5.0
124	100	5.0
124	2657	5.0
124	1772	5.0
124	1029	5.0
124	1484	5.0
124	1027	5.0
124	2315	5.0
124	2338	5.0
124	2228	5.0
124	1555	5.0
124	1707	5.0
124	1552	5.0
124	2015	3.0
124	2069	5.0
124	2163	5.0
124	1577	5.0
124	1963	5.0
124	1821	5.0
124	1659	5.0
124	1925	2.0
124	1817	5.0
124	1296	5.0
124	1652	4.0
124	1539	5.0
124	2485	5.0
124	59	5.0
124	2053	5.0
124	1996	5.0
124	2219	5.0
124	1873	5.0
124	310	5.0
124	1603	5.0
124	2623	5.0
124	1808	2.0
124	2424	5.0
124	1880	5.0
124	2386	5.0
124	1657	2.0
124	2168	5.0
124	1788	5.0
124	2221	5.0
124	1434	5.0
124	2200	5.0
124	1320	5.0
124	1764	5.0
124	1179	5.0
124	239	5.0
124	1728	5.0
125	1982	5.0
125	1710	5.0
125	1627	5.0
125	2096	5.0
126	1653	5.0
126	2067	5.0
126	2100	5.0
126	1229	3.0
126	1833	3.0
126	1217	5.0
126	1686	3.0
126	1271	5.0
126	1611	5.0
126	1651	5.0
126	510	5.0
126	1677	5.0
127	2173	5.0
127	1762	5.0
127	404	5.0
127	1236	5.0
127	2648	5.0
127	1707	5.0
127	2148	5.0
127	503	5.0
127	1944	5.0
127	182	5.0
127	2579	5.0
127	1738	5.0
127	944	5.0
127	2017	5.0
127	2044	5.0
127	400	5.0
128	3208	5.0
128	1826	1.0
128	109	5.0
128	1215	5.0
129	2040	5.0
129	118	5.0
129	2080	5.0
129	2041	5.0
129	1014	5.0
129	2143	5.0
130	388	5.0
130	210	5.0
130	94	5.0
130	2832	5.0
131	1873	5.0
131	2592	5.0
131	2568	5.0
131	2667	4.0
131	2781	5.0
132	655	5.0
132	329	5.0
132	1162	5.0
132	1706	5.0
132	1644	5.0
132	1215	3.0
132	1642	5.0
132	1630	5.0
133	3234	5.0
133	1595	5.0
133	736	5.0
133	779	5.0
133	2035	5.0
133	2150	5.0
133	984	5.0
133	1831	5.0
133	1961	5.0
133	1032	5.0
133	1966	5.0
133	1721	5.0
133	1780	5.0
133	2075	5.0
133	729	5.0
133	1957	5.0
133	473	5.0
133	2469	5.0
133	1531	5.0
133	1955	5.0
133	1942	5.0
134	568	4.0
134	902	4.0
134	2510	4.0
134	1112	4.0
135	2322	5.0
135	194	5.0
135	807	5.0
135	1787	5.0
135	645	5.0
136	2273	5.0
136	2652	5.0
136	2601	5.0
136	2485	5.0
136	2393	5.0
136	1497	5.0
136	2574	5.0
136	1772	5.0
136	2040	5.0
136	2546	5.0
136	2502	5.0
136	2971	5.0
136	2744	5.0
136	2623	5.0
136	2608	5.0
136	3213	5.0
136	2607	5.0
136	2441	5.0
137	3200	5.0
137	2166	5.0
137	1627	5.0
137	820	5.0
137	2512	5.0
137	367	5.0
137	2265	5.0
137	1625	5.0
137	783	5.0
137	144	5.0
137	1429	4.0
138	2002	5.0
138	1831	2.0
138	506	5.0
138	1890	5.0
138	2219	5.0
138	1767	5.0
138	1738	5.0
138	2035	5.0
138	1873	5.0
138	2279	5.0
138	1822	5.0
138	1219	5.0
138	1772	5.0
138	1811	5.0
138	2077	5.0
138	1232	5.0
138	2061	5.0
138	259	5.0
138	561	5.0
138	1603	5.0
138	1824	5.0
138	1649	5.0
138	1770	5.0
138	1782	5.0
138	1910	5.0
138	2073	5.0
138	3259	5.0
138	3236	5.0
138	1898	5.0
138	2038	5.0
138	2111	5.0
139	2107	5.0
139	853	5.0
139	127	5.0
139	583	5.0
139	163	5.0
139	600	5.0
139	594	5.0
140	2058	5.0
140	1646	5.0
140	1738	5.0
140	1737	5.0
140	2015	5.0
140	433	5.0
140	2154	5.0
140	1782	5.0
140	293	5.0
141	2508	5.0
141	1997	5.0
141	2079	5.0
141	1787	5.0
142	1291	5.0
142	1446	4.0
142	1512	4.0
142	1978	3.0
142	3175	4.0
142	1976	5.0
142	1918	3.0
142	1919	3.0
142	1988	3.0
143	1178	4.0
143	1820	4.0
143	1578	5.0
143	1291	5.0
143	1727	4.0
143	1747	3.0
143	1580	5.0
144	3009	5.0
144	1762	5.0
144	1546	5.0
144	1811	5.0
144	595	5.0
144	3126	5.0
144	813	5.0
144	743	5.0
144	1490	5.0
145	1750	4.0
145	701	5.0
145	1731	5.0
145	428	5.0
145	1612	5.0
145	1132	5.0
146	2906	5.0
146	780	5.0
146	1093	5.0
146	580	5.0
146	816	5.0
146	2810	5.0
146	1154	5.0
146	421	5.0
147	1323	5.0
147	1339	5.0
147	1045	5.0
147	1299	5.0
147	1257	5.0
147	3158	5.0
147	189	5.0
147	2590	5.0
148	1434	5.0
148	1273	4.0
148	1340	5.0
148	1644	5.0
149	1832	4.0
149	2661	4.0
149	2337	3.0
149	2378	4.0
149	1715	5.0
149	2329	3.0
149	2639	5.0
150	99	5.0
150	63	5.0
150	961	5.0
150	775	5.0
150	1318	4.0
151	488	5.0
151	709	5.0
151	2982	5.0
151	2987	5.0
151	3001	5.0
152	766	4.0
152	1195	4.0
152	2015	4.0
152	1356	3.0
152	1199	5.0
152	1706	4.0
153	1763	5.0
153	1966	5.0
153	1550	5.0
153	3249	5.0
154	1612	5.0
154	1375	5.0
154	1397	5.0
154	1642	4.0
155	1371	5.0
155	1497	5.0
155	1434	5.0
155	426	5.0
156	2564	5.0
156	473	5.0
156	1829	4.0
156	1642	5.0
156	1832	4.0
157	2766	4.0
157	2195	5.0
157	1635	5.0
157	2441	5.0
158	1591	5.0
158	727	5.0
158	1696	4.0
158	2075	5.0
158	1502	5.0
159	1707	5.0
159	1844	5.0
159	1896	5.0
159	2680	5.0
159	3214	5.0
159	1468	5.0
159	1527	5.0
159	2648	4.0
159	668	5.0
159	1312	5.0
159	530	5.0
159	317	4.0
159	1189	5.0
159	315	5.0
160	2025	5.0
160	1823	5.0
160	2137	5.0
160	2395	5.0
161	1914	5.0
161	1565	5.0
161	1264	5.0
161	1962	5.0
161	811	5.0
161	2224	5.0
161	1263	5.0
162	1339	5.0
162	2046	5.0
162	1497	5.0
162	1490	5.0
162	1314	5.0
163	791	5.0
163	728	4.0
163	17	5.0
163	1224	5.0
163	672	5.0
163	369	5.0
163	319	4.0
163	1152	5.0
164	903	5.0
164	1197	5.0
164	165	5.0
164	1898	5.0
164	115	5.0
164	1139	5.0
164	1196	5.0
165	1006	5.0
165	284	5.0
165	575	5.0
165	3026	4.0
165	2622	5.0
165	1194	5.0
165	783	5.0
165	403	5.0
165	3028	4.0
165	2645	5.0
166	1274	5.0
166	1470	5.0
166	1434	5.0
166	1354	5.0
166	1323	5.0
166	1359	5.0
166	740	5.0
167	463	5.0
167	2808	5.0
167	1309	5.0
167	486	5.0
167	6	5.0
167	2216	5.0
167	2297	5.0
167	3107	4.0
168	1862	5.0
168	2051	4.0
168	216	4.0
168	458	4.0
168	2680	5.0
168	1538	5.0
168	994	4.0
169	1623	5.0
169	1563	5.0
169	435	5.0
169	1547	5.0
170	1893	5.0
170	2724	5.0
170	1822	4.0
170	2659	5.0
171	2971	5.0
171	1262	5.0
171	100	5.0
171	13	5.0
171	99	5.0
172	2770	5.0
172	1560	5.0
172	1726	5.0
172	2581	5.0
172	1670	5.0
172	514	5.0
172	2636	5.0
172	2853	5.0
172	2448	5.0
172	1907	5.0
172	2980	5.0
173	2158	5.0
173	2497	5.0
173	2155	5.0
173	1374	1.0
173	1246	5.0
173	2242	5.0
173	2557	5.0
173	1613	3.0
173	2080	5.0
173	2243	5.0
173	911	3.0
174	2253	5.0
174	2009	5.0
174	21	5.0
174	744	5.0
175	1985	5.0
175	1203	5.0
175	727	5.0
175	23	5.0
175	1236	5.0
175	1371	5.0
175	1738	5.0
176	747	5.0
176	743	5.0
176	2216	5.0
176	1134	5.0
176	999	5.0
176	1255	5.0
176	556	5.0
177	1858	4.0
177	280	4.0
177	2279	4.0
177	2015	4.0
177	745	5.0
177	1961	4.0
177	1905	4.0
177	1782	4.0
177	2069	4.0
177	1479	4.0
177	1387	5.0
178	1887	3.0
178	2604	5.0
178	1333	5.0
178	2633	3.0
178	1267	4.0
179	385	5.0
179	1458	5.0
179	1038	5.0
179	1561	4.0
179	1267	2.0
179	1750	5.0
179	1810	2.0
180	1913	5.0
180	1954	5.0
180	1912	5.0
180	2279	5.0
180	3183	2.0
180	2219	5.0
180	1208	5.0
180	1905	5.0
180	1772	5.0
180	1911	5.0
180	3315	4.0
180	2221	5.0
180	2380	5.0
180	2152	5.0
180	842	5.0
180	1776	5.0
180	1781	5.0
180	2217	5.0
180	2354	5.0
180	2438	5.0
180	1944	5.0
180	2653	5.0
180	2284	5.0
180	2344	5.0
180	1738	5.0
180	2075	5.0
180	1707	5.0
181	524	5.0
181	400	5.0
181	717	5.0
181	996	5.0
181	231	5.0
181	481	5.0
181	27	5.0
181	162	5.0
182	1244	4.0
182	1828	4.0
182	1253	3.0
182	1231	5.0
183	2432	5.0
183	2545	5.0
183	2564	5.0
183	1559	5.0
184	2472	4.0
184	2693	5.0
184	1233	5.0
184	652	5.0
185	2493	4.0
185	1761	5.0
185	63	5.0
185	1757	5.0
185	540	5.0
185	961	5.0
185	2530	5.0
185	1164	5.0
185	1227	5.0
185	1643	5.0
185	591	5.0
186	1672	4.0
186	2058	4.0
186	1216	5.0
186	2104	5.0
186	2034	5.0
186	1500	4.0
186	1211	4.0
187	311	5.0
187	2710	4.0
187	1544	5.0
187	2407	5.0
187	2530	5.0
187	2375	5.0
187	2681	5.0
187	2679	5.0
187	2702	5.0
187	2705	5.0
187	2392	5.0
187	2707	5.0
187	2651	5.0
187	1697	5.0
187	2683	5.0
187	1514	5.0
187	2735	5.0
187	2727	5.0
187	2684	5.0
187	2755	5.0
187	2706	5.0
187	2713	4.0
187	2668	5.0
187	917	5.0
188	501	5.0
188	1522	5.0
188	1622	5.0
188	2195	5.0
188	1623	5.0
188	1728	5.0
188	1831	5.0
188	670	5.0
188	1499	5.0
188	48	5.0
188	1674	5.0
188	1332	5.0
188	1235	5.0
188	435	5.0
188	60	5.0
188	2223	5.0
188	1450	5.0
189	2537	5.0
189	2258	5.0
189	2560	5.0
189	342	5.0
189	2522	5.0
189	2900	5.0
189	2341	5.0
189	2414	5.0
189	1991	5.0
189	2116	4.0
189	2516	5.0
189	3245	5.0
190	1530	4.0
190	2245	4.0
190	1019	5.0
190	1192	5.0
190	109	4.0
190	1355	4.0
190	256	5.0
190	196	5.0
190	1321	4.0
190	1215	3.0
190	1469	4.0
190	1434	4.0
190	1028	5.0
190	1323	4.0
190	1026	5.0
190	1320	4.0
190	1318	4.0
191	2963	5.0
191	782	5.0
191	201	5.0
191	970	5.0
191	791	5.0
191	302	5.0
191	968	5.0
191	642	5.0
191	758	5.0
191	2892	5.0
191	284	5.0
191	1404	5.0
192	1857	5.0
192	2663	5.0
192	1950	5.0
192	2371	5.0
193	2271	5.0
193	2040	5.0
193	499	5.0
193	2146	5.0
193	2184	5.0
193	2185	5.0
193	182	5.0
193	2910	5.0
193	2911	5.0
193	2041	5.0
193	2114	5.0
193	579	5.0
194	2941	5.0
194	2704	1.0
194	2703	2.0
194	940	5.0
194	417	5.0
194	939	5.0
194	936	3.0
195	289	5.0
195	2904	5.0
195	787	5.0
195	4	5.0
196	496	5.0
196	632	5.0
196	1403	5.0
196	3106	5.0
196	1432	5.0
196	1708	5.0
196	1961	5.0
196	2695	5.0
196	3022	5.0
196	3092	5.0
196	2743	5.0
196	2694	5.0
196	440	5.0
196	2216	5.0
196	720	5.0
196	2376	5.0
196	1434	5.0
196	1124	5.0
196	1191	5.0
197	2238	5.0
197	2830	5.0
197	1950	5.0
197	2468	5.0
197	2676	5.0
197	2255	5.0
197	445	5.0
197	2362	5.0
197	9	5.0
197	2437	5.0
197	2545	5.0
197	234	5.0
197	2587	5.0
197	2930	5.0
197	1440	5.0
197	2829	5.0
197	2358	5.0
197	2608	5.0
197	2574	5.0
197	604	5.0
197	3299	5.0
197	2405	5.0
197	1115	5.0
197	952	5.0
197	200	5.0
197	2431	5.0
197	957	5.0
197	2773	5.0
197	2594	5.0
197	2453	5.0
197	1799	5.0
197	2145	5.0
197	2015	5.0
197	2941	5.0
197	3320	5.0
197	2228	5.0
197	273	5.0
197	2495	5.0
197	2517	5.0
197	98	5.0
197	293	5.0
197	2648	5.0
197	622	5.0
197	2785	5.0
197	2991	5.0
197	2528	5.0
197	2058	5.0
197	3122	5.0
197	2779	5.0
197	2629	5.0
197	2569	5.0
197	277	5.0
197	2256	5.0
197	915	5.0
197	812	5.0
197	888	5.0
197	788	5.0
197	1106	5.0
197	2417	5.0
197	2602	5.0
197	2817	5.0
198	1566	5.0
198	183	5.0
198	190	5.0
198	185	5.0
199	1210	4.0
199	1976	5.0
199	29	5.0
199	178	5.0
199	1743	5.0
199	1677	3.0
199	2091	5.0
199	1923	5.0
199	1057	5.0
199	322	5.0
199	1919	3.0
199	1464	4.0
199	1861	4.0
199	1585	5.0
199	258	5.0
199	1361	4.0
199	523	5.0
199	1897	3.0
199	958	5.0
199	529	5.0
199	1498	5.0
199	1452	5.0
199	1157	5.0
199	623	5.0
199	803	5.0
199	985	5.0
199	1136	5.0
199	1875	4.0
199	1039	5.0
199	201	5.0
199	975	5.0
199	1131	5.0
199	2050	4.0
199	717	5.0
199	1883	4.0
199	34	4.0
199	758	5.0
199	630	5.0
199	559	5.0
199	1884	4.0
199	13	5.0
199	2541	5.0
199	1921	5.0
199	1886	4.0
199	1846	4.0
199	920	5.0
199	1985	5.0
199	31	5.0
199	1369	5.0
200	1714	5.0
200	2012	5.0
200	1520	5.0
200	1477	5.0
200	1920	5.0
201	1905	1.0
201	89	5.0
201	151	5.0
201	2005	5.0
202	1075	5.0
202	348	4.0
202	1640	5.0
202	457	5.0
202	10	5.0
202	626	5.0
202	254	4.0
202	986	5.0
202	127	5.0
202	478	5.0
202	504	5.0
202	1175	5.0
203	420	5.0
203	421	5.0
203	224	4.0
203	727	5.0
203	815	5.0
203	690	5.0
204	1784	4.0
204	1489	4.0
204	1540	4.0
204	1732	5.0
205	508	5.0
205	1006	5.0
205	2675	5.0
205	1267	4.0
205	94	4.0
205	797	5.0
205	2067	4.0
205	453	5.0
206	2101	4.0
206	2165	5.0
206	1983	4.0
206	2087	4.0
206	1982	4.0
206	2098	3.0
206	2102	5.0
206	1627	3.0
206	2232	5.0
206	3142	3.0
206	1980	5.0
206	14	3.0
207	2106	4.0
207	1274	4.0
207	586	5.0
207	875	5.0
208	1724	3.0
208	1948	5.0
208	1906	5.0
208	2163	4.0
208	2109	4.0
208	948	4.0
208	1111	5.0
208	238	5.0
208	1634	5.0
208	609	5.0
208	850	5.0
209	2648	5.0
209	371	5.0
209	564	5.0
209	878	3.0
209	230	5.0
209	2047	5.0
209	147	5.0
209	1449	5.0
209	244	5.0
209	964	5.0
209	1781	5.0
209	2756	5.0
209	385	5.0
209	359	5.0
209	889	5.0
209	319	5.0
209	3120	5.0
209	3077	5.0
209	651	5.0
209	2573	5.0
209	2049	5.0
209	86	5.0
209	2939	4.0
209	2518	5.0
209	2668	5.0
209	775	5.0
209	229	5.0
209	585	5.0
209	674	5.0
209	1826	3.0
209	1089	5.0
209	861	3.0
209	2928	5.0
209	1110	5.0
209	1643	5.0
209	316	5.0
210	146	5.0
210	140	5.0
210	169	5.0
210	162	5.0
211	2639	5.0
211	223	5.0
211	2502	5.0
211	2731	5.0
212	1340	5.0
212	2649	5.0
212	2564	5.0
212	1367	5.0
212	1920	5.0
212	365	5.0
212	2357	5.0
212	893	5.0
213	2271	5.0
213	1989	5.0
213	1015	5.0
213	3027	4.0
213	376	5.0
213	2134	4.0
213	96	4.0
213	1821	5.0
213	613	4.0
213	1494	3.0
213	1782	5.0
213	2329	4.0
214	1346	5.0
214	1497	5.0
214	1338	5.0
214	1375	5.0
215	1961	5.0
215	2174	5.0
215	3064	5.0
215	1721	3.0
215	1782	5.0
215	1355	5.0
216	2206	5.0
216	2443	5.0
216	2155	5.0
216	1426	5.0
217	2122	5.0
217	2119	5.0
217	2118	5.0
217	2117	5.0
218	1071	5.0
218	827	5.0
218	1771	5.0
218	1276	5.0
218	484	5.0
219	1741	4.0
219	1901	4.0
219	1338	4.0
219	1055	4.0
219	1316	4.0
219	3253	4.0
219	697	4.0
219	2002	4.0
220	415	5.0
220	1961	5.0
220	2015	5.0
220	1432	5.0
220	2381	4.0
220	607	5.0
221	1552	5.0
221	659	5.0
221	1124	5.0
221	1311	5.0
222	600	5.0
222	162	5.0
222	583	5.0
222	1040	5.0
223	2745	5.0
223	818	1.0
223	1839	5.0
223	83	5.0
223	63	5.0
224	1809	5.0
224	1486	5.0
224	2665	5.0
224	1290	3.0
224	2481	5.0
224	2576	5.0
224	112	5.0
224	2	5.0
224	58	5.0
225	2296	5.0
225	3326	5.0
225	632	5.0
225	41	5.0
225	2467	5.0
226	2609	5.0
226	2118	5.0
226	2648	5.0
226	2575	5.0
226	2623	5.0
227	2936	5.0
227	439	5.0
227	26	5.0
227	1057	5.0
227	828	5.0
227	1152	5.0
227	1864	5.0
227	1863	5.0
227	1154	5.0
227	1968	5.0
227	2467	5.0
227	1266	5.0
227	378	5.0
227	847	5.0
227	771	5.0
228	1185	5.0
228	2747	3.0
228	2156	4.0
228	3141	5.0
228	796	5.0
228	3124	5.0
228	134	5.0
229	1443	3.0
229	26	5.0
229	1550	5.0
229	126	4.0
230	2097	3.0
230	880	5.0
230	1810	4.0
230	1784	3.0
230	332	5.0
230	2115	4.0
231	673	5.0
231	585	5.0
231	777	5.0
231	3160	5.0
231	3025	5.0
231	395	5.0
231	723	5.0
232	325	5.0
232	1782	5.0
232	1869	5.0
232	1816	5.0
232	1689	4.0
232	1790	5.0
232	1763	5.0
232	1586	5.0
232	1888	5.0
232	1966	5.0
232	2431	4.0
232	1815	5.0
232	1434	5.0
233	356	5.0
233	1257	5.0
233	123	5.0
233	1733	5.0
233	355	5.0
234	2440	5.0
234	2584	5.0
234	2626	5.0
234	609	5.0
234	281	5.0
234	2654	5.0
234	2699	5.0
234	2444	5.0
234	2688	5.0
234	2063	5.0
234	2457	5.0
235	547	5.0
235	3279	5.0
235	2002	4.0
235	2295	5.0
235	1760	3.0
236	1229	5.0
236	1816	2.0
236	1152	5.0
236	2018	4.0
236	1768	4.0
236	723	5.0
236	2032	5.0
236	1788	5.0
236	1530	3.0
236	1910	5.0
236	1553	3.0
236	827	4.0
236	2025	3.0
236	1783	4.0
236	519	5.0
236	1190	4.0
236	1617	5.0
236	1822	5.0
236	1448	5.0
236	1821	5.0
236	496	3.0
236	1896	4.0
237	3132	5.0
237	915	5.0
237	223	5.0
237	2107	5.0
237	3021	5.0
237	1509	5.0
237	3177	5.0
237	523	5.0
238	1843	5.0
238	1674	5.0
238	501	5.0
238	1559	5.0
238	1722	5.0
238	1277	5.0
238	510	5.0
239	1983	5.0
239	1569	5.0
239	2099	3.0
239	1568	5.0
239	2102	5.0
240	83	5.0
240	1120	5.0
240	2453	5.0
240	126	5.0
240	1896	5.0
241	1403	5.0
241	617	5.0
241	285	5.0
241	3022	5.0
241	160	5.0
241	1005	5.0
241	148	5.0
241	2211	5.0
241	925	5.0
241	2904	5.0
241	780	5.0
241	5	5.0
241	859	5.0
241	1314	5.0
241	627	5.0
241	816	5.0
241	624	5.0
242	584	5.0
242	1217	5.0
242	2289	5.0
242	1497	5.0
243	1638	4.0
243	1301	4.0
243	2239	5.0
243	2100	5.0
243	1506	4.0
243	2098	5.0
243	1754	5.0
243	1529	5.0
243	1351	4.0
243	1570	4.0
243	1567	5.0
243	2087	5.0
243	1842	5.0
243	1837	4.0
243	1564	4.0
243	1536	4.0
243	1573	5.0
243	713	5.0
243	1568	4.0
243	1565	4.0
243	1645	4.0
243	2101	5.0
243	1572	4.0
243	1879	5.0
243	2099	5.0
244	1820	5.0
244	1784	5.0
244	2330	5.0
244	1867	5.0
244	1832	5.0
244	1377	5.0
244	1518	5.0
245	750	5.0
245	2218	5.0
245	22	5.0
245	1936	5.0
246	223	5.0
246	322	5.0
246	459	5.0
246	765	5.0
246	18	5.0
246	741	4.0
246	822	5.0
247	106	5.0
247	446	5.0
247	1961	5.0
247	1954	5.0
247	687	5.0
247	1153	5.0
248	1858	5.0
248	647	5.0
248	346	5.0
248	1655	5.0
248	1814	5.0
248	1905	5.0
248	1630	5.0
248	1859	5.0
248	233	5.0
248	295	5.0
248	1115	5.0
248	1803	5.0
248	1103	5.0
248	1563	5.0
249	1735	4.0
249	791	4.0
249	796	4.0
249	1452	3.0
250	2502	5.0
250	1497	4.0
250	2424	4.0
250	2329	4.0
250	2351	4.0
250	2503	4.0
250	2590	4.0
251	755	5.0
251	634	5.0
251	772	5.0
251	2989	5.0
252	2049	5.0
252	2089	5.0
252	1987	5.0
252	2146	5.0
252	2075	5.0
252	1579	5.0
252	1728	5.0
252	198	5.0
252	2118	5.0
252	2280	5.0
252	2029	5.0
252	664	5.0
252	1944	5.0
252	1380	5.0
252	2015	5.0
252	2040	5.0
252	1808	5.0
252	2485	5.0
253	377	5.0
253	1643	5.0
253	1152	5.0
253	388	5.0
253	1263	5.0
254	2298	5.0
254	1143	4.0
254	2179	4.0
254	223	3.0
255	332	5.0
255	1719	4.0
255	1487	5.0
255	3220	4.0
255	1828	4.0
255	1825	4.0
255	1094	5.0
255	663	5.0
255	1543	5.0
256	1056	4.0
256	2819	5.0
256	2176	5.0
256	2282	5.0
256	1084	5.0
256	2632	5.0
256	2799	5.0
256	1175	5.0
256	330	5.0
256	1103	5.0
256	1410	5.0
256	649	5.0
256	2903	5.0
256	1195	5.0
256	2993	5.0
256	2370	5.0
256	2250	5.0
256	2578	5.0
256	295	5.0
256	2279	5.0
256	354	5.0
256	3086	5.0
256	2958	5.0
256	2908	5.0
256	2142	5.0
256	2410	5.0
256	2024	5.0
256	2742	5.0
256	438	5.0
256	2801	5.0
257	1320	3.0
257	1219	3.0
257	1656	3.0
257	1790	3.0
257	1750	3.0
258	1595	5.0
258	1652	5.0
258	2388	5.0
258	1484	5.0
258	1644	5.0
258	1642	5.0
258	1676	5.0
258	1656	5.0
258	1787	5.0
258	1603	5.0
258	1507	5.0
258	1707	5.0
259	296	5.0
259	3075	5.0
259	2776	5.0
259	46	5.0
259	2953	5.0
259	2106	5.0
259	791	5.0
259	166	5.0
259	199	5.0
259	2979	5.0
260	3224	5.0
260	598	5.0
260	1437	5.0
260	3221	5.0
260	1122	5.0
260	139	5.0
260	1442	5.0
260	1066	5.0
261	1954	5.0
261	1916	3.0
261	2058	5.0
261	1966	5.0
261	1869	5.0
261	2015	5.0
261	2104	5.0
261	1958	3.0
261	2238	4.0
261	1999	3.0
261	1905	5.0
261	3034	5.0
261	2142	1.0
261	1816	5.0
262	1816	5.0
262	1957	4.0
262	1904	4.0
262	1648	5.0
263	2590	4.0
263	413	5.0
263	1707	5.0
263	2743	5.0
263	2118	5.0
264	1825	2.0
264	3079	5.0
264	3220	2.0
264	556	2.0
264	1698	2.0
264	1719	1.0
264	1309	5.0
264	555	3.0
264	1459	4.0
265	1560	5.0
265	1707	5.0
265	1229	5.0
265	1810	3.0
266	2548	5.0
266	1879	5.0
266	2644	5.0
266	1629	5.0
266	1609	5.0
266	2231	5.0
266	2719	5.0
266	1529	5.0
266	2692	5.0
266	1810	5.0
266	2562	5.0
266	2266	5.0
267	1091	5.0
267	3067	5.0
267	916	5.0
267	2813	5.0
267	9	5.0
268	1316	5.0
268	2615	5.0
268	1492	5.0
268	2299	5.0
268	1752	5.0
268	152	5.0
268	2426	5.0
268	1741	5.0
268	1278	5.0
268	2326	5.0
268	636	5.0
268	315	5.0
268	2724	5.0
268	2753	5.0
268	1210	4.0
268	335	5.0
268	2133	5.0
268	2349	5.0
268	710	4.0
268	1494	5.0
268	1821	5.0
268	2157	5.0
268	2127	5.0
269	368	5.0
269	3179	5.0
269	2797	5.0
269	2917	5.0
270	1445	4.0
270	2058	3.0
270	1944	4.0
270	329	4.0
270	1421	4.0
270	750	5.0
270	1781	3.0
270	1750	4.0
270	101	4.0
270	409	5.0
270	105	4.0
270	1775	4.0
271	2545	5.0
271	2572	4.0
271	2468	5.0
271	2484	5.0
271	2550	5.0
271	2222	5.0
272	187	5.0
272	715	5.0
272	336	5.0
272	207	5.0
272	1562	5.0
272	208	5.0
272	1707	5.0
273	1568	4.0
273	1521	4.0
273	891	5.0
273	1557	3.0
273	1565	4.0
273	894	4.0
273	1088	5.0
274	2620	5.0
274	3042	5.0
274	3113	5.0
274	111	5.0
274	860	5.0
274	2743	5.0
275	889	5.0
275	2393	5.0
275	2658	5.0
275	2075	5.0
276	3332	5.0
276	2002	5.0
276	3197	5.0
276	1059	5.0
277	2174	5.0
277	727	5.0
277	167	4.0
277	659	4.0
277	2162	5.0
277	2548	5.0
277	1784	5.0
278	2055	5.0
278	2080	5.0
278	2300	4.0
278	2473	5.0
278	2610	5.0
278	2995	4.0
278	2403	5.0
278	2219	4.0
278	2393	5.0
278	2494	5.0
278	2850	5.0
278	1738	5.0
278	2287	5.0
278	2040	4.0
278	1305	4.0
278	2793	4.0
278	1168	5.0
278	2374	5.0
278	2163	4.0
278	2483	4.0
278	664	4.0
278	2089	5.0
278	2353	5.0
278	3267	5.0
278	1782	5.0
278	863	4.0
278	1354	4.0
278	2223	5.0
279	358	5.0
279	929	5.0
279	109	5.0
279	1387	5.0
279	930	5.0
280	587	5.0
280	726	5.0
280	98	5.0
280	2974	5.0
280	643	5.0
280	573	5.0
280	32	5.0
280	727	5.0
280	1478	5.0
281	2058	5.0
281	81	5.0
281	182	5.0
281	312	5.0
282	1965	4.0
282	1897	4.0
282	983	4.0
282	1919	4.0
282	2541	4.0
283	738	5.0
283	2394	5.0
283	2075	5.0
283	2662	5.0
283	1155	5.0
284	2517	5.0
284	940	5.0
284	1748	4.0
284	1475	5.0
285	776	5.0
285	543	5.0
285	1060	5.0
285	2930	5.0
285	815	5.0
285	34	5.0
285	895	5.0
285	61	5.0
285	2971	5.0
285	218	5.0
285	1407	5.0
285	2767	5.0
285	2919	5.0
285	789	5.0
285	2418	5.0
285	31	5.0
286	2181	3.0
286	1731	3.0
286	721	4.0
286	1909	3.0
286	1806	4.0
286	1823	3.0
286	1375	3.0
286	1191	3.0
287	1572	5.0
287	426	5.0
287	1662	5.0
287	1566	5.0
287	1573	5.0
288	1996	5.0
288	1285	5.0
288	2160	5.0
288	1362	5.0
289	1854	5.0
289	1071	5.0
289	1514	4.0
289	1864	4.0
290	1155	4.0
290	2130	5.0
290	1112	4.0
290	32	4.0
290	1265	5.0
290	1374	5.0
290	793	5.0
290	2289	5.0
291	2118	5.0
291	1071	5.0
291	1489	5.0
291	2331	5.0
291	1530	5.0
291	1490	5.0
291	1209	5.0
291	2120	5.0
292	1961	5.0
292	2126	5.0
292	1250	5.0
292	2637	4.0
292	2352	5.0
292	1750	5.0
292	1323	5.0
292	2502	5.0
293	1929	3.0
293	1682	4.0
293	1891	4.0
293	1805	3.0
293	1934	5.0
293	1629	4.0
293	1928	3.0
293	1517	5.0
293	883	5.0
294	176	5.0
294	1067	5.0
294	1416	5.0
294	695	5.0
294	652	5.0
294	1810	5.0
294	1543	4.0
294	211	5.0
294	577	5.0
294	1085	5.0
294	1380	5.0
294	824	5.0
295	1738	5.0
295	943	5.0
295	715	5.0
295	1905	5.0
296	2106	5.0
296	897	5.0
296	3051	5.0
296	2288	5.0
296	1215	5.0
297	1905	5.0
297	1945	5.0
297	1355	5.0
297	1869	5.0
298	2619	5.0
298	1299	5.0
298	1359	5.0
298	1345	5.0
298	1552	5.0
299	3037	5.0
299	719	5.0
299	1401	5.0
299	1501	4.0
299	1383	5.0
300	351	5.0
300	1952	5.0
300	581	4.0
300	2336	2.0
301	1216	5.0
301	1911	5.0
301	1796	5.0
301	1555	5.0
301	2133	5.0
301	1616	5.0
301	1340	5.0
301	1359	5.0
301	387	5.0
301	1547	5.0
301	1465	5.0
301	1049	5.0
301	1426	5.0
301	1662	5.0
301	1062	5.0
301	1640	5.0
301	1319	5.0
302	1988	5.0
302	2562	5.0
302	2091	5.0
302	2266	5.0
302	2719	5.0
302	2379	5.0
302	1923	5.0
302	3206	5.0
302	1488	5.0
302	1452	5.0
302	2715	5.0
302	2066	5.0
302	3192	5.0
302	2650	5.0
303	1250	5.0
303	2117	5.0
303	1188	5.0
303	2121	5.0
303	895	5.0
303	1848	5.0
304	839	5.0
304	510	5.0
304	1573	4.0
304	2067	5.0
304	1784	5.0
305	1889	5.0
305	1842	5.0
305	1663	5.0
305	1865	5.0
306	886	5.0
306	973	5.0
306	496	5.0
306	845	5.0
307	1545	5.0
307	832	5.0
307	2106	5.0
307	2460	5.0
308	2711	5.0
308	2353	5.0
308	2653	5.0
308	2358	5.0
308	2655	5.0
308	2382	5.0
308	2908	5.0
308	2623	5.0
308	3121	5.0
309	2465	4.0
309	2742	5.0
309	2748	5.0
309	1966	5.0
309	2686	5.0
310	932	5.0
310	650	5.0
310	595	5.0
310	743	5.0
310	855	5.0
310	654	5.0
310	133	5.0
310	956	5.0
310	68	5.0
310	751	5.0
310	1744	5.0
310	106	5.0
310	648	5.0
310	742	5.0
310	2974	5.0
310	649	5.0
310	716	5.0
310	643	5.0
310	532	5.0
310	646	5.0
310	639	5.0
310	677	5.0
310	682	5.0
310	999	5.0
310	587	5.0
310	2445	5.0
310	888	5.0
310	812	5.0
310	1288	5.0
310	2446	5.0
310	778	5.0
310	813	5.0
310	2960	5.0
310	857	5.0
310	2970	5.0
310	175	5.0
310	1008	5.0
310	686	5.0
310	837	5.0
310	1115	5.0
310	588	5.0
310	2151	5.0
310	590	5.0
311	1642	5.0
311	1388	5.0
311	1387	5.0
311	1386	5.0
312	2108	5.0
312	1329	5.0
312	759	5.0
312	1519	5.0
312	2040	4.0
313	2615	5.0
313	2393	5.0
313	2639	3.0
313	2694	5.0
313	103	5.0
313	2628	5.0
314	1215	3.0
314	1341	5.0
314	1823	5.0
314	38	5.0
314	1507	5.0
314	1457	5.0
314	1872	5.0
314	1508	5.0
314	1504	5.0
314	1316	5.0
314	1537	5.0
315	2312	5.0
315	1341	5.0
315	1728	4.0
315	1787	4.0
315	1736	5.0
316	1829	5.0
316	187	5.0
316	2983	5.0
316	2052	5.0
316	1961	5.0
316	1550	5.0
316	1811	5.0
316	96	5.0
316	1880	5.0
316	589	5.0
316	1984	5.0
316	1900	5.0
317	369	5.0
317	1643	5.0
317	109	4.0
317	2669	4.0
317	1191	5.0
317	1449	5.0
317	2733	5.0
317	1215	4.0
317	186	5.0
317	1387	5.0
317	1132	5.0
317	86	5.0
318	958	5.0
318	2363	5.0
318	368	5.0
318	1159	5.0
318	1850	5.0
318	904	5.0
318	39	5.0
318	2135	5.0
318	2428	5.0
318	825	5.0
318	1844	5.0
318	43	5.0
318	3125	5.0
318	2390	4.0
318	3123	5.0
318	1634	5.0
319	1736	5.0
319	145	5.0
319	2855	5.0
319	147	5.0
319	1407	5.0
319	1228	5.0
319	2854	5.0
319	3103	5.0
320	2753	5.0
320	2523	5.0
320	3333	5.0
320	2273	5.0
321	1425	5.0
321	1397	5.0
321	1601	5.0
321	1533	5.0
322	1151	5.0
322	1276	5.0
322	907	5.0
322	1433	5.0
323	1632	5.0
323	484	5.0
323	1475	5.0
323	3034	5.0
324	2329	5.0
324	665	5.0
324	290	5.0
324	688	5.0
324	625	5.0
324	964	5.0
324	1118	5.0
324	789	5.0
325	1705	5.0
325	1107	5.0
325	2390	5.0
325	104	5.0
325	1166	5.0
325	103	5.0
326	2069	5.0
326	1808	5.0
326	1728	5.0
326	1890	5.0
326	1896	5.0
326	1764	5.0
326	2017	5.0
326	2038	5.0
326	1773	5.0
326	1546	5.0
326	1780	5.0
326	1986	5.0
326	2029	5.0
326	1905	5.0
326	1707	5.0
326	2089	5.0
326	1706	5.0
326	2118	5.0
326	1448	5.0
326	2015	5.0
326	1961	5.0
327	1598	5.0
327	1491	5.0
327	288	5.0
327	941	5.0
327	1834	5.0
327	1471	5.0
327	1578	5.0
327	1802	5.0
327	1835	5.0
327	1784	5.0
327	1961	5.0
327	1727	5.0
327	1464	5.0
327	1581	5.0
327	1710	5.0
327	1399	3.0
327	1820	5.0
328	1408	5.0
328	477	5.0
328	1274	5.0
328	1432	5.0
328	425	5.0
328	2106	5.0
328	1434	5.0
328	1406	5.0
328	2017	5.0
328	1563	5.0
328	478	5.0
329	2107	4.0
329	1796	3.0
329	1736	4.0
329	2015	3.0
329	1907	3.0
329	2118	3.0
330	3186	4.0
330	1602	4.0
330	2807	4.0
330	3031	5.0
331	1355	5.0
331	1314	5.0
331	485	5.0
331	760	5.0
331	714	5.0
331	1551	5.0
331	1061	5.0
331	1144	5.0
331	1713	5.0
332	1960	5.0
332	2463	5.0
332	1125	5.0
332	856	5.0
332	2413	5.0
332	1222	5.0
332	1173	5.0
332	561	5.0
332	332	5.0
333	42	5.0
333	371	5.0
333	27	1.0
333	3118	5.0
333	405	1.0
333	1057	1.0
334	2742	5.0
334	2696	5.0
334	2687	5.0
334	1400	5.0
334	2752	5.0
335	1409	5.0
335	1870	5.0
335	1868	5.0
335	1394	5.0
335	1974	5.0
335	1294	5.0
335	2517	5.0
335	1951	5.0
335	1958	5.0
335	1859	5.0
335	1400	5.0
336	1657	5.0
336	2362	5.0
336	823	5.0
336	3109	5.0
336	2614	5.0
336	820	5.0
336	402	5.0
336	469	5.0
336	1909	5.0
336	1722	5.0
336	3071	5.0
336	480	5.0
336	2195	5.0
336	359	5.0
336	1773	5.0
336	2186	5.0
336	1606	3.0
336	1135	5.0
336	2634	5.0
336	2364	5.0
336	1750	5.0
336	284	5.0
336	2750	5.0
336	2204	5.0
336	618	5.0
336	20	3.0
336	2601	5.0
336	3073	5.0
336	2227	3.0
336	272	5.0
336	972	5.0
336	1118	5.0
336	1589	5.0
336	1636	5.0
336	2124	5.0
336	2361	5.0
337	2015	5.0
337	2172	5.0
337	566	5.0
337	2013	5.0
337	2113	5.0
337	2107	5.0
337	2017	5.0
337	1248	4.0
337	228	5.0
337	1533	5.0
338	291	5.0
338	2526	4.0
338	1810	5.0
338	1748	5.0
339	20	5.0
339	1262	5.0
339	1606	5.0
339	922	5.0
340	2351	5.0
340	3264	4.0
340	2501	4.0
340	2890	4.0
340	2749	5.0
340	2554	5.0
340	2407	5.0
340	2750	5.0
340	944	5.0
340	3306	5.0
341	388	5.0
341	1903	5.0
341	1274	5.0
341	390	5.0
341	2106	5.0
342	1707	5.0
342	1593	4.0
342	2015	5.0
342	1670	5.0
343	2107	5.0
343	1707	5.0
343	399	5.0
343	1775	5.0
343	1780	5.0
343	847	5.0
343	1542	5.0
343	1738	5.0
344	1426	5.0
344	1514	5.0
344	2671	5.0
344	1544	5.0
344	2336	4.0
344	1823	2.0
345	1245	5.0
345	1936	5.0
345	410	5.0
345	152	5.0
345	435	5.0
345	374	5.0
345	3163	5.0
346	2880	5.0
346	2849	5.0
346	287	5.0
346	2743	5.0
346	1096	5.0
346	2026	5.0
346	2600	5.0
346	2571	5.0
346	352	5.0
346	2573	5.0
346	3185	5.0
347	1152	4.0
347	2385	5.0
347	2376	5.0
347	727	5.0
347	3330	4.0
347	2621	5.0
347	1022	5.0
347	701	5.0
348	345	5.0
348	382	5.0
348	2477	5.0
348	346	5.0
349	242	4.0
349	1961	4.0
349	2015	4.0
349	1617	4.0
349	2351	4.0
349	2545	5.0
350	1541	5.0
350	2392	5.0
350	2340	5.0
350	2616	5.0
350	929	5.0
350	1431	5.0
350	2380	5.0
350	1890	5.0
350	2653	5.0
350	2393	5.0
350	2381	5.0
350	1670	5.0
350	1540	5.0
350	1318	5.0
350	2077	5.0
350	3244	5.0
350	930	5.0
350	2078	5.0
350	2075	5.0
351	1195	5.0
351	2069	5.0
351	2001	5.0
351	1995	5.0
351	1092	5.0
351	423	5.0
351	2559	5.0
351	926	5.0
351	393	5.0
351	2464	5.0
351	428	5.0
351	1916	5.0
351	2473	5.0
351	2690	5.0
351	3163	5.0
351	2620	5.0
351	732	5.0
351	3011	5.0
351	2223	5.0
351	2891	5.0
351	652	5.0
352	343	5.0
352	1642	5.0
352	1191	5.0
352	1630	5.0
353	2328	5.0
353	1821	5.0
353	1824	5.0
353	2349	3.0
353	1822	5.0
354	2301	3.0
354	2561	3.0
354	380	4.0
354	711	4.0
354	2011	4.0
354	2399	3.0
354	2582	4.0
354	2642	4.0
354	1741	5.0
355	1548	4.0
355	2342	4.0
355	1975	5.0
355	2082	4.0
356	2189	4.0
356	2545	5.0
356	2234	4.0
356	932	5.0
356	742	5.0
356	1115	5.0
357	1736	5.0
357	2673	5.0
357	657	5.0
357	1215	3.0
358	2492	5.0
358	289	5.0
358	859	5.0
358	2603	5.0
358	1116	5.0
359	113	5.0
359	1379	5.0
359	1184	5.0
359	215	5.0
359	793	5.0
359	11	5.0
360	2092	5.0
360	450	4.0
360	1857	5.0
360	1477	5.0
360	1950	4.0
361	676	4.0
361	1530	4.0
361	1256	5.0
361	1736	4.0
362	2348	5.0
362	1783	5.0
362	1712	5.0
362	1640	5.0
362	1553	5.0
362	2351	5.0
362	1494	5.0
362	2529	5.0
362	1581	3.0
362	1578	2.0
362	1054	5.0
362	1338	5.0
362	1055	5.0
362	1679	5.0
362	226	5.0
362	1278	5.0
362	1404	2.0
362	1319	5.0
362	1432	5.0
362	1332	5.0
362	1331	5.0
362	2329	5.0
362	1337	5.0
362	1052	5.0
362	1053	5.0
362	1711	5.0
362	166	5.0
363	1453	5.0
363	684	5.0
363	898	5.0
363	700	5.0
363	881	5.0
363	515	5.0
363	702	5.0
363	370	5.0
363	307	5.0
363	260	5.0
363	149	5.0
363	863	5.0
363	1235	5.0
364	918	5.0
364	509	5.0
364	799	5.0
364	2450	5.0
364	2442	5.0
364	2280	5.0
364	2390	5.0
364	2424	5.0
364	1698	5.0
364	505	5.0
364	104	5.0
364	1131	5.0
364	26	5.0
364	506	5.0
365	1728	5.0
365	270	5.0
365	1356	5.0
365	271	5.0
365	398	5.0
366	1856	5.0
366	1182	5.0
366	854	5.0
366	2145	5.0
366	2024	5.0
366	2058	5.0
366	1942	5.0
366	2223	5.0
366	2035	5.0
366	1961	5.0
367	3164	5.0
367	1961	5.0
367	2319	5.0
367	3178	4.0
368	2758	5.0
368	3061	5.0
368	2756	5.0
368	2462	5.0
368	2648	5.0
368	1212	5.0
368	2611	5.0
368	2963	5.0
368	2	5.0
368	1146	5.0
368	2585	5.0
368	213	5.0
368	1201	5.0
368	2590	5.0
368	2501	5.0
368	498	5.0
368	2369	5.0
368	198	5.0
368	2461	5.0
368	2158	5.0
369	2279	5.0
369	542	5.0
369	749	5.0
369	2390	5.0
369	215	5.0
369	2389	5.0
369	671	5.0
370	2145	5.0
370	352	5.0
370	2248	4.0
370	2029	5.0
371	1968	4.0
371	2002	5.0
371	2857	5.0
371	2111	4.0
371	1307	4.0
371	1123	5.0
371	2731	5.0
371	997	4.0
372	2434	5.0
372	2361	5.0
372	2573	5.0
372	2080	5.0
372	2777	5.0
372	839	5.0
373	2451	2.0
373	2998	5.0
373	648	5.0
373	2831	3.0
373	1063	2.0
373	896	1.0
373	980	2.0
373	576	3.0
373	930	1.0
373	2789	5.0
373	1432	1.0
373	1781	2.0
373	867	4.0
373	873	3.0
373	727	2.0
373	795	3.0
373	1753	2.0
373	1263	5.0
373	1434	2.0
374	2644	5.0
374	2560	5.0
374	3334	5.0
374	3245	5.0
374	1865	5.0
374	2692	4.0
374	3298	4.0
374	3322	4.0
375	1710	5.0
375	1095	5.0
375	1754	5.0
375	2189	5.0
375	1202	5.0
375	1961	5.0
375	1867	5.0
375	1832	4.0
375	1889	4.0
375	2234	5.0
376	1630	5.0
376	1552	5.0
376	1987	5.0
376	1811	5.0
376	2230	5.0
376	1530	5.0
376	1447	5.0
376	2357	5.0
376	2384	5.0
376	2197	5.0
376	2234	5.0
376	1912	5.0
376	1612	5.0
376	1738	5.0
376	1172	5.0
376	1989	5.0
376	1750	5.0
376	1764	5.0
376	2834	5.0
376	2351	5.0
376	1780	5.0
376	2287	5.0
376	2295	5.0
376	1317	5.0
376	1617	5.0
376	2055	5.0
376	3280	5.0
376	1642	5.0
376	1782	5.0
376	2146	5.0
376	1707	5.0
376	1890	5.0
376	3207	5.0
376	2463	5.0
376	2314	5.0
376	1087	5.0
376	2376	5.0
376	2246	5.0
376	1896	5.0
376	2145	5.0
376	2300	5.0
376	2075	5.0
376	2874	5.0
376	2172	5.0
376	3228	5.0
376	1917	5.0
376	1236	5.0
376	1540	5.0
376	1986	5.0
377	575	5.0
377	2374	5.0
377	1086	5.0
377	400	5.0
378	2075	4.0
378	924	5.0
378	387	5.0
378	2362	5.0
378	2253	4.0
378	782	5.0
378	603	5.0
378	642	5.0
378	1042	5.0
379	637	5.0
379	589	5.0
379	100	5.0
379	815	5.0
379	3095	5.0
380	475	5.0
380	2348	4.0
380	1053	4.0
380	739	5.0
380	1713	4.0
380	1465	3.0
380	2081	4.0
380	1445	4.0
380	749	5.0
380	2079	5.0
380	2080	4.0
380	722	5.0
380	1514	4.0
380	1804	4.0
381	1207	5.0
381	57	5.0
381	1086	4.0
381	1159	5.0
381	989	5.0
381	987	4.0
381	477	5.0
382	215	4.0
382	171	4.0
382	2937	4.0
382	1100	4.0
382	76	4.0
382	176	4.0
383	158	5.0
383	1173	5.0
383	2616	5.0
383	2302	5.0
383	2351	5.0
383	2413	5.0
383	2437	5.0
383	2648	5.0
383	2655	5.0
383	2575	5.0
384	2690	5.0
384	3055	5.0
384	1505	5.0
384	2256	5.0
384	2754	5.0
384	2468	5.0
384	2732	5.0
385	248	5.0
385	2871	5.0
385	1715	5.0
385	990	5.0
385	2731	5.0
385	2652	5.0
385	1204	5.0
386	397	5.0
386	416	5.0
386	229	1.0
386	383	5.0
386	1269	5.0
386	214	5.0
386	763	5.0
386	635	5.0
386	1105	2.0
386	846	1.0
386	74	5.0
386	741	5.0
386	2973	5.0
386	666	5.0
386	594	5.0
387	1780	4.0
387	168	5.0
387	2397	5.0
387	2315	5.0
387	2307	5.0
387	2704	5.0
387	2308	5.0
387	2229	5.0
387	2281	5.0
387	2703	3.0
387	2690	5.0
388	3099	4.0
388	2901	5.0
388	3008	4.0
388	804	4.0
388	695	5.0
388	385	5.0
388	241	4.0
388	2899	3.0
388	1313	2.0
389	2356	5.0
389	3290	5.0
389	2001	5.0
389	1961	5.0
389	2438	5.0
389	1366	5.0
389	2534	5.0
389	2160	5.0
389	898	5.0
390	703	5.0
390	1640	5.0
390	409	5.0
390	619	5.0
391	1677	5.0
391	1428	5.0
391	1978	5.0
391	123	5.0
391	2129	5.0
391	2067	4.0
391	1611	4.0
391	1473	5.0
391	1476	5.0
391	2091	5.0
391	2066	4.0
391	2541	4.0
391	2115	5.0
391	1229	5.0
391	1625	4.0
392	2030	4.0
392	1700	5.0
392	1757	3.0
392	2475	1.0
392	1690	4.0
392	2462	4.0
392	1689	1.0
393	571	5.0
393	191	4.0
393	272	5.0
393	3331	5.0
393	2458	5.0
393	193	5.0
393	408	5.0
393	142	5.0
393	2718	4.0
393	349	5.0
393	2965	5.0
393	263	5.0
393	3043	5.0
393	317	5.0
393	1127	5.0
393	2028	5.0
393	165	5.0
393	737	5.0
393	2805	4.0
393	2135	5.0
393	210	5.0
393	28	5.0
393	2912	5.0
393	905	5.0
393	244	5.0
393	1268	5.0
393	2914	5.0
393	644	5.0
393	176	5.0
393	267	4.0
393	3154	5.0
393	1627	4.0
393	264	5.0
394	549	5.0
394	2490	5.0
394	1643	5.0
394	11	4.0
394	775	5.0
394	572	5.0
394	523	5.0
395	525	5.0
395	1903	5.0
395	347	4.0
395	390	5.0
396	1089	5.0
396	399	5.0
396	1308	5.0
396	1387	5.0
396	832	5.0
396	454	5.0
396	410	5.0
397	1124	5.0
397	306	5.0
397	853	5.0
397	2075	4.0
397	1456	5.0
397	965	4.0
397	1192	5.0
397	1441	4.0
397	1146	5.0
397	1011	5.0
397	1874	4.0
397	2427	5.0
397	1482	4.0
397	866	4.0
398	1683	3.0
398	2507	4.0
398	3313	3.0
398	1605	5.0
398	2577	5.0
398	2596	4.0
398	946	5.0
398	2990	5.0
398	2143	3.0
399	164	5.0
399	579	5.0
399	567	5.0
399	1142	5.0
399	1212	5.0
399	499	5.0
400	1750	5.0
400	1781	3.0
400	2170	5.0
400	2550	5.0
400	1973	5.0
400	2307	5.0
401	2160	5.0
401	2657	5.0
401	2518	5.0
401	1492	5.0
401	2357	5.0
401	3196	5.0
401	490	5.0
401	2103	5.0
401	2314	5.0
401	2223	5.0
402	2935	5.0
402	3110	5.0
402	2937	5.0
402	3101	5.0
403	2395	5.0
403	1885	4.0
403	2290	5.0
403	2505	5.0
404	1788	3.0
404	1348	5.0
404	1046	3.0
404	1215	3.0
404	1502	3.0
405	1652	5.0
405	2618	5.0
405	2158	5.0
405	2107	5.0
405	934	5.0
405	2749	5.0
405	312	5.0
405	2595	5.0
405	2552	5.0
406	1470	5.0
406	1640	5.0
406	2113	5.0
406	1852	5.0
407	1166	4.0
407	265	5.0
407	1217	5.0
407	399	5.0
407	1843	5.0
407	1558	5.0
407	155	5.0
407	1750	5.0
407	1559	5.0
407	746	5.0
407	759	5.0
407	1611	5.0
407	561	4.0
407	1229	5.0
408	2431	5.0
408	2517	5.0
408	2279	5.0
408	3287	5.0
408	2594	4.0
408	2197	5.0
408	2105	5.0
408	2251	5.0
409	2069	4.0
409	1817	3.0
409	1780	4.0
409	2089	4.0
409	1908	4.0
409	1714	4.0
409	2271	5.0
409	2248	3.0
409	1532	3.0
409	1994	4.0
409	1698	4.0
409	1810	4.0
409	1852	5.0
409	2058	5.0
409	2029	3.0
409	2080	4.0
409	1829	4.0
409	2278	4.0
409	2107	4.0
409	1772	3.0
409	1360	5.0
409	2220	5.0
409	1911	4.0
409	410	5.0
409	1617	5.0
409	2055	5.0
409	1736	4.0
410	1905	5.0
410	678	5.0
410	937	5.0
410	1671	4.0
411	2358	5.0
411	2107	5.0
411	2956	5.0
411	90	5.0
411	1130	4.0
411	1911	5.0
411	3047	4.0
411	2545	5.0
411	1622	5.0
411	853	5.0
411	2039	5.0
411	1788	5.0
411	1880	5.0
411	2208	5.0
411	954	4.0
411	1898	5.0
411	2003	5.0
411	809	3.0
411	85	5.0
411	2503	4.0
411	1343	5.0
411	66	5.0
411	3227	5.0
411	465	5.0
411	255	5.0
411	930	5.0
411	710	4.0
411	2329	5.0
411	2009	5.0
411	2160	5.0
411	87	5.0
411	198	5.0
411	765	5.0
411	2246	5.0
411	310	5.0
411	744	5.0
411	333	5.0
411	227	5.0
411	172	5.0
411	2279	4.0
411	284	4.0
411	2065	4.0
411	1246	3.0
411	2299	5.0
411	510	5.0
411	374	5.0
411	50	4.0
411	2132	5.0
411	763	5.0
411	104	4.0
411	1230	4.0
411	2223	5.0
411	792	5.0
411	1679	5.0
411	2403	4.0
411	1662	4.0
411	2473	5.0
411	1311	4.0
411	77	5.0
411	265	5.0
411	159	5.0
411	584	3.0
411	506	3.0
411	1072	5.0
411	1740	5.0
411	413	5.0
411	1871	4.0
411	864	5.0
411	583	5.0
411	2159	4.0
411	1392	5.0
411	3278	5.0
411	137	5.0
411	2069	5.0
411	1257	5.0
411	3209	5.0
411	1961	5.0
411	516	5.0
411	2252	4.0
411	1969	5.0
411	561	4.0
411	2489	5.0
411	674	4.0
411	62	5.0
411	1728	5.0
411	1314	4.0
411	856	5.0
411	2110	5.0
411	2498	5.0
411	1365	5.0
411	2127	5.0
411	515	4.0
411	483	5.0
411	2607	5.0
411	2146	4.0
411	136	5.0
411	1243	5.0
411	2615	5.0
411	988	4.0
411	402	5.0
411	2221	5.0
411	1899	5.0
411	2002	4.0
411	1026	4.0
411	651	5.0
411	898	5.0
411	2391	5.0
411	2658	5.0
411	2518	4.0
411	2157	5.0
411	338	5.0
411	1925	5.0
411	1773	5.0
411	2207	5.0
411	2058	5.0
411	2049	3.0
411	623	5.0
412	1779	3.0
412	2060	3.0
412	2115	3.0
412	2129	3.0
412	2094	3.0
413	2072	5.0
413	1857	5.0
413	2267	5.0
413	1950	5.0
413	1694	5.0
413	2151	5.0
413	1853	5.0
413	2045	4.0
413	2240	5.0
413	2709	5.0
413	1792	5.0
413	869	5.0
414	1198	5.0
414	159	5.0
414	2878	5.0
414	1821	5.0
414	2058	5.0
414	2456	5.0
414	2219	5.0
414	375	5.0
414	1136	5.0
414	40	5.0
414	1660	5.0
414	1307	5.0
414	1724	5.0
414	442	5.0
414	3047	5.0
415	1549	5.0
415	1625	5.0
415	1611	5.0
415	1627	5.0
415	1217	5.0
415	1833	5.0
415	1229	5.0
415	1684	5.0
416	2029	5.0
416	2221	5.0
416	2485	5.0
416	2610	5.0
416	2573	5.0
416	2222	5.0
416	2694	5.0
416	2201	5.0
416	2348	5.0
416	2627	5.0
416	2061	4.0
416	370	5.0
416	1984	5.0
416	2424	5.0
416	2618	3.0
416	2450	5.0
417	1102	5.0
417	2247	5.0
417	2151	3.0
417	973	5.0
417	1994	5.0
418	397	5.0
418	2376	5.0
418	2439	5.0
418	1549	5.0
418	1556	5.0
418	1506	5.0
418	1560	5.0
418	1677	5.0
418	3241	5.0
418	2514	5.0
418	1682	5.0
418	2223	5.0
418	2075	5.0
418	584	5.0
418	1805	5.0
418	2515	5.0
418	1934	5.0
418	3281	5.0
418	2221	5.0
418	1217	5.0
418	1463	5.0
418	1559	5.0
418	2417	5.0
418	3242	5.0
418	1891	5.0
418	1875	5.0
418	2322	5.0
418	1833	5.0
418	2525	5.0
419	496	5.0
419	1465	5.0
419	966	5.0
419	357	3.0
419	2387	5.0
420	1738	5.0
420	3072	5.0
420	1911	5.0
420	1780	5.0
420	3208	5.0
420	2113	5.0
420	1644	5.0
420	1441	5.0
420	1826	5.0
420	1600	5.0
420	3250	5.0
420	1816	5.0
420	331	5.0
420	1817	5.0
420	2861	5.0
420	1577	5.0
420	1772	5.0
420	700	5.0
420	369	5.0
420	1830	5.0
420	1831	5.0
420	1955	5.0
420	1905	5.0
420	2007	5.0
421	2538	5.0
421	2433	5.0
421	2262	5.0
421	3216	5.0
421	110	5.0
421	2412	5.0
422	1961	5.0
422	2067	3.0
422	1377	2.0
422	2050	3.0
422	2070	4.0
422	1229	3.0
422	1560	3.0
422	1581	3.0
423	292	5.0
423	169	5.0
423	122	5.0
423	164	5.0
423	2015	5.0
423	2120	5.0
423	619	5.0
423	2068	5.0
423	246	5.0
423	513	4.0
423	189	5.0
423	557	5.0
423	1961	5.0
423	157	5.0
424	2629	5.0
424	2616	5.0
424	2547	5.0
424	2113	5.0
424	2181	5.0
424	3107	5.0
424	1848	5.0
424	2623	5.0
424	309	5.0
424	2223	5.0
424	329	5.0
424	3152	5.0
424	2374	5.0
424	1640	5.0
424	973	5.0
424	2279	5.0
424	2716	5.0
424	1642	5.0
424	2431	5.0
424	2732	5.0
424	1535	5.0
424	1612	5.0
424	2573	5.0
424	2846	5.0
424	1896	5.0
424	2351	5.0
424	1532	5.0
424	1283	5.0
424	1449	5.0
424	2358	5.0
424	1355	5.0
424	957	5.0
424	1780	5.0
424	2409	5.0
424	2655	5.0
424	2743	5.0
425	3235	5.0
425	3217	5.0
425	136	5.0
425	1832	4.0
425	54	5.0
425	1035	5.0
425	137	5.0
425	2265	4.0
425	3289	5.0
425	2022	5.0
426	1709	5.0
426	2205	5.0
426	2634	5.0
426	2589	5.0
426	3328	5.0
427	225	5.0
427	3194	5.0
427	1640	5.0
427	2158	5.0
427	2473	5.0
427	169	5.0
427	475	5.0
427	2354	5.0
427	2015	5.0
427	2143	5.0
427	397	5.0
427	1774	5.0
427	1330	5.0
427	1080	5.0
427	1212	5.0
427	1213	5.0
427	1890	5.0
427	2358	5.0
427	157	5.0
427	2503	5.0
427	1821	5.0
427	414	5.0
427	1415	5.0
427	2156	5.0
427	2041	5.0
427	2362	5.0
427	416	5.0
427	1530	5.0
427	2363	5.0
427	1283	5.0
427	1621	5.0
427	1895	5.0
427	319	5.0
427	2360	5.0
427	1748	5.0
427	2139	5.0
427	1734	5.0
427	1357	5.0
427	1081	5.0
427	2146	5.0
427	862	5.0
427	1546	5.0
427	1767	5.0
427	1772	5.0
427	1305	5.0
427	2361	5.0
427	1340	5.0
427	615	5.0
428	2664	5.0
428	528	5.0
428	3227	5.0
428	2219	5.0
429	2375	4.0
429	2756	5.0
429	2404	5.0
429	2691	5.0
429	2757	5.0
430	1048	5.0
430	937	5.0
430	522	5.0
430	2438	5.0
430	2084	5.0
431	2023	5.0
431	683	5.0
431	2049	5.0
431	1882	5.0
431	2083	5.0
431	2406	5.0
431	2545	5.0
431	496	5.0
431	1043	5.0
431	2590	5.0
431	1923	5.0
431	1782	5.0
431	593	5.0
431	1944	5.0
432	631	4.0
432	600	4.0
432	1905	3.0
432	2069	5.0
433	2636	5.0
433	2351	5.0
433	2246	5.0
433	3265	5.0
433	2743	5.0
433	2119	5.0
433	2329	5.0
433	2643	5.0
433	2376	5.0
433	2117	5.0
433	3030	5.0
433	1917	5.0
433	2641	5.0
433	1911	5.0
433	1355	5.0
433	599	5.0
433	1864	5.0
433	2118	5.0
433	2122	5.0
433	750	5.0
433	2448	5.0
433	2662	5.0
433	2523	5.0
433	2393	5.0
433	2121	5.0
433	2563	5.0
434	860	5.0
434	656	5.0
434	1637	5.0
434	783	5.0
434	946	5.0
434	187	5.0
434	146	5.0
434	1305	4.0
434	473	5.0
435	1792	5.0
435	2635	5.0
435	2267	5.0
435	2577	5.0
435	1632	5.0
435	1995	5.0
435	2477	5.0
435	1949	5.0
435	1961	5.0
435	1619	5.0
435	1838	5.0
435	1723	5.0
435	1605	5.0
436	1838	4.0
436	1750	4.0
436	345	4.0
436	392	4.0
437	1386	5.0
437	2134	5.0
437	1550	5.0
437	1033	5.0
437	1643	5.0
437	2245	5.0
437	1029	5.0
437	109	5.0
437	907	5.0
437	1630	5.0
437	1188	5.0
437	1170	5.0
438	2584	5.0
438	194	5.0
438	2662	5.0
438	2502	5.0
438	2485	5.0
438	2503	5.0
438	1664	5.0
439	1480	5.0
439	2025	4.0
439	2554	5.0
439	2434	5.0
439	1736	5.0
440	1537	5.0
440	760	5.0
440	2467	4.0
440	944	5.0
440	3173	2.0
440	1863	4.0
441	844	5.0
441	436	5.0
441	587	5.0
441	757	5.0
442	396	5.0
442	52	5.0
442	1360	5.0
442	406	5.0
442	394	5.0
442	699	5.0
442	1728	5.0
442	153	5.0
442	593	5.0
442	1167	5.0
442	467	5.0
442	724	5.0
442	91	5.0
442	1068	5.0
442	345	5.0
442	2787	5.0
442	2978	5.0
442	419	5.0
442	1534	5.0
442	243	5.0
442	1152	5.0
442	9	5.0
442	873	5.0
442	428	5.0
442	320	5.0
442	174	5.0
442	40	5.0
442	533	5.0
442	2788	5.0
442	962	5.0
442	598	5.0
442	189	5.0
442	620	5.0
442	1864	5.0
442	955	5.0
442	964	5.0
442	1070	5.0
442	1138	5.0
442	415	5.0
442	683	5.0
442	1009	5.0
443	2439	5.0
443	1805	5.0
443	1628	5.0
443	1217	5.0
443	1560	5.0
443	1934	5.0
444	2374	5.0
444	3283	5.0
444	2743	5.0
444	2662	5.0
444	725	5.0
444	2201	4.0
444	2825	5.0
444	930	5.0
444	2195	5.0
444	1702	5.0
444	1711	5.0
444	2349	5.0
444	1806	5.0
444	2712	5.0
444	2575	5.0
444	2363	5.0
444	2351	5.0
444	3321	5.0
444	2827	5.0
444	368	5.0
444	458	5.0
444	2268	5.0
444	2694	5.0
444	2223	5.0
444	2977	5.0
444	1772	4.0
444	2279	3.0
444	1034	5.0
444	2610	5.0
444	162	4.0
444	1298	5.0
444	2485	5.0
444	56	5.0
445	341	3.0
445	337	3.0
445	385	3.0
445	610	3.0
445	436	3.0
446	2582	5.0
446	2881	5.0
446	400	5.0
446	427	5.0
446	1128	5.0
446	2352	5.0
446	542	5.0
447	2107	5.0
447	2200	5.0
447	1945	5.0
447	2189	5.0
447	2738	5.0
447	2737	5.0
447	2705	5.0
448	1616	5.0
448	1656	5.0
448	1642	4.0
448	1495	5.0
449	2291	5.0
449	2161	5.0
449	2381	5.0
449	1070	5.0
449	940	5.0
449	2141	5.0
449	202	5.0
449	2225	5.0
449	126	5.0
449	2143	5.0
449	1771	5.0
449	391	5.0
449	2275	5.0
449	74	5.0
449	2162	5.0
449	2238	5.0
449	2042	5.0
449	1902	5.0
449	1649	5.0
449	2164	5.0
449	2167	5.0
449	2625	5.0
450	2915	5.0
450	332	5.0
450	1974	5.0
450	999	5.0
450	2092	5.0
450	2430	5.0
450	1771	5.0
451	2597	5.0
451	2430	5.0
451	1950	5.0
451	605	5.0
451	2072	5.0
451	1868	5.0
451	2515	5.0
451	2247	5.0
451	110	5.0
452	835	4.0
452	963	4.0
452	2190	3.0
452	119	3.0
452	1497	4.0
452	2638	4.0
452	2816	4.0
452	496	4.0
452	1434	4.0
452	3054	4.0
452	362	4.0
452	601	4.0
452	1905	2.0
453	2733	5.0
453	99	5.0
453	481	5.0
453	872	5.0
453	1643	5.0
453	2113	5.0
453	2839	5.0
453	1748	5.0
453	84	5.0
453	458	5.0
453	240	5.0
453	1511	5.0
453	868	5.0
453	2216	5.0
453	1299	5.0
453	2898	5.0
453	2776	5.0
453	528	5.0
453	1509	5.0
453	1434	5.0
453	1087	5.0
453	1510	5.0
453	1432	5.0
453	1617	5.0
454	1646	4.0
454	1225	5.0
454	1096	5.0
454	1148	5.0
454	2279	5.0
454	2058	5.0
454	1283	5.0
454	1432	5.0
454	2700	4.0
454	1780	5.0
454	2660	5.0
454	1767	5.0
454	2143	5.0
454	1905	5.0
454	1911	5.0
454	269	5.0
454	1434	5.0
454	1781	5.0
454	496	5.0
454	1961	5.0
454	2017	5.0
454	2358	5.0
454	2354	4.0
454	2302	5.0
454	918	5.0
454	1414	5.0
455	34	5.0
455	35	5.0
455	3147	5.0
455	2312	5.0
455	2289	5.0
455	217	5.0
455	2274	5.0
455	953	5.0
455	1698	5.0
455	1702	5.0
455	1390	5.0
455	2280	5.0
455	1622	5.0
456	1784	5.0
456	1581	5.0
456	1793	5.0
456	1810	5.0
456	2650	5.0
456	2097	5.0
457	316	4.0
457	2889	4.0
457	1250	4.0
457	113	5.0
457	2886	4.0
458	1982	5.0
458	1990	5.0
458	2095	5.0
458	2098	5.0
458	1981	5.0
458	2096	5.0
458	1983	5.0
458	1979	5.0
458	1991	5.0
458	1566	5.0
458	2100	5.0
458	2131	5.0
458	2130	5.0
459	1773	5.0
459	3256	5.0
459	364	5.0
459	2029	5.0
459	2438	4.0
459	2691	5.0
459	2058	5.0
459	936	5.0
460	1898	5.0
460	1555	5.0
460	733	5.0
460	614	5.0
460	3261	5.0
460	1899	5.0
461	92	5.0
461	1635	5.0
461	300	5.0
461	2478	4.0
461	797	5.0
461	474	5.0
461	2261	5.0
462	1217	5.0
462	1927	5.0
462	1933	5.0
462	617	5.0
462	1682	5.0
462	1891	5.0
462	1924	5.0
462	1229	5.0
462	1611	5.0
462	1922	5.0
462	1677	5.0
462	1833	5.0
463	3317	5.0
463	1963	5.0
463	2890	5.0
463	2605	5.0
463	381	5.0
464	2055	3.0
464	2852	5.0
464	2293	5.0
464	732	5.0
464	1913	3.0
464	1617	5.0
464	1707	4.0
465	558	5.0
465	1754	5.0
465	2100	5.0
465	2283	5.0
465	695	5.0
465	2165	5.0
466	3005	5.0
466	2884	4.0
466	3010	5.0
466	2520	4.0
466	344	5.0
466	2835	5.0
466	3159	5.0
466	2362	4.0
466	428	5.0
466	1117	5.0
466	341	5.0
466	970	5.0
466	2611	4.0
467	1736	5.0
467	2111	5.0
467	2327	5.0
467	1821	5.0
467	351	5.0
468	2134	5.0
468	1738	5.0
468	538	5.0
468	536	5.0
468	1486	5.0
469	114	5.0
469	1272	4.0
469	314	3.0
469	667	5.0
469	947	5.0
470	95	5.0
470	3263	5.0
470	3151	5.0
470	320	5.0
470	926	5.0
470	517	5.0
470	448	5.0
470	835	5.0
470	550	5.0
470	788	5.0
470	539	5.0
470	2216	5.0
470	737	5.0
470	800	5.0
470	330	5.0
470	886	5.0
470	287	5.0
470	411	5.0
470	843	5.0
470	1101	5.0
470	406	5.0
471	1821	5.0
471	907	5.0
471	2587	5.0
471	2662	4.0
471	644	5.0
471	2104	5.0
471	2357	5.0
471	2453	5.0
471	2294	5.0
471	2438	5.0
472	2087	5.0
472	3258	5.0
472	2414	5.0
472	1609	5.0
472	2071	5.0
472	3294	5.0
472	2057	5.0
472	1628	5.0
472	1610	5.0
472	2231	5.0
472	2020	5.0
472	1941	5.0
472	2260	5.0
472	1581	5.0
472	2116	5.0
472	1879	5.0
472	2548	5.0
472	2210	5.0
472	1891	5.0
472	1756	5.0
473	1662	4.0
473	1770	5.0
473	361	4.0
473	2571	5.0
474	73	5.0
474	764	5.0
474	520	5.0
474	316	5.0
474	1074	5.0
474	202	5.0
474	566	5.0
474	760	5.0
475	1452	5.0
475	1625	5.0
475	3241	5.0
475	2936	5.0
475	1924	5.0
476	3309	3.0
476	985	3.0
476	904	3.0
476	2269	5.0
476	476	3.0
477	1494	5.0
477	1796	5.0
477	2077	5.0
477	1935	5.0
478	1855	4.0
478	1746	5.0
478	1454	5.0
478	1695	5.0
478	1736	5.0
478	2064	5.0
478	1675	5.0
478	1757	4.0
478	1705	5.0
478	1865	5.0
478	1745	4.0
478	1977	4.0
479	2298	5.0
479	2424	5.0
479	2355	5.0
479	2611	5.0
480	1781	5.0
480	1555	5.0
480	2040	5.0
480	1728	5.0
481	30	5.0
481	559	5.0
481	547	5.0
481	669	5.0
481	429	5.0
481	1789	5.0
481	781	5.0
481	969	5.0
481	1077	5.0
482	1005	5.0
482	3083	5.0
482	3080	5.0
482	1022	5.0
482	1423	4.0
482	1336	4.0
482	2778	5.0
483	1260	3.0
483	1434	3.0
483	2590	3.0
483	1028	3.0
483	1299	3.0
483	1026	3.0
483	1465	3.0
483	1250	3.0
484	984	5.0
484	2620	5.0
484	1993	5.0
484	3254	5.0
484	1475	5.0
485	1816	5.0
485	2230	5.0
485	2179	5.0
485	2220	5.0
485	2374	5.0
485	2145	5.0
485	2030	5.0
485	1478	5.0
485	2107	5.0
485	2200	5.0
485	2197	5.0
485	2078	5.0
485	1818	5.0
485	2536	5.0
486	3233	5.0
486	2441	5.0
486	2187	5.0
486	80	5.0
486	2273	5.0
486	1277	5.0
486	2241	5.0
486	1309	5.0
486	2994	5.0
486	759	5.0
486	1588	4.0
486	1843	5.0
486	2318	5.0
486	725	5.0
486	48	5.0
486	3182	5.0
486	584	5.0
486	350	5.0
487	2498	5.0
487	2615	5.0
487	2160	5.0
487	2355	5.0
487	2329	5.0
487	2357	5.0
487	2518	5.0
487	2106	5.0
487	1406	5.0
487	3278	5.0
487	1274	5.0
488	1994	5.0
488	1432	5.0
488	230	5.0
488	589	5.0
488	889	5.0
489	2780	4.0
489	697	4.0
489	1286	4.0
489	61	5.0
489	1622	5.0
490	1924	5.0
490	1922	5.0
490	1929	5.0
490	1927	5.0
490	1932	5.0
490	1931	5.0
490	1933	5.0
490	1926	5.0
491	882	5.0
491	1905	5.0
491	2275	5.0
491	1662	5.0
491	1555	5.0
492	2374	5.0
492	2174	3.0
492	1353	5.0
492	1738	5.0
492	981	5.0
492	3234	2.0
493	2147	5.0
493	2016	5.0
493	2524	5.0
493	2204	5.0
493	1559	5.0
493	2196	5.0
494	1273	5.0
494	2721	3.0
494	1968	5.0
494	1901	2.0
495	952	5.0
495	725	5.0
495	1836	5.0
495	2309	5.0
496	2729	5.0
496	602	5.0
496	2836	5.0
496	1117	5.0
496	802	5.0
496	2085	5.0
496	1462	5.0
496	1849	5.0
496	2648	5.0
496	1205	5.0
496	2734	5.0
497	2873	3.0
497	2955	3.0
497	1496	3.0
497	1011	3.0
497	1452	3.0
497	162	3.0
497	1927	4.0
498	1961	5.0
498	966	5.0
498	879	5.0
498	1223	5.0
498	1561	5.0
499	2501	4.0
499	2409	5.0
499	2660	3.0
499	2593	5.0
499	2584	4.0
499	2484	4.0
499	2613	4.0
499	2611	4.0
499	2556	5.0
499	2434	4.0
499	2616	4.0
499	2661	4.0
500	33	3.0
500	1386	4.0
500	2029	5.0
500	1046	3.0
501	3203	5.0
501	3136	5.0
501	2883	5.0
501	1094	5.0
501	2481	5.0
501	583	5.0
501	1177	5.0
501	903	5.0
501	2335	5.0
501	476	5.0
501	1097	5.0
501	892	5.0
501	617	5.0
501	2798	5.0
501	950	5.0
501	3012	5.0
501	371	5.0
501	297	5.0
501	3204	5.0
501	3091	5.0
501	588	5.0
501	96	5.0
501	691	5.0
501	179	5.0
501	105	5.0
502	1875	5.0
502	1857	5.0
502	1799	5.0
502	1217	5.0
502	971	5.0
503	3115	5.0
503	1043	5.0
503	2469	5.0
503	338	4.0
503	861	5.0
503	209	4.0
503	2815	5.0
503	1326	5.0
503	1534	5.0
503	95	5.0
503	67	5.0
503	927	5.0
503	2306	5.0
503	2216	5.0
503	742	5.0
503	273	5.0
503	936	5.0
503	939	4.0
503	882	5.0
504	713	5.0
504	1961	5.0
504	790	5.0
504	2531	5.0
504	1716	5.0
505	3303	5.0
505	1829	5.0
505	1992	5.0
505	2686	5.0
505	1771	5.0
505	3271	5.0
506	88	5.0
506	2966	5.0
506	660	5.0
506	1385	5.0
507	384	5.0
507	428	5.0
507	1280	5.0
507	184	5.0
507	1189	5.0
507	386	4.0
507	186	5.0
507	310	1.0
507	375	5.0
508	2262	5.0
508	2036	5.0
508	2324	5.0
508	1238	5.0
508	1785	5.0
508	2121	5.0
508	1726	5.0
508	2842	4.0
508	2558	5.0
509	2252	5.0
509	2348	5.0
509	1053	5.0
509	1021	5.0
509	765	5.0
510	448	4.0
510	1180	4.0
510	1857	4.0
510	1694	5.0
511	2300	5.0
511	2160	5.0
511	2285	5.0
511	2498	5.0
511	286	5.0
511	2355	5.0
511	2153	5.0
511	2312	5.0
511	865	5.0
512	1738	5.0
512	1181	5.0
512	1893	5.0
512	931	5.0
512	1660	5.0
512	1666	5.0
512	1484	5.0
512	1778	5.0
513	2438	5.0
513	2358	5.0
513	2390	5.0
513	2374	5.0
513	2381	5.0
513	2437	5.0
513	509	5.0
513	1837	5.0
513	2223	5.0
513	2354	5.0
513	2473	5.0
514	1945	5.0
514	1298	5.0
514	2993	5.0
514	726	5.0
514	565	5.0
514	564	5.0
514	730	5.0
515	1359	5.0
515	1819	5.0
515	1540	5.0
515	2089	5.0
515	1680	5.0
516	2686	5.0
516	2420	5.0
516	1240	5.0
516	2738	5.0
517	1306	5.0
517	1014	5.0
517	2363	5.0
517	1604	5.0
517	2372	4.0
517	1667	4.0
517	2308	5.0
517	310	5.0
517	312	5.0
517	2156	4.0
517	475	5.0
517	2007	5.0
517	2442	3.0
517	41	5.0
517	2415	5.0
518	2121	5.0
518	2119	5.0
518	69	5.0
518	2117	5.0
519	2748	5.0
519	2539	5.0
519	232	5.0
519	2202	5.0
519	869	5.0
519	2429	5.0
519	3014	5.0
519	1674	5.0
520	1287	3.0
520	1141	4.0
520	1630	4.0
520	2691	3.0
520	1961	5.0
520	1708	5.0
520	1967	5.0
520	498	4.0
520	190	4.0
520	1358	4.0
520	1939	3.0
520	1881	4.0
520	2058	4.0
520	1600	5.0
521	2950	5.0
521	2982	5.0
521	1128	5.0
521	2764	5.0
521	1534	5.0
522	1427	5.0
522	3247	5.0
522	1643	5.0
522	1630	5.0
522	2143	5.0
522	1299	5.0
522	945	5.0
522	2167	5.0
522	3257	5.0
522	2256	5.0
523	2381	4.0
523	24	5.0
523	2814	5.0
523	1961	5.0
523	929	5.0
523	2054	5.0
523	587	5.0
523	2069	4.0
523	793	5.0
523	632	5.0
523	933	5.0
523	2279	4.0
524	1573	5.0
524	1757	5.0
524	1359	5.0
524	1770	5.0
524	1092	5.0
524	2107	5.0
525	473	5.0
525	964	5.0
525	1449	5.0
525	1524	5.0
525	616	5.0
525	487	5.0
525	1479	5.0
525	1070	5.0
525	939	5.0
525	2587	5.0
525	2986	5.0
525	2545	5.0
525	2316	5.0
525	2431	5.0
525	568	5.0
525	1860	5.0
525	93	5.0
525	1211	5.0
525	593	5.0
525	937	5.0
525	3320	5.0
525	683	5.0
525	164	5.0
525	2795	5.0
525	3069	5.0
525	252	5.0
525	2417	5.0
525	3323	5.0
525	965	5.0
525	2602	5.0
525	2405	5.0
526	385	4.0
526	371	4.0
526	913	4.0
526	369	4.0
526	2806	4.0
526	1903	4.0
526	316	4.0
526	1481	4.0
526	1099	4.0
527	703	4.0
527	758	5.0
527	975	5.0
527	560	5.0
528	2479	5.0
528	3310	5.0
528	2470	5.0
528	2472	5.0
528	2457	5.0
529	899	5.0
529	315	5.0
529	2845	5.0
529	748	5.0
529	1994	4.0
529	1130	5.0
529	2905	5.0
530	744	5.0
530	2997	3.0
530	808	4.0
530	1186	5.0
530	834	4.0
530	1818	4.0
530	155	5.0
530	695	5.0
530	2009	5.0
530	2118	5.0
530	1048	5.0
530	440	3.0
530	2999	5.0
530	1698	5.0
530	385	4.0
531	1628	3.0
531	1972	4.0
531	2265	3.0
531	2266	3.0
531	1230	5.0
531	2714	4.0
531	1217	5.0
531	2562	4.0
531	1040	4.0
531	2715	4.0
531	2718	4.0
531	100	4.0
532	2663	5.0
532	2729	5.0
532	2648	5.0
532	2676	5.0
532	1376	5.0
532	3037	5.0
532	2578	5.0
533	1734	5.0
533	1862	5.0
533	524	5.0
533	144	5.0
533	85	5.0
533	376	5.0
533	220	5.0
533	140	5.0
533	170	5.0
533	121	5.0
534	353	5.0
534	2731	5.0
534	3024	5.0
534	3076	5.0
535	2419	5.0
535	1279	5.0
535	1273	5.0
535	342	5.0
535	1713	5.0
535	1906	5.0
535	1697	5.0
535	1755	5.0
535	1757	5.0
535	1373	5.0
535	1866	5.0
535	1882	5.0
535	1391	5.0
535	1787	5.0
535	1293	5.0
536	2410	5.0
536	1618	5.0
536	1410	5.0
536	2455	5.0
536	493	5.0
537	2107	5.0
537	1434	5.0
537	2329	5.0
537	1549	5.0
538	595	5.0
538	928	5.0
538	232	5.0
538	2969	5.0
538	1392	5.0
538	1961	5.0
538	2740	5.0
538	2503	5.0
538	1358	5.0
538	973	5.0
538	1950	5.0
539	2040	5.0
539	327	5.0
539	1984	5.0
539	1758	5.0
539	173	5.0
539	527	5.0
539	2280	5.0
540	2133	5.0
540	2573	5.0
540	185	5.0
540	2449	5.0
541	1805	5.0
541	1217	5.0
541	1833	5.0
541	1549	5.0
541	1611	5.0
542	2337	5.0
542	869	5.0
542	1138	5.0
542	2320	5.0
542	1827	3.0
542	778	5.0
542	1576	5.0
542	2370	5.0
542	989	5.0
542	2250	5.0
543	2143	5.0
543	3149	5.0
543	1666	5.0
543	1724	5.0
543	1497	4.0
543	1994	5.0
543	1917	5.0
543	1738	5.0
543	1750	5.0
544	2293	5.0
544	1913	3.0
544	359	5.0
544	2143	3.0
544	1174	5.0
544	2055	5.0
544	402	4.0
544	2069	3.0
544	2172	4.0
544	3132	5.0
544	2146	4.0
544	2219	3.0
544	964	5.0
544	2110	3.0
544	1758	3.0
544	2502	5.0
545	1136	5.0
545	2885	5.0
545	1620	5.0
545	170	5.0
545	3223	4.0
545	2924	5.0
545	612	5.0
545	1117	5.0
545	1969	5.0
545	422	5.0
545	2113	5.0
545	770	5.0
545	1970	5.0
545	2916	5.0
545	915	5.0
545	15	5.0
545	284	5.0
545	163	5.0
545	3017	5.0
545	2418	5.0
545	84	5.0
545	118	5.0
545	1264	5.0
545	2109	5.0
545	2710	5.0
545	1109	5.0
545	742	5.0
545	3251	5.0
545	1687	5.0
545	801	5.0
545	2828	5.0
545	262	5.0
545	948	5.0
545	2249	5.0
545	2400	5.0
545	408	5.0
545	2542	5.0
545	707	5.0
546	2475	4.0
546	2472	5.0
546	2025	5.0
546	2404	4.0
547	3123	5.0
547	3125	5.0
547	958	5.0
547	2933	5.0
547	825	5.0
547	86	5.0
547	1158	5.0
547	826	5.0
547	2193	5.0
547	2766	5.0
548	1274	5.0
548	186	5.0
548	452	5.0
548	807	5.0
548	224	5.0
548	2106	5.0
549	2295	5.0
549	3135	5.0
549	2553	5.0
549	2409	5.0
549	1117	5.0
549	2986	5.0
549	677	5.0
549	2380	5.0
549	2438	5.0
549	1704	5.0
549	1240	5.0
549	2569	5.0
549	3288	5.0
549	1112	5.0
549	2330	5.0
550	2642	4.0
550	2561	4.0
550	711	4.0
550	2301	4.0
551	1323	4.0
551	2081	4.0
551	877	4.0
551	1148	5.0
552	1434	5.0
552	58	5.0
552	1148	5.0
552	1100	5.0
552	57	5.0
552	1432	5.0
553	2302	4.0
553	1823	5.0
553	1910	5.0
553	2486	4.0
553	2358	4.0
553	473	5.0
553	2330	5.0
553	2305	5.0
553	1795	5.0
553	907	5.0
553	1905	5.0
554	2236	5.0
554	201	5.0
554	1844	5.0
554	1137	5.0
554	2424	4.0
554	329	5.0
554	1139	5.0
554	2237	5.0
555	1441	5.0
555	1664	5.0
555	2608	5.0
555	1631	5.0
555	1648	4.0
555	1895	5.0
555	1869	5.0
555	2301	3.0
555	1904	5.0
555	1738	5.0
555	1815	5.0
555	711	5.0
555	2561	5.0
555	2403	5.0
555	2399	5.0
555	2732	5.0
555	2158	5.0
555	960	5.0
555	1665	5.0
555	1621	5.0
555	2457	5.0
555	2295	5.0
555	2011	5.0
555	199	5.0
556	2111	5.0
556	1043	5.0
556	310	5.0
556	2278	5.0
556	336	5.0
556	1497	5.0
556	389	5.0
556	1530	5.0
556	1823	4.0
556	2879	5.0
556	301	5.0
556	431	5.0
556	747	5.0
556	2143	5.0
556	305	5.0
556	415	5.0
556	2279	5.0
556	742	5.0
556	406	5.0
556	3169	5.0
556	287	5.0
556	269	5.0
556	428	5.0
557	1334	5.0
557	3305	4.0
557	1736	4.0
557	2396	5.0
557	2407	4.0
557	2344	5.0
558	1780	2.0
558	2645	5.0
558	3225	5.0
558	2648	5.0
559	2223	5.0
559	561	5.0
559	2302	5.0
559	2631	5.0
559	1319	5.0
559	2610	5.0
559	2278	5.0
559	1783	5.0
559	3268	5.0
559	781	5.0
559	978	5.0
559	2208	5.0
559	2118	5.0
560	2517	5.0
560	2431	5.0
560	2457	5.0
560	2167	5.0
561	2093	5.0
561	1007	3.0
561	1355	4.0
561	1411	4.0
561	2332	4.0
562	1187	3.0
562	718	3.0
562	3284	5.0
562	352	3.0
562	1073	4.0
562	876	3.0
562	2772	4.0
562	194	4.0
562	673	4.0
562	1325	4.0
562	247	4.0
562	384	3.0
563	624	5.0
563	1427	5.0
563	1395	5.0
563	675	5.0
564	2015	3.0
564	1447	5.0
564	1785	5.0
564	1532	4.0
564	1257	5.0
564	1299	5.0
564	1260	4.0
564	980	5.0
564	1750	4.0
565	3145	5.0
565	1961	5.0
565	2370	5.0
565	2559	5.0
565	2305	5.0
565	3310	5.0
566	1989	5.0
566	1786	5.0
566	1698	5.0
566	1819	5.0
566	2054	5.0
566	1939	5.0
566	2075	5.0
566	1759	5.0
566	2055	5.0
566	1917	5.0
566	1710	5.0
566	2107	5.0
566	1776	5.0
566	2015	5.0
566	1769	5.0
566	2069	5.0
566	2029	5.0
566	1555	5.0
566	1790	5.0
566	1888	5.0
566	1944	5.0
566	1795	5.0
566	1797	5.0
566	2146	5.0
566	2078	5.0
566	2058	5.0
567	1904	5.0
567	2118	5.0
567	2221	5.0
567	1728	5.0
567	2251	5.0
567	2180	5.0
567	2225	5.0
567	2421	5.0
567	3296	5.0
567	2215	5.0
567	2142	5.0
567	2197	5.0
567	2143	5.0
567	2256	5.0
567	2200	5.0
567	2146	5.0
567	2075	5.0
567	1961	5.0
567	3249	5.0
567	2339	5.0
567	2150	5.0
567	2089	5.0
567	2159	5.0
568	2219	5.0
568	2122	5.0
568	2159	5.0
568	2409	5.0
568	2120	5.0
568	1559	5.0
568	2233	5.0
568	2118	5.0
569	2662	5.0
569	1644	4.0
569	1728	4.0
569	2573	4.0
569	389	5.0
570	815	5.0
570	1770	5.0
570	1474	5.0
570	1396	5.0
570	2418	5.0
570	2058	5.0
570	236	5.0
570	1961	5.0
570	692	5.0
570	2017	4.0
570	2460	4.0
570	2025	5.0
571	2489	5.0
571	2693	5.0
571	2431	4.0
571	2677	5.0
571	428	5.0
571	2722	5.0
571	2543	5.0
571	2742	5.0
571	2554	5.0
571	328	5.0
571	1015	5.0
571	2626	5.0
572	2204	5.0
572	721	5.0
572	2196	5.0
572	3304	5.0
572	2303	5.0
572	2324	5.0
572	1909	5.0
572	3240	5.0
572	1778	5.0
572	2634	5.0
573	1033	4.0
573	2583	5.0
573	607	4.0
573	1494	5.0
573	1552	4.0
573	2580	5.0
573	2581	5.0
573	774	3.0
573	1340	4.0
573	1356	4.0
573	919	4.0
573	768	3.0
573	953	3.0
573	2053	5.0
573	1785	4.0
573	3210	4.0
573	1495	5.0
573	1664	4.0
574	1695	5.0
574	1978	4.0
574	1923	4.0
574	1956	4.0
575	1141	5.0
575	1065	5.0
575	2662	5.0
575	1064	5.0
575	2841	5.0
575	885	4.0
575	2058	5.0
576	2565	4.0
576	2571	5.0
576	2680	5.0
576	2497	5.0
576	2229	5.0
576	2604	5.0
577	2611	5.0
577	2524	5.0
577	2916	5.0
577	2324	5.0
577	2803	5.0
577	2765	5.0
577	420	5.0
577	3285	5.0
577	432	5.0
577	2171	5.0
577	3199	5.0
577	2195	5.0
577	351	5.0
577	2243	5.0
577	92	5.0
577	2239	5.0
577	501	5.0
577	2589	5.0
577	2493	5.0
578	2598	4.0
578	1865	5.0
578	1638	5.0
578	2626	5.0
579	2623	5.0
579	2307	5.0
579	2757	5.0
579	2172	5.0
579	2740	5.0
579	2223	5.0
579	3329	5.0
579	2038	5.0
579	2484	5.0
579	2063	5.0
579	1341	5.0
579	1847	5.0
579	2221	5.0
579	3291	5.0
579	2206	5.0
579	2473	5.0
579	2415	5.0
579	2739	5.0
579	1667	5.0
579	2643	5.0
579	2037	5.0
579	2690	5.0
579	2751	5.0
579	2046	5.0
579	2390	5.0
579	2737	5.0
579	2017	5.0
579	2438	5.0
579	2550	5.0
579	2027	5.0
579	2517	5.0
579	2758	5.0
579	83	5.0
579	2689	5.0
579	2156	5.0
579	1035	5.0
579	2726	5.0
579	2213	5.0
579	2134	5.0
579	2204	5.0
580	2392	5.0
580	2867	5.0
580	1120	5.0
580	2222	5.0
580	2329	5.0
580	2393	5.0
580	2223	5.0
580	2357	5.0
580	2550	5.0
580	1071	5.0
580	2253	5.0
580	2607	5.0
580	3260	5.0
580	2621	5.0
580	2473	5.0
580	1341	5.0
580	1314	5.0
580	1540	5.0
580	2300	5.0
580	2038	5.0
580	2208	5.0
580	1541	5.0
580	1661	5.0
580	2648	5.0
580	2376	5.0
580	3166	5.0
580	2615	5.0
580	360	5.0
580	2863	5.0
580	2390	5.0
581	1001	4.0
581	623	4.0
581	1009	5.0
581	2009	5.0
581	2895	5.0
581	1750	5.0
581	744	5.0
581	3078	4.0
581	32	4.0
581	2005	5.0
581	1998	4.0
581	151	5.0
581	88	4.0
581	1043	4.0
582	2967	5.0
582	253	5.0
582	2972	5.0
582	955	5.0
582	3065	5.0
582	3045	5.0
582	127	5.0
582	2791	5.0
582	506	5.0
582	434	5.0
582	161	5.0
582	2909	5.0
582	2350	5.0
582	3119	5.0
582	2944	5.0
582	3147	5.0
583	2079	5.0
583	2730	5.0
583	2261	5.0
583	1761	5.0
583	2419	2.0
583	2336	5.0
583	2188	5.0
583	2509	5.0
583	2535	5.0
584	1155	1.0
584	3088	5.0
584	582	5.0
584	805	5.0
584	16	3.0
584	680	3.0
585	1738	5.0
585	1847	5.0
585	2571	5.0
585	1736	5.0
585	1787	5.0
585	2396	4.0
585	2600	5.0
585	2019	4.0
585	206	5.0
586	2032	4.0
586	8	4.0
586	1067	5.0
586	107	4.0
586	1118	4.0
586	490	5.0
586	1296	5.0
586	958	5.0
587	1944	5.0
587	3006	5.0
587	1698	5.0
587	1708	5.0
588	1726	5.0
588	1309	5.0
588	501	5.0
588	1589	5.0
589	2055	4.0
589	2075	4.0
589	2391	4.0
589	2118	4.0
589	2305	3.0
589	2219	4.0
590	1145	5.0
590	451	5.0
590	983	4.0
590	894	5.0
590	3048	5.0
591	2074	5.0
591	1905	5.0
591	1772	5.0
591	1773	5.0
592	1874	5.0
592	1672	5.0
592	1859	5.0
592	1720	5.0
593	2069	5.0
593	2472	5.0
593	1961	5.0
593	869	5.0
593	2430	5.0
593	2214	5.0
594	2649	4.0
594	2690	5.0
594	2340	4.0
594	2581	5.0
594	2751	4.0
594	2724	4.0
594	2716	4.0
594	2226	4.0
595	1515	5.0
595	1821	5.0
595	1161	5.0
595	1817	5.0
596	2029	2.0
596	2279	2.0
596	1772	4.0
596	2647	1.0
596	1631	3.0
596	2223	2.0
596	2199	3.0
596	2454	2.0
596	1612	3.0
596	1526	1.0
596	959	2.0
596	1724	2.0
596	1890	4.0
596	1821	3.0
596	1911	3.0
596	1698	3.0
596	1830	2.0
596	2197	2.0
596	1776	5.0
596	2046	4.0
596	3184	4.0
596	1186	5.0
596	1340	5.0
596	1767	3.0
596	676	5.0
596	2015	3.0
596	1917	4.0
596	2744	2.0
596	1831	2.0
596	1912	4.0
596	237	5.0
596	497	1.0
596	2217	4.0
596	1770	4.0
596	2107	3.0
596	2391	5.0
596	1819	2.0
596	2200	1.0
596	1728	2.0
596	1706	5.0
596	1708	4.0
597	444	5.0
597	2911	4.0
597	2910	4.0
597	946	4.0
597	2140	4.0
597	2955	4.0
597	942	4.0
597	669	4.0
597	2962	4.0
597	117	2.0
597	548	4.0
597	1286	3.0
597	992	2.0
597	492	4.0
597	754	4.0
597	2920	5.0
597	2010	4.0
598	2672	4.0
598	2710	4.0
598	2272	4.0
598	2033	3.0
599	1302	5.0
599	1472	4.0
599	1351	5.0
599	1088	5.0
599	2086	5.0
599	1983	4.0
599	1471	5.0
599	1301	5.0
599	2087	5.0
599	1298	4.0
599	1856	5.0
599	1528	5.0
599	1506	4.0
599	1663	5.0
600	2221	5.0
600	1817	5.0
600	2107	5.0
600	1961	5.0
600	1757	5.0
600	2075	5.0
600	1828	5.0
600	2321	5.0
600	1854	5.0
600	2182	5.0
600	2183	5.0
600	2046	5.0
600	2197	5.0
600	2220	5.0
600	2067	5.0
600	1779	5.0
600	2029	5.0
600	2289	5.0
600	2118	5.0
600	1669	5.0
600	2374	5.0
600	1811	5.0
600	1921	5.0
600	2069	5.0
600	1391	5.0
600	1229	5.0
600	2278	5.0
600	1670	5.0
601	860	5.0
601	1505	5.0
601	1950	5.0
601	2018	5.0
601	346	5.0
601	1888	5.0
601	1954	5.0
601	1115	5.0
601	1877	5.0
601	1967	5.0
602	910	5.0
602	2056	5.0
602	2029	5.0
602	2583	4.0
602	1055	5.0
603	1171	5.0
603	2238	5.0
603	2464	5.0
603	2813	5.0
603	412	5.0
603	2835	5.0
603	778	5.0
604	951	5.0
604	1380	5.0
604	1389	5.0
604	690	5.0
604	1044	5.0
604	1	5.0
604	917	5.0
604	1248	5.0
604	531	5.0
604	2368	5.0
604	652	5.0
604	3089	5.0
604	0	5.0
605	1938	5.0
605	1617	5.0
605	1630	5.0
605	470	4.0
605	1952	5.0
606	2688	5.0
606	2741	5.0
606	1524	5.0
606	2271	5.0
606	2199	5.0
606	2373	5.0
606	2040	5.0
606	2685	5.0
606	1817	5.0
606	1340	5.0
606	2623	5.0
606	1525	5.0
606	2664	5.0
606	1782	5.0
606	938	5.0
607	3155	4.0
607	326	5.0
607	1577	4.0
607	899	5.0
607	3140	4.0
608	644	5.0
608	235	4.0
608	2999	4.0
608	3202	4.0
608	1055	5.0
608	752	5.0
608	159	4.0
608	2862	4.0
608	335	4.0
608	3153	5.0
608	292	4.0
608	2866	4.0
608	2946	5.0
608	45	4.0
608	1338	5.0
608	2966	4.0
608	1053	5.0
608	464	4.0
608	62	4.0
608	2859	4.0
608	2992	4.0
608	3058	4.0
609	1590	5.0
609	589	5.0
609	144	5.0
609	820	5.0
610	2674	5.0
610	2431	5.0
610	2161	5.0
610	2648	5.0
610	2602	5.0
610	2587	5.0
610	2559	5.0
611	2476	5.0
611	2213	5.0
611	2212	5.0
611	2298	5.0
611	2384	5.0
611	685	5.0
611	2455	5.0
611	2285	5.0
611	1937	5.0
611	2327	5.0
612	2058	5.0
612	2381	5.0
612	2346	5.0
612	2336	5.0
612	1790	5.0
612	2403	5.0
613	2392	5.0
613	1354	5.0
613	2662	5.0
613	1748	5.0
614	1852	5.0
614	1673	5.0
614	222	5.0
614	1215	3.0
614	832	5.0
614	880	5.0
614	1175	5.0
614	1998	5.0
614	366	5.0
614	1466	4.0
614	591	5.0
615	556	3.0
615	1055	5.0
615	1845	1.0
615	1560	5.0
616	46	5.0
616	1453	5.0
616	1900	5.0
616	2223	5.0
616	1984	5.0
616	2312	5.0
616	919	5.0
616	1492	5.0
616	2061	5.0
617	257	5.0
617	1961	5.0
617	1812	5.0
617	2536	5.0
617	1672	5.0
618	1019	5.0
618	2657	5.0
618	1790	5.0
618	2485	5.0
619	972	5.0
619	2363	5.0
619	1382	5.0
619	1413	5.0
619	2381	5.0
619	2199	5.0
619	2339	5.0
619	376	5.0
619	2271	5.0
620	2223	5.0
620	2436	5.0
620	2457	5.0
620	1396	5.0
620	496	5.0
620	2221	5.0
620	2528	5.0
620	2143	5.0
621	544	5.0
621	1169	5.0
621	1127	5.0
621	3114	5.0
621	699	5.0
622	3239	5.0
622	761	5.0
622	1258	5.0
622	2234	5.0
622	1215	5.0
622	2143	5.0
622	2125	5.0
623	492	5.0
623	2897	5.0
623	1643	5.0
623	769	5.0
623	580	5.0
623	249	5.0
623	742	5.0
623	2988	5.0
623	2887	5.0
624	2617	2.0
624	2610	4.0
624	2950	4.0
624	294	5.0
624	2865	5.0
624	841	4.0
624	3068	5.0
624	2646	5.0
624	2826	5.0
624	684	5.0
625	2460	5.0
625	769	5.0
625	3156	5.0
625	2329	5.0
625	1278	5.0
625	138	5.0
625	70	5.0
625	155	5.0
625	1215	5.0
625	2518	5.0
625	130	5.0
625	2768	5.0
625	2169	5.0
625	2246	5.0
625	1907	5.0
625	134	5.0
625	2966	5.0
625	3227	5.0
625	1382	5.0
625	1998	5.0
625	1479	5.0
625	1669	5.0
625	1396	5.0
626	2605	5.0
626	2571	5.0
626	2599	5.0
626	2513	4.0
626	2604	5.0
626	2573	5.0
626	2633	5.0
627	2616	4.0
627	2662	4.0
627	705	5.0
627	3049	3.0
627	2069	4.0
627	2652	3.0
627	1641	4.0
627	2922	5.0
627	1640	4.0
628	2649	4.0
628	2434	5.0
628	2743	5.0
628	1602	5.0
629	794	5.0
629	434	5.0
629	382	5.0
629	1356	5.0
630	1091	5.0
630	1434	5.0
630	2964	5.0
630	2942	5.0
630	1215	5.0
631	2460	5.0
631	1640	5.0
631	1531	5.0
631	3194	5.0
631	845	5.0
632	2174	5.0
632	1972	5.0
632	2650	5.0
632	2266	5.0
633	430	5.0
633	1485	3.0
633	377	5.0
633	2567	5.0
633	2877	5.0
633	2664	5.0
633	2744	3.0
634	737	5.0
634	1538	5.0
634	380	5.0
634	2615	5.0
634	3103	3.0
635	462	5.0
635	164	5.0
635	755	5.0
635	730	5.0
635	406	5.0
635	142	4.0
635	831	5.0
635	162	5.0
635	319	5.0
635	958	5.0
635	727	5.0
635	157	5.0
635	756	5.0
635	146	5.0
636	652	5.0
636	1423	5.0
636	1971	5.0
636	1202	5.0
637	2381	5.0
637	2358	5.0
637	1707	5.0
637	2391	5.0
638	3311	5.0
638	2053	5.0
638	2706	5.0
638	2039	5.0
638	1681	5.0
638	2208	4.0
638	2157	5.0
639	2822	5.0
639	1643	5.0
639	2106	5.0
639	2208	5.0
639	1274	5.0
639	3002	5.0
640	2518	4.0
640	681	4.0
640	2606	4.0
640	2187	4.0
640	978	4.0
640	741	4.0
640	1777	4.0
640	651	5.0
640	1179	4.0
640	1254	3.0
640	3003	5.0
640	764	5.0
640	3307	4.0
640	3189	5.0
640	2088	3.0
641	156	5.0
641	2221	5.0
641	1728	5.0
641	1656	5.0
642	3243	5.0
642	2054	5.0
642	2455	5.0
642	2527	5.0
642	2158	5.0
642	2403	5.0
642	2181	5.0
642	2041	5.0
643	1536	5.0
643	1258	5.0
643	362	5.0
643	2912	5.0
643	2516	5.0
643	3255	5.0
643	2949	5.0
643	1946	5.0
643	1645	5.0
643	840	5.0
643	1638	5.0
643	3245	5.0
644	2948	5.0
644	2913	5.0
644	1438	5.0
644	136	5.0
644	1851	5.0
644	2804	5.0
644	489	5.0
645	2741	5.0
645	3327	5.0
645	2705	5.0
645	2068	5.0
645	2744	5.0
645	2616	5.0
645	2219	5.0
645	2121	5.0
645	1323	5.0
645	3222	5.0
645	1750	5.0
645	1748	5.0
645	2216	5.0
645	2700	5.0
645	2743	5.0
645	1617	5.0
645	2648	5.0
645	1321	5.0
645	2118	5.0
645	2688	5.0
645	2502	5.0
645	2661	5.0
645	1102	5.0
646	2536	5.0
646	2289	4.0
646	1134	5.0
646	2682	5.0
646	2559	5.0
646	2482	5.0
646	984	5.0
646	2438	5.0
646	2469	5.0
646	3215	5.0
646	2896	5.0
646	2170	5.0
646	1961	5.0
647	2185	5.0
647	2301	5.0
647	2302	5.0
647	2694	5.0
648	168	5.0
648	1340	5.0
648	305	5.0
648	1863	5.0
648	2467	5.0
648	347	5.0
648	1107	4.0
648	301	5.0
649	537	5.0
649	335	5.0
649	3137	5.0
649	3060	5.0
649	1453	5.0
649	2763	5.0
649	1235	5.0
650	1529	5.0
650	2266	5.0
650	2066	5.0
650	2097	5.0
650	2650	5.0
650	2057	5.0
651	2146	5.0
651	2111	5.0
651	2080	5.0
651	1465	5.0
651	496	5.0
651	1952	5.0
651	1553	5.0
651	77	5.0
651	1961	5.0
651	1911	5.0
651	1728	5.0
652	2500	5.0
652	2751	3.0
652	2649	3.0
652	2612	5.0
652	2744	3.0
653	2359	5.0
653	2390	5.0
653	2391	5.0
653	147	5.0
653	2373	5.0
653	2357	5.0
653	2365	5.0
653	2364	5.0
653	2367	5.0
653	2527	5.0
653	2223	5.0
653	2362	5.0
653	2363	5.0
653	2463	5.0
653	2575	5.0
653	198	5.0
653	2550	5.0
653	2473	5.0
653	2219	5.0
653	1911	5.0
653	3264	5.0
653	2361	5.0
653	2360	5.0
653	2424	5.0
654	2455	5.0
654	2160	5.0
654	1702	5.0
654	2585	5.0
654	2503	5.0
655	228	5.0
655	829	5.0
655	1356	5.0
655	1326	5.0
655	627	5.0
655	2974	5.0
655	604	5.0
655	994	5.0
655	662	5.0
655	2051	5.0
655	964	5.0
655	703	5.0
655	587	5.0
656	2078	5.0
656	32	5.0
656	1323	5.0
656	2075	5.0
656	2077	5.0
656	2547	5.0
656	1384	5.0
656	2338	5.0
657	2403	5.0
657	2526	5.0
657	2424	5.0
657	2616	5.0
657	2731	5.0
657	2716	5.0
658	2552	5.0
658	1153	5.0
658	438	5.0
658	448	5.0
658	2734	5.0
658	428	5.0
659	1484	5.0
659	1898	5.0
659	1899	5.0
659	854	5.0
659	2397	5.0
659	3237	5.0
659	83	5.0
659	2156	5.0
660	2364	5.0
660	3261	5.0
660	2857	5.0
660	475	5.0
661	2221	5.0
661	1368	5.0
661	1257	5.0
661	2233	5.0
661	3201	5.0
661	2390	5.0
661	2403	5.0
661	2217	5.0
662	2523	5.0
662	2640	5.0
662	2641	5.0
662	3318	4.0
662	1555	5.0
662	1662	5.0
663	2715	4.0
663	3295	4.0
663	2650	4.0
663	2266	4.0
663	2719	4.0
664	161	5.0
664	944	5.0
664	247	5.0
664	338	5.0
664	652	5.0
664	696	5.0
664	917	5.0
664	621	4.0
664	461	5.0
664	2083	5.0
664	1944	5.0
664	1123	5.0
664	83	5.0
664	496	5.0
664	1113	5.0
664	798	3.0
664	1063	5.0
664	1544	4.0
664	2564	5.0
665	2379	5.0
665	1934	5.0
665	553	5.0
665	1693	5.0
665	654	5.0
665	2549	4.0
665	1217	5.0
665	363	5.0
665	1625	5.0
665	2515	5.0
665	1380	5.0
665	2560	5.0
665	1370	5.0
665	2551	5.0
666	3063	5.0
666	396	5.0
666	2840	5.0
666	419	5.0
666	2800	5.0
666	495	5.0
666	428	5.0
666	415	5.0
666	3007	5.0
666	2794	5.0
666	2798	5.0
666	670	5.0
666	130	5.0
666	412	5.0
666	2784	5.0
666	418	5.0
666	962	5.0
666	472	5.0
666	154	5.0
666	2988	5.0
666	134	5.0
666	1065	5.0
666	504	5.0
666	353	5.0
666	202	5.0
666	1093	5.0
666	2929	5.0
666	471	5.0
666	460	5.0
666	1212	5.0
666	3070	5.0
666	431	5.0
666	2573	5.0
666	3128	5.0
666	669	5.0
666	657	5.0
666	135	5.0
666	3129	5.0
666	438	5.0
666	406	5.0
666	2921	5.0
666	411	5.0
666	138	5.0
667	2015	4.0
667	2375	5.0
667	1318	5.0
667	2322	5.0
667	2223	5.0
667	1299	4.0
667	2390	5.0
667	2391	5.0
667	2219	5.0
668	1679	5.0
668	1483	3.0
668	2162	5.0
668	1783	5.0
669	851	5.0
669	973	5.0
669	837	5.0
669	641	4.0
669	493	5.0
669	2945	5.0
670	858	5.0
670	896	5.0
670	362	5.0
670	316	5.0
670	3033	5.0
670	3167	5.0
670	3102	5.0
670	17	5.0
671	2075	5.0
671	2198	5.0
671	2183	5.0
671	2038	5.0
671	2145	5.0
671	2313	5.0
671	49	5.0
671	2172	5.0
671	2357	5.0
671	214	5.0
671	2233	5.0
671	2054	5.0
671	3231	5.0
671	1046	5.0
671	2069	5.0
671	2390	5.0
671	2041	5.0
671	2263	5.0
671	2117	5.0
671	2118	5.0
671	1283	5.0
671	1808	5.0
671	3297	5.0
671	2143	5.0
671	2107	5.0
671	2170	5.0
671	2122	5.0
671	2152	5.0
671	2119	5.0
671	2374	5.0
671	1961	5.0
671	1728	5.0
671	3165	5.0
671	2061	5.0
671	2089	5.0
671	2403	5.0
671	2287	5.0
671	1916	5.0
671	2146	5.0
671	2431	5.0
671	438	5.0
672	917	5.0
672	2670	5.0
672	2257	5.0
672	2278	5.0
673	881	5.0
673	2517	5.0
673	2573	5.0
673	1449	5.0
674	2473	5.0
674	2003	5.0
674	887	2.0
674	773	5.0
675	631	5.0
675	2017	5.0
675	1959	5.0
675	2202	5.0
675	1671	5.0
675	927	5.0
675	1910	5.0
675	2492	5.0
675	2511	5.0
675	2250	5.0
675	1435	5.0
675	2470	5.0
675	2423	5.0
675	2469	5.0
675	1516	5.0
675	2107	5.0
676	468	5.0
676	115	5.0
676	1213	5.0
676	103	5.0
676	903	1.0
677	2406	5.0
677	2662	5.0
677	2690	5.0
677	3323	5.0
678	551	5.0
678	141	5.0
678	569	5.0
678	298	5.0
678	1146	5.0
678	959	5.0
678	882	5.0
678	2211	5.0
678	1003	5.0
678	479	5.0
678	1133	5.0
678	1095	5.0
678	1839	5.0
678	1084	5.0
678	309	5.0
678	2902	5.0
678	1838	5.0
678	2959	5.0
678	852	5.0
678	1829	5.0
678	1440	5.0
678	1434	5.0
678	851	5.0
678	274	5.0
678	321	5.0
678	132	5.0
678	788	5.0
678	1101	5.0
678	205	5.0
678	3282	5.0
678	737	5.0
678	868	5.0
678	2796	5.0
678	1138	5.0
678	916	5.0
678	3263	5.0
678	1831	5.0
678	3130	5.0
679	1085	5.0
679	2363	5.0
679	2259	4.0
679	2391	5.0
679	229	5.0
679	72	5.0
679	1670	5.0
679	203	5.0
679	1317	5.0
679	1456	5.0
679	1762	5.0
679	1635	5.0
679	1775	5.0
679	1593	5.0
679	1617	5.0
679	201	5.0
679	1172	4.0
679	27	5.0
679	1191	5.0
679	1764	5.0
679	71	5.0
679	2362	5.0
679	534	5.0
679	2359	5.0
679	693	5.0
679	2366	5.0
679	2055	5.0
679	811	5.0
680	251	5.0
680	510	5.0
680	1084	5.0
680	1155	5.0
680	535	5.0
680	1582	5.0
680	1172	5.0
681	3198	5.0
681	1420	5.0
681	2661	5.0
681	2610	5.0
681	2628	5.0
681	3085	5.0
681	253	5.0
681	247	5.0
681	3075	5.0
681	2554	5.0
681	676	5.0
681	1538	5.0
681	770	5.0
681	376	5.0
681	945	5.0
681	801	5.0
682	2376	5.0
682	2575	5.0
682	3020	5.0
682	2883	5.0
682	2802	5.0
683	162	5.0
683	2246	5.0
683	2197	5.0
683	2581	5.0
684	1026	5.0
684	3300	5.0
684	1320	5.0
684	1817	5.0
684	3057	5.0
684	1256	5.0
684	2226	5.0
684	763	5.0
684	1630	5.0
684	2666	5.0
684	1250	5.0
684	2375	5.0
684	1738	5.0
684	182	5.0
684	2649	4.0
684	2753	5.0
685	831	5.0
685	756	5.0
685	327	5.0
685	3000	4.0
685	340	5.0
686	703	5.0
686	200	5.0
686	1435	5.0
686	1063	5.0
686	1469	5.0
686	876	5.0
686	1643	5.0
686	1250	5.0
687	2678	5.0
687	305	5.0
687	2757	5.0
687	2753	5.0
688	1916	5.0
688	1905	5.0
688	1191	4.0
688	1410	5.0
688	2302	5.0
688	597	5.0
688	484	5.0
688	298	5.0
688	957	4.0
688	2477	4.0
688	838	5.0
688	1443	5.0
688	426	5.0
688	1699	4.0
688	197	5.0
688	1559	5.0
688	1857	5.0
688	1176	5.0
688	2143	5.0
688	1754	5.0
688	1727	4.0
688	2410	5.0
688	778	5.0
688	694	5.0
688	1283	5.0
688	1608	4.0
688	857	4.0
688	464	5.0
688	633	5.0
688	747	4.0
688	25	5.0
688	967	5.0
688	24	4.0
688	47	5.0
688	1806	4.0
688	2545	5.0
688	1566	5.0
688	55	5.0
688	334	5.0
688	1669	5.0
688	185	4.0
688	304	5.0
688	100	4.0
689	570	5.0
689	2114	5.0
689	1864	5.0
689	1114	5.0
689	884	5.0
689	703	5.0
689	537	5.0
689	758	5.0
689	1076	5.0
689	2015	5.0
689	1081	5.0
689	1863	5.0
689	44	5.0
689	1385	5.0
689	251	5.0
689	1152	5.0
689	1264	5.0
690	2006	5.0
690	2343	5.0
690	2634	5.0
690	977	4.0
690	1995	5.0
691	1535	5.0
691	2643	5.0
691	1071	5.0
691	2279	5.0
691	2078	5.0
691	2393	5.0
692	1772	4.0
692	2069	4.0
692	2183	4.0
692	957	5.0
692	2143	5.0
692	1479	4.0
692	1530	5.0
693	664	5.0
693	3117	5.0
693	908	5.0
693	2359	5.0
693	540	5.0
693	177	5.0
693	165	5.0
693	2774	5.0
693	3104	5.0
693	1108	5.0
693	2893	5.0
693	2798	5.0
694	1805	5.0
694	1426	5.0
694	1627	5.0
694	2514	3.0
694	2505	4.0
695	909	5.0
695	2473	5.0
695	1121	5.0
695	2844	5.0
696	286	5.0
696	2317	5.0
696	2169	5.0
696	2329	5.0
696	1673	5.0
696	2313	5.0
696	2012	5.0
696	1742	5.0
696	2449	5.0
696	2029	4.0
696	3301	5.0
696	2294	5.0
697	3261	5.0
697	2573	5.0
697	3065	5.0
697	767	4.0
697	3319	4.0
697	2259	4.0
697	2888	4.0
697	422	4.0
697	693	5.0
697	2840	4.0
697	3157	5.0
697	3052	5.0
697	585	5.0
697	2425	4.0
697	494	4.0
697	227	4.0
697	935	4.0
697	3036	4.0
697	1963	5.0
697	2026	5.0
697	1528	4.0
697	226	4.0
697	1386	4.0
697	430	4.0
697	460	4.0
697	2772	5.0
697	1370	5.0
697	945	4.0
697	2849	4.0
697	1357	4.0
697	3032	4.0
697	1735	4.0
697	2442	5.0
697	347	4.0
697	2821	5.0
697	339	4.0
697	3223	4.0
697	2080	4.0
697	3293	4.0
697	2972	5.0
697	449	5.0
697	2712	4.0
697	2363	4.0
697	3292	5.0
697	3262	4.0
697	607	4.0
697	283	4.0
697	248	4.0
697	3066	5.0
697	407	5.0
697	3317	5.0
697	161	4.0
697	2401	4.0
697	1602	5.0
697	467	4.0
697	1190	4.0
697	2870	5.0
697	397	4.0
697	3277	5.0
697	2877	5.0
697	2505	5.0
697	3019	4.0
697	1325	4.0
697	2847	5.0
697	3312	4.0
698	1779	4.0
698	1017	5.0
698	2067	4.0
698	2115	5.0
698	2050	5.0
698	1405	4.0
698	1921	4.0
698	3143	3.0
699	2996	5.0
699	1093	5.0
699	2466	5.0
699	518	5.0
699	964	5.0
699	2329	5.0
699	401	5.0
699	806	5.0
699	578	5.0
699	2951	5.0
699	3013	5.0
700	2864	5.0
700	162	5.0
700	1151	5.0
700	2722	5.0
700	2543	5.0
700	2485	5.0
701	1787	5.0
701	1867	4.0
701	1736	4.0
701	1647	3.0
701	1300	5.0
701	1554	3.0
701	1834	3.0
701	1725	4.0
702	2918	5.0
702	2794	5.0
702	1099	5.0
702	165	5.0
702	2869	5.0
702	1118	5.0
702	2848	4.0
702	155	5.0
702	13	5.0
702	2988	5.0
702	2800	5.0
702	2783	5.0
702	3031	5.0
702	3062	5.0
702	17	5.0
702	3093	5.0
702	625	5.0
702	444	5.0
702	284	5.0
702	3007	5.0
702	2265	5.0
702	958	5.0
702	421	5.0
702	1157	5.0
702	3144	5.0
702	2938	4.0
702	3199	5.0
702	986	4.0
702	3111	5.0
702	1073	5.0
702	297	5.0
702	1222	4.0
702	2792	5.0
702	180	5.0
702	2798	5.0
702	3100	5.0
702	2962	5.0
703	1497	5.0
703	1434	5.0
703	918	5.0
703	482	5.0
704	245	5.0
704	2942	5.0
704	881	5.0
704	1607	5.0
704	1550	1.0
704	1963	5.0
704	268	5.0
704	1424	1.0
705	1010	3.0
705	2477	5.0
705	1193	5.0
705	1750	4.0
705	2931	5.0
705	1141	5.0
706	232	5.0
706	2858	5.0
706	806	5.0
706	2907	5.0
706	3150	5.0
707	1135	5.0
707	2573	5.0
707	2636	5.0
707	2694	5.0
708	2223	5.0
708	632	5.0
708	422	5.0
708	852	5.0
709	1536	5.0
709	1727	5.0
709	1565	5.0
709	1518	5.0
709	1650	5.0
709	1879	5.0
709	1569	5.0
709	3238	5.0
709	1835	5.0
709	1865	5.0
709	1488	5.0
709	1502	5.0
709	1878	5.0
709	1567	5.0
709	2085	5.0
709	1573	5.0
709	1615	5.0
709	1946	5.0
709	1784	5.0
709	1529	5.0
709	1557	5.0
709	1570	5.0
709	1834	5.0
709	1832	5.0
709	1571	5.0
709	1962	5.0
709	1568	5.0
709	2131	5.0
709	1597	5.0
709	108	5.0
709	1810	5.0
709	1291	5.0
709	2165	5.0
709	1572	5.0
709	1599	5.0
709	1566	5.0
709	1564	5.0
709	1521	5.0
709	1528	5.0
710	1220	5.0
710	2695	5.0
710	512	5.0
710	63	5.0
710	33	5.0
710	3018	5.0
711	747	4.0
711	397	5.0
711	2466	5.0
711	541	5.0
711	1340	5.0
711	304	5.0
711	2637	5.0
711	1169	3.0
711	611	5.0
711	2390	5.0
711	2625	5.0
711	1249	5.0
712	2273	5.0
712	1499	5.0
712	2761	4.0
712	2614	5.0
712	3053	5.0
