0	1103	1
0	1250	1
0	1279	1
0	1281	1
0	1384	1
0	1441	1
0	1452	1
0	1502	1
0	1524	1
0	1530	1
1	263	1
1	979	1
1	1064	1
1	1165	1
1	1487	1
1	1551	1
1	1553	1
2	267	1
2	289	1
2	309	1
2	974	1
2	1250	1
2	1325	1
2	1381	1
2	1443	1
2	1452	1
2	1464	1
2	1474	1
2	1488	1
2	1527	1
2	1600	1
2	1604	1
2	576	1
3	7	1
3	135	1
3	186	1
3	206	1
3	215	1
3	218	1
3	251	1
3	341	1
3	370	1
3	405	1
3	493	1
3	541	1
3	560	1
3	572	1
3	603	1
3	743	1
3	762	1
3	763	1
3	778	1
3	808	1
3	812	1
3	833	1
3	837	1
3	857	1
3	858	1
3	1110	1
3	1130	1
3	1131	1
3	1133	1
3	1161	1
3	1179	1
3	1189	1
3	1209	1
3	1210	1
3	1325	1
3	1452	1
3	1488	1
3	1531	1
3	1584	1
3	1933	1
3	2022	1
3	2028	1
3	100	1
3	115	1
3	2055	1
3	2062	1
3	2068	1
3	2094	1
3	2098	1
3	2099	1
3	2111	1
3	2117	1
3	2129	1
3	2130	1
3	2137	1
3	2145	1
3	397	1
3	2153	1
3	2155	1
3	2158	1
3	444	1
3	2166	1
3	2168	1
3	2174	1
3	2207	1
3	2209	1
3	564	1
3	566	1
3	2222	1
3	2226	1
3	2227	1
3	2228	1
3	2230	1
3	627	1
3	2243	1
3	630	1
3	2273	1
3	2284	1
3	2285	1
3	2288	1
3	2293	1
3	2298	1
3	1000	1
3	1002	1
3	1188	1
3	2457	1
4	1	1
4	2	1
4	3	1
4	1881	1
4	1964	1
4	1979	1
4	2001	1
5	255	1
5	456	1
5	861	1
5	1009	1
5	1025	1
5	1218	1
5	1751	1
6	3	1
6	357	1
6	614	1
6	805	1
6	828	1
7	903	1
7	913	1
7	1272	1
7	1300	1
7	1332	1
7	1467	1
8	406	1
8	498	1
8	506	1
8	551	1
8	968	1
8	1006	1
8	1194	1
8	1241	1
8	1278	1
8	1870	1
9	841	1
9	899	1
9	1284	1
9	1353	1
9	1526	1
10	27	1
10	28	1
10	29	1
10	163	1
10	457	1
10	489	1
10	613	1
10	881	1
10	1114	1
10	1291	1
10	1715	1
10	1716	1
10	1717	1
10	1718	1
10	1719	1
10	1720	1
10	1721	1
10	1723	1
10	1739	1
10	1770	1
10	2095	1
10	2237	1
10	2241	1
10	2303	1
10	1722	1
11	636	1
11	1827	1
11	2353	1
11	2398	1
11	2420	1
12	284	1
12	865	1
12	1813	1
12	1819	1
12	2139	1
12	2427	1
13	327	1
13	373	1
13	708	1
13	709	1
13	1341	1
14	25	1
14	815	1
14	885	1
14	1507	1
14	1850	1
14	2124	1
15	1070	1
15	1171	1
15	1251	1
15	1435	1
15	1596	1
15	1651	1
15	1702	1
15	1774	1
16	614	1
16	945	1
16	1785	1
16	1886	1
16	1891	1
17	169	1
17	256	1
17	288	1
17	303	1
17	332	1
17	343	1
17	382	1
17	425	1
17	550	1
17	574	1
17	977	1
17	1020	1
17	1022	1
17	1046	1
17	1182	1
17	1381	1
17	1418	1
17	993	1
18	997	1
18	1086	1
18	1229	1
18	1290	1
18	1364	1
18	1743	1
18	1808	1
18	1826	1
19	937	1
19	1254	1
19	1261	1
19	1320	1
19	1730	1
19	1821	1
19	1972	1
20	720	1
20	867	1
20	1280	1
20	1690	1
20	1825	1
20	632	1
21	204	1
21	380	1
21	880	1
21	1418	1
21	1987	1
21	2087	1
22	884	1
22	1381	1
22	1414	1
22	1582	1
22	1583	1
22	1611	1
22	1629	1
22	1660	1
23	529	1
23	575	1
23	645	1
23	649	1
23	1178	1
24	2	1
24	75	1
24	127	1
24	140	1
24	316	1
24	684	1
24	691	1
24	753	1
24	756	1
24	757	1
24	805	1
24	830	1
24	836	1
24	878	1
24	884	1
24	911	1
24	921	1
24	935	1
24	1079	1
24	1101	1
24	1110	1
24	1116	1
24	1156	1
24	1181	1
24	1305	1
24	1333	1
24	2060	1
25	1095	1
25	1170	1
25	1297	1
25	1480	1
25	1545	1
25	1560	1
25	1622	1
25	1734	1
25	1741	1
25	1811	1
25	1822	1
25	1902	1
26	40	1
26	602	1
26	626	1
26	1522	1
26	1874	1
27	120	1
27	221	1
27	334	1
27	367	1
27	440	1
27	515	1
27	631	1
27	1000	1
28	24	1
28	82	1
28	155	1
28	869	1
28	1536	1
28	1678	1
28	2100	1
28	1422	1
29	492	1
29	646	1
29	754	1
29	755	1
29	1060	1
29	1144	1
29	1145	1
29	1186	1
29	1190	1
29	1226	1
29	1250	1
29	1278	1
29	1461	1
29	1569	1
30	84	1
30	319	1
30	1018	1
30	1053	1
30	1056	1
30	1100	1
30	1697	1
30	1794	1
31	1743	1
31	1765	1
31	1823	1
31	1883	1
31	2002	1
31	2318	1
31	1691	1
32	235	1
32	504	1
32	523	1
32	648	1
32	713	1
32	726	1
32	740	1
32	831	1
32	860	1
32	877	1
32	893	1
32	905	1
33	86	1
33	404	1
33	853	1
33	1244	1
33	1342	1
33	1418	1
34	676	1
34	937	1
34	1093	1
34	1155	1
34	1254	1
34	1663	1
34	1666	1
35	30	1
35	378	1
35	1176	1
35	1228	1
35	1254	1
35	1259	1
35	1285	1
36	1022	1
36	1285	1
36	1409	1
36	1859	1
36	1914	1
36	1924	1
36	1925	1
36	2057	1
36	2069	1
36	2325	1
36	2335	1
36	2366	1
37	1	1
37	21	1
37	42	1
37	55	1
37	94	1
37	123	1
37	133	1
37	139	1
37	140	1
37	143	1
37	161	1
37	168	1
37	171	1
37	174	1
37	194	1
37	210	1
37	216	1
37	220	1
37	225	1
37	282	1
37	285	1
37	286	1
37	289	1
37	305	1
37	307	1
37	310	1
37	345	1
37	392	1
37	405	1
37	406	1
37	424	1
37	434	1
37	439	1
37	445	1
37	446	1
37	458	1
37	461	1
37	464	1
37	456	1
37	485	1
37	487	1
37	490	1
37	495	1
37	513	1
37	516	1
37	519	1
37	524	1
37	531	1
37	533	1
37	537	1
37	551	1
37	557	1
37	562	1
37	565	1
37	579	1
37	587	1
37	588	1
37	591	1
37	593	1
37	597	1
37	605	1
37	620	1
37	634	1
37	635	1
37	641	1
37	642	1
37	645	1
37	649	1
37	666	1
37	677	1
37	686	1
37	689	1
37	690	1
37	692	1
37	699	1
37	704	1
37	705	1
37	711	1
37	712	1
37	713	1
37	714	1
37	717	1
37	718	1
37	721	1
37	724	1
37	726	1
37	727	1
37	729	1
37	730	1
37	731	1
37	732	1
37	738	1
37	739	1
37	740	1
37	743	1
37	748	1
37	753	1
37	782	1
37	810	1
37	815	1
37	817	1
37	819	1
37	835	1
37	836	1
37	841	1
37	842	1
37	846	1
37	852	1
37	854	1
37	866	1
37	875	1
37	877	1
37	888	1
37	889	1
37	890	1
37	893	1
37	900	1
37	904	1
37	905	1
37	906	1
37	912	1
37	922	1
37	923	1
37	933	1
37	934	1
37	939	1
37	947	1
37	948	1
37	949	1
37	961	1
37	963	1
37	966	1
37	973	1
37	974	1
37	981	1
37	985	1
37	990	1
37	991	1
37	994	1
37	1005	1
37	1010	1
37	1014	1
37	1015	1
37	1020	1
37	1021	1
37	1022	1
37	1024	1
37	1031	1
37	1034	1
37	1042	1
37	1046	1
37	1049	1
37	1050	1
37	1068	1
37	1088	1
37	1089	1
37	1094	1
37	1098	1
37	1102	1
37	1107	1
37	1117	1
37	1118	1
37	1123	1
37	1132	1
37	1135	1
37	1140	1
37	1141	1
37	1142	1
37	1161	1
37	1171	1
37	1180	1
37	1187	1
37	1198	1
37	1199	1
37	1203	1
37	1216	1
37	1230	1
37	1232	1
37	1235	1
37	1241	1
37	1243	1
37	1271	1
37	1284	1
37	1285	1
37	1286	1
37	1306	1
37	1309	1
37	1310	1
37	1311	1
37	1313	1
37	1314	1
37	1315	1
37	1316	1
37	1323	1
37	1324	1
37	1325	1
37	1330	1
37	1348	1
37	1354	1
37	1356	1
37	1372	1
37	1381	1
37	1388	1
37	1389	1
37	1406	1
37	1408	1
37	1411	1
37	1416	1
37	1418	1
37	1421	1
37	1432	1
37	1436	1
37	1437	1
37	1451	1
37	1452	1
37	1453	1
37	1459	1
37	1462	1
37	1464	1
37	1465	1
37	1468	1
37	1469	1
37	1476	1
37	1477	1
37	1486	1
37	1488	1
37	1489	1
37	1490	1
37	1501	1
37	1503	1
37	1504	1
37	1502	1
37	1505	1
37	1525	1
37	1526	1
37	1542	1
37	1543	1
37	1554	1
37	1557	1
37	1558	1
37	1559	1
37	1561	1
37	1578	1
37	1580	1
37	1585	1
37	1587	1
37	1589	1
37	1590	1
37	1604	1
37	1611	1
37	1612	1
37	1613	1
37	1614	1
37	1616	1
37	1620	1
37	1621	1
37	1622	1
37	1629	1
37	1634	1
37	1636	1
37	1637	1
37	1638	1
37	1640	1
37	1641	1
37	1642	1
37	1648	1
37	1658	1
37	1671	1
37	1677	1
37	1679	1
37	1688	1
37	1694	1
37	1700	1
37	1704	1
37	1718	1
37	1726	1
37	1731	1
37	1740	1
37	1739	1
37	1746	1
37	1748	1
37	1749	1
37	1757	1
37	1763	1
37	1764	1
37	1766	1
37	1783	1
37	1784	1
37	1789	1
37	1790	1
37	1791	1
37	1795	1
37	1833	1
37	1846	1
37	1847	1
37	1852	1
37	1859	1
37	1872	1
37	1874	1
37	1877	1
37	1882	1
37	1896	1
37	1906	1
37	1907	1
37	1908	1
37	1914	1
37	1915	1
37	1920	1
37	1923	1
37	1924	1
37	1929	1
37	1931	1
37	1932	1
37	1938	1
37	1955	1
37	1958	1
37	1959	1
37	1960	1
37	1966	1
37	1971	1
37	1973	1
37	1982	1
37	1984	1
37	1988	1
37	1989	1
37	1993	1
37	1994	1
37	1996	1
37	1998	1
37	1999	1
37	2008	1
37	18	1
37	20	1
37	2029	1
37	2046	1
37	2051	1
37	2061	1
37	2075	1
37	2160	1
37	448	1
37	2161	1
37	451	1
37	2190	1
37	2208	1
37	2213	1
37	644	1
37	2302	1
37	2413	1
37	1716	1
37	1734	1
37	2436	1
37	2441	1
38	125	1
38	161	1
38	269	1
38	345	1
38	658	1
38	702	1
38	855	1
38	863	1
38	899	1
38	1208	1
38	1360	1
38	1410	1
38	1418	1
38	1526	1
38	1750	1
38	1990	1
38	350	1
39	50	1
39	245	1
39	438	1
39	561	1
39	564	1
39	570	1
39	599	1
40	73	1
40	200	1
40	853	1
40	1320	1
40	1598	1
41	700	1
41	853	1
41	894	1
41	1248	1
41	1796	1
41	1862	1
41	1883	1
42	684	1
42	710	1
42	716	1
42	915	1
42	957	1
42	959	1
42	1009	1
42	1425	1
42	1817	1
42	1865	1
42	1980	1
43	2	1
43	305	1
43	1110	1
43	1482	1
43	1628	1
44	226	1
44	456	1
44	1601	1
44	1660	1
44	1673	1
44	1707	1
44	1861	1
44	2011	1
45	366	1
45	426	1
45	432	1
45	464	1
45	487	1
45	537	1
45	540	1
45	547	1
45	551	1
45	624	1
45	629	1
45	774	1
45	818	1
45	853	1
45	1021	1
45	1068	1
45	1696	1
45	1925	1
46	1059	1
46	1081	1
46	1116	1
46	1126	1
46	1169	1
47	386	1
47	688	1
47	1516	1
47	1686	1
47	1697	1
47	1982	1
48	2	1
48	245	1
48	271	1
48	456	1
48	695	1
48	853	1
48	954	1
48	1016	1
48	1048	1
48	1455	1
48	1665	1
48	1676	1
48	1775	1
48	1826	1
48	1869	1
48	1950	1
48	2002	1
49	90	1
49	262	1
49	263	1
49	387	1
49	391	1
49	404	1
49	415	1
49	416	1
49	481	1
49	488	1
49	496	1
49	544	1
49	551	1
49	679	1
49	706	1
49	715	1
49	733	1
49	762	1
49	802	1
49	806	1
49	825	1
49	871	1
49	872	1
49	892	1
49	901	1
49	979	1
49	1064	1
49	1067	1
49	1111	1
49	1129	1
49	1153	1
49	1164	1
49	1165	1
49	1172	1
49	1191	1
49	1206	1
49	1293	1
49	1296	1
49	1303	1
49	1337	1
49	1394	1
49	1396	1
49	1398	1
49	1400	1
49	1401	1
49	1402	1
49	1433	1
49	1440	1
49	1481	1
49	1521	1
49	1553	1
49	1649	1
49	198	1
49	2249	1
49	788	1
49	2334	1
49	1147	1
50	521	1
50	804	1
50	863	1
50	879	1
50	1353	1
50	2331	1
50	2332	1
51	138	1
51	724	1
51	826	1
51	1242	1
51	1895	1
52	30	1
52	1524	1
52	1544	1
52	1568	1
52	1571	1
52	1609	1
52	1633	1
52	1635	1
52	1688	1
52	1690	1
52	1735	1
52	1737	1
52	1834	1
52	1836	1
52	1837	1
52	1835	1
52	1878	1
52	1984	1
52	1096	1
52	2346	1
52	2431	1
52	2449	1
52	2450	1
53	654	1
53	907	1
53	952	1
53	1068	1
53	1179	1
53	1181	1
53	1260	1
53	1277	1
53	1278	1
54	598	1
54	933	1
54	1110	1
54	1169	1
54	1176	1
54	1182	1
54	1187	1
54	1219	1
54	1573	1
54	1716	1
54	1718	1
55	1005	1
55	1124	1
55	1163	1
55	1207	1
55	1225	1
55	1347	1
55	1410	1
55	1418	1
55	1562	1
55	1631	1
55	1702	1
55	1890	1
55	2399	1
55	2442	1
56	72	1
56	146	1
56	218	1
56	341	1
56	375	1
56	378	1
56	381	1
56	396	1
56	397	1
56	442	1
56	788	1
56	801	1
56	1026	1
56	180	1
56	2146	1
56	2148	1
57	136	1
57	369	1
57	711	1
57	1050	1
57	1285	1
57	325	1
58	207	1
58	595	1
58	785	1
58	949	1
58	1136	1
59	137	1
59	221	1
59	390	1
59	814	1
59	843	1
59	931	1
59	952	1
59	1179	1
59	1181	1
59	1555	1
59	1715	1
59	1717	1
59	1718	1
59	2022	1
59	2056	1
59	2110	1
59	341	1
59	2141	1
59	2216	1
59	694	1
59	2265	1
59	2282	1
60	1359	1
60	1472	1
60	1532	1
60	1564	1
60	1925	1
61	749	1
61	853	1
61	1067	1
61	1317	1
61	1391	1
61	1413	1
61	1572	1
62	12	1
62	38	1
62	40	1
62	41	1
62	103	1
62	157	1
62	179	1
62	181	1
62	355	1
63	268	1
63	313	1
63	323	1
63	468	1
63	480	1
63	518	1
63	521	1
63	839	1
63	856	1
63	919	1
63	975	1
63	981	1
63	1184	1
63	1349	1
63	1448	1
64	341	1
64	665	1
64	703	1
64	978	1
64	1138	1
64	1187	1
64	1326	1
64	1338	1
64	1386	1
64	1387	1
64	1393	1
64	1854	1
64	1492	1
64	1731	1
65	273	1
65	315	1
65	533	1
65	535	1
65	835	1
65	952	1
65	1250	1
65	1316	1
66	347	1
66	672	1
66	674	1
66	847	1
66	910	1
66	1381	1
66	1418	1
67	1166	1
67	1226	1
67	1429	1
67	1430	1
67	1520	1
68	61	1
68	148	1
68	149	1
68	276	1
68	2068	1
69	138	1
69	444	1
69	449	1
69	555	1
69	1290	1
69	1685	1
70	103	1
70	259	1
70	539	1
70	563	1
70	1019	1
70	1164	1
70	1166	1
70	1575	1
70	1649	1
70	1829	1
70	2340	1
70	2403	1
71	88	1
71	102	1
71	113	1
71	591	1
71	1527	1
71	403	1
71	414	1
71	419	1
72	202	1
72	308	1
72	1249	1
72	1250	1
72	1286	1
72	1452	1
72	1488	1
72	1565	1
72	2274	1
72	1184	1
73	1290	1
73	1438	1
73	1444	1
73	1506	1
73	1828	1
74	304	1
74	494	1
74	586	1
74	790	1
74	1154	1
74	1244	1
74	1260	1
75	134	1
75	728	1
75	886	1
75	917	1
75	936	1
75	1885	1
75	906	1
75	2315	1
75	2317	1
76	48	1
76	898	1
76	952	1
76	1022	1
76	1183	1
77	1230	1
77	1326	1
77	1690	1
77	1824	1
77	1920	1
77	1936	1
77	1698	1
77	1731	1
78	340	1
78	365	1
78	500	1
78	2178	1
78	2183	1
78	2195	1
79	977	1
79	993	1
79	1154	1
79	1169	1
79	1181	1
80	1174	1
80	1599	1
80	1780	1
80	2019	1
80	2052	1
81	928	1
81	1320	1
81	1460	1
81	1552	1
81	1743	1
82	78	1
82	116	1
82	621	1
82	796	1
82	839	1
82	840	1
82	1375	1
82	1821	1
83	152	1
83	322	1
83	687	1
83	1097	1
83	1349	1
83	1484	1
83	1737	1
83	1950	1
84	309	1
84	320	1
84	1104	1
84	1118	1
84	1162	1
85	1319	1
85	1371	1
85	1466	1
85	1934	1
85	1983	1
86	8	1
86	58	1
86	64	1
86	65	1
86	891	1
86	2169	1
87	360	1
87	1115	1
87	1198	1
87	1649	1
87	1786	1
87	1878	1
87	1918	1
87	2023	1
87	2089	1
87	2177	1
87	1239	1
87	1382	1
88	15	1
88	512	1
88	670	1
88	845	1
88	867	1
88	973	1
88	1250	1
88	1433	1
89	894	1
89	945	1
89	1233	1
89	1365	1
89	1897	1
89	1916	1
90	23	1
90	272	1
90	722	1
90	894	1
90	1040	1
90	1116	1
90	1260	1
90	1307	1
91	701	1
91	865	1
91	874	1
91	882	1
91	1322	1
92	1114	1
92	1360	1
92	1773	1
92	1853	1
92	1868	1
93	40	1
93	376	1
93	411	1
93	478	1
93	816	1
93	862	1
93	1182	1
93	1267	1
93	1268	1
93	1818	1
93	1845	1
93	2255	1
94	213	1
94	1080	1
94	1101	1
94	1215	1
94	1730	1
94	1741	1
94	1753	1
94	1845	1
94	1928	1
94	1941	1
94	1949	1
94	1951	1
94	1953	1
94	1954	1
94	1965	1
94	1968	1
94	1971	1
94	1972	1
94	1973	1
94	1975	1
94	1977	1
94	1986	1
94	1992	1
94	2009	1
94	633	1
95	32	1
95	38	1
95	51	1
95	309	1
95	351	1
95	472	1
95	866	1
95	944	1
95	1033	1
95	1069	1
95	1086	1
95	1161	1
95	1162	1
95	1201	1
95	1241	1
95	1325	1
95	1599	1
95	1622	1
96	128	1
96	1474	1
96	1475	1
96	1531	1
96	1532	1
96	1560	1
96	1590	1
96	1591	1
96	1654	1
96	2123	1
96	349	1
96	2124	1
96	400	1
97	198	1
97	542	1
97	2014	1
97	2119	1
97	2267	1
98	347	1
98	440	1
98	509	1
98	742	1
98	783	1
98	835	1
98	998	1
98	1021	1
98	1022	1
98	1224	1
98	1418	1
98	1615	1
98	1729	1
98	1961	1
98	1962	1
98	1999	1
98	312	1
98	2212	1
98	2275	1
98	2283	1
99	59	1
99	92	1
99	107	1
99	1381	1
99	1445	1
100	5	1
100	88	1
100	176	1
100	191	1
100	242	1
100	321	1
100	334	1
100	352	1
100	436	1
100	681	1
100	752	1
100	823	1
100	1179	1
101	158	1
101	296	1
101	298	1
101	486	1
101	512	1
101	561	1
101	1285	1
102	1063	1
102	1099	1
102	1245	1
102	1288	1
102	1424	1
103	319	1
103	354	1
103	550	1
103	656	1
103	695	1
103	894	1
103	1495	1
103	1947	1
103	61	1
104	36	1
104	407	1
104	606	1
104	899	1
104	1526	1
105	257	1
105	615	1
105	952	1
105	970	1
105	1063	1
105	1392	1
105	1713	1
105	1868	1
105	1926	1
106	951	1
106	956	1
106	958	1
106	977	1
106	1068	1
107	120	1
107	964	1
107	1236	1
107	1286	1
107	1418	1
107	1581	1
107	2248	1
108	1016	1
108	1566	1
108	1606	1
108	1782	1
108	1781	1
109	1286	1
109	1536	1
109	1535	1
109	1537	1
109	1540	1
110	339	1
110	571	1
110	749	1
110	901	1
110	940	1
110	1276	1
111	110	1
111	114	1
111	403	1
111	419	1
111	723	1
112	37	1
112	75	1
112	1061	1
112	1305	1
112	1810	1
112	1876	1
112	1916	1
112	1940	1
112	2	1
112	911	1
113	549	1
113	1567	1
113	2002	1
113	95	1
113	99	1
113	2291	1
113	830	1
113	2305	1
114	18	1
114	87	1
114	1028	1
114	1107	1
114	2208	1
115	231	1
115	607	1
115	747	1
115	1288	1
115	1307	1
115	1521	1
115	1533	1
116	227	1
116	1022	1
116	1134	1
116	1211	1
116	1270	1
116	1286	1
116	1292	1
116	1312	1
116	1313	1
116	1355	1
116	1366	1
116	1380	1
116	1420	1
116	1772	1
117	85	1
117	247	1
117	248	1
117	886	1
117	1041	1
117	1246	1
118	347	1
118	364	1
118	511	1
118	571	1
118	808	1
118	834	1
118	863	1
118	1031	1
118	1092	1
118	1108	1
118	1158	1
118	1273	1
118	1287	1
118	1291	1
118	1313	1
118	1319	1
118	1318	1
118	1358	1
118	1373	1
118	1384	1
118	1454	1
118	1460	1
118	1466	1
119	53	1
119	87	1
119	780	1
119	817	1
119	1373	1
119	1789	1
120	263	1
120	978	1
120	1083	1
120	1288	1
120	1317	1
120	1326	1
120	1353	1
120	1691	1
121	14	1
121	526	1
121	816	1
121	1404	1
121	1617	1
122	11	1
122	157	1
122	224	1
122	350	1
122	518	1
122	533	1
122	566	1
122	323	1
123	1068	1
123	1690	1
123	1708	1
123	1766	1
123	1822	1
123	1824	1
123	1930	1
123	1885	1
124	142	1
124	467	1
124	981	1
124	1128	1
124	1194	1
124	1241	1
124	1407	1
124	1434	1
124	1452	1
124	1464	1
124	1474	1
124	1482	1
124	1502	1
124	1515	1
124	1536	1
124	1560	1
124	1812	1
124	2360	1
124	2422	1
125	157	1
125	429	1
125	800	1
125	1585	1
125	1668	1
126	466	1
126	765	1
126	982	1
126	1062	1
126	1100	1
126	1234	1
126	1321	1
126	1322	1
126	231	1
126	2354	1
127	933	1
127	1092	1
127	1187	1
127	1260	1
127	1292	1
127	2304	1
128	952	1
128	1060	1
128	1074	1
128	1141	1
128	1146	1
128	1181	1
128	1183	1
128	1186	1
128	1187	1
128	1203	1
128	1223	1
128	1290	1
128	1737	1
129	1313	1
129	1355	1
129	1381	1
129	1414	1
129	1420	1
129	1452	1
129	1488	1
129	1556	1
129	2221	1
129	1389	1
129	1416	1
129	2389	1
129	2401	1
129	2405	1
129	1629	1
130	126	1
130	292	1
130	1223	1
130	1536	1
130	1885	1
130	1999	1
131	217	1
131	234	1
131	443	1
131	501	1
131	849	1
131	902	1
131	929	1
131	1065	1
131	1066	1
131	1253	1
131	1262	1
131	1318	1
131	1319	1
131	1544	1
131	1548	1
131	1568	1
131	1669	1
131	1689	1
131	1706	1
131	1768	1
131	1905	1
131	1983	1
131	2007	1
131	2042	1
132	178	1
132	2041	1
132	260	1
132	2130	1
132	2326	1
133	66	1
133	69	1
133	106	1
133	228	1
133	289	1
133	526	1
133	1012	1
133	1029	1
133	1260	1
133	1280	1
133	1285	1
133	1407	1
133	1488	1
134	614	1
134	616	1
134	761	1
134	1085	1
134	1112	1
134	1119	1
134	1121	1
134	1122	1
135	163	1
135	613	1
135	1502	1
135	1742	1
135	1933	1
136	118	1
136	462	1
136	512	1
136	1288	1
136	1572	1
136	1581	1
136	1855	1
136	1941	1
137	73	1
137	250	1
137	641	1
137	642	1
137	718	1
137	985	1
138	52	1
138	128	1
138	214	1
138	335	1
138	1488	1
139	679	1
139	924	1
139	1374	1
139	1391	1
139	1419	1
139	1850	1
140	650	1
140	1055	1
140	1258	1
140	1693	1
140	1833	1
141	22	1
141	153	1
141	379	1
141	488	1
141	561	1
141	617	1
141	741	1
141	1001	1
141	1761	1
141	2020	1
141	2021	1
141	2027	1
141	2133	1
141	2143	1
141	2169	1
141	2203	1
141	544	1
142	749	1
142	1080	1
142	1344	1
142	1350	1
142	1460	1
143	23	1
143	547	1
143	775	1
143	777	1
143	809	1
143	893	1
143	976	1
143	1546	1
143	1664	1
144	749	1
144	848	1
144	1092	1
144	1536	1
144	1538	1
144	1692	1
144	2204	1
144	1063	1
144	2330	1
145	609	1
145	863	1
145	1082	1
145	1168	1
145	1206	1
145	1303	1
145	1369	1
145	1397	1
145	1398	1
145	1403	1
146	124	1
146	149	1
146	249	1
146	399	1
146	456	1
146	491	1
146	568	1
146	746	1
146	759	1
146	981	1
146	1008	1
146	1100	1
146	1307	1
147	507	1
147	675	1
147	983	1
147	996	1
147	1070	1
147	2225	1
148	244	1
148	401	1
148	1407	1
148	1412	1
148	1697	1
149	34	1
149	274	1
149	732	1
149	742	1
149	854	1
149	932	1
149	952	1
149	967	1
149	1016	1
149	1046	1
149	1104	1
149	1110	1
149	1157	1
149	1179	1
149	1192	1
149	1298	1
149	1385	1
149	1548	1
150	356	1
150	582	1
150	1122	1
150	1288	1
150	1381	1
150	1495	1
151	339	1
151	347	1
151	611	1
151	674	1
151	2223	1
152	576	1
152	899	1
152	1102	1
152	1526	1
152	1795	1
153	44	1
153	70	1
153	94	1
153	123	1
153	372	1
153	408	1
153	406	1
153	410	1
153	415	1
153	446	1
153	448	1
153	451	1
153	452	1
153	453	1
153	454	1
153	458	1
153	476	1
153	481	1
153	483	1
153	505	1
153	520	1
153	519	1
153	527	1
153	536	1
153	558	1
153	559	1
153	580	1
153	592	1
153	594	1
153	612	1
153	644	1
153	661	1
153	690	1
153	697	1
153	776	1
153	909	1
153	1159	1
153	1255	1
153	1563	1
153	1783	1
153	1784	1
153	2160	1
153	2167	1
153	2172	1
154	705	1
154	984	1
154	985	1
154	986	1
154	1181	1
155	530	1
155	942	1
155	981	1
155	1084	1
155	1474	1
155	1528	1
156	67	1
156	1742	1
156	1905	1
156	1913	1
156	1920	1
156	1961	1
156	1741	1
157	26	1
157	853	1
157	929	1
157	953	1
157	1039	1
157	1071	1
157	1074	1
157	1075	1
157	1087	1
157	1096	1
157	1320	1
157	2368	1
158	953	1
158	1161	1
158	1241	1
158	1248	1
158	1290	1
158	1679	1
159	63	1
159	409	1
159	962	1
159	1107	1
159	1308	1
159	1323	1
159	1362	1
159	1377	1
159	1418	1
159	1432	1
159	1485	1
159	132	1
159	2179	1
160	56	1
160	73	1
160	131	1
160	261	1
160	790	1
160	835	1
160	853	1
160	974	1
160	985	1
160	1032	1
160	1182	1
160	1942	1
160	1990	1
161	27	1
161	29	1
161	79	1
161	260	1
161	569	1
161	622	1
161	663	1
161	813	1
161	1173	1
161	1336	1
161	1341	1
161	1550	1
161	1719	1
161	1739	1
161	1770	1
161	2290	1
161	2292	1
162	625	1
162	807	1
162	901	1
162	1023	1
162	2151	1
163	173	1
163	199	1
163	435	1
163	468	1
163	484	1
163	666	1
163	779	1
163	1690	1
163	544	1
164	67	1
164	68	1
164	203	1
164	772	1
164	817	1
164	1221	1
164	1739	1
165	197	1
165	651	1
165	995	1
165	1045	1
165	1051	1
165	1064	1
165	1127	1
165	1129	1
165	1143	1
165	1226	1
165	1240	1
165	1288	1
165	1301	1
165	1317	1
165	1326	1
165	1328	1
165	1329	1
165	1418	1
166	301	1
166	333	1
166	334	1
166	899	1
166	1000	1
166	1002	1
166	1021	1
166	1022	1
166	1118	1
166	1453	1
166	1526	1
166	1031	1
167	1248	1
167	1298	1
167	1382	1
167	1452	1
167	1464	1
167	1527	1
167	1536	1
168	231	1
168	389	1
168	784	1
168	822	1
168	859	1
168	1417	1
168	1759	1
168	1798	1
168	593	1
168	1179	1
169	1802	1
169	1956	1
169	1963	1
169	1998	1
169	2006	1
169	2323	1
170	13	1
170	189	1
170	194	1
170	251	1
170	327	1
170	336	1
170	430	1
170	563	1
170	567	1
170	673	1
170	779	1
170	793	1
170	1137	1
170	1149	1
170	1175	1
170	1188	1
170	1260	1
170	1383	1
170	1541	1
170	1592	1
170	1599	1
170	1623	1
170	1754	1
170	1894	1
170	1904	1
170	1917	1
170	2004	1
170	284	1
170	2258	1
170	2261	1
170	2286	1
170	2349	1
170	1278	1
170	1605	1
170	1717	1
170	1718	1
170	1720	1
171	200	1
171	533	1
171	1258	1
171	1307	1
171	1841	1
172	13	1
172	637	1
172	891	1
172	1149	1
172	1370	1
173	217	1
173	276	1
173	277	1
173	899	1
173	1379	1
173	1526	1
174	1016	1
174	1080	1
174	1101	1
174	1320	1
174	1697	1
174	1744	1
174	1944	1
175	168	1
175	1158	1
175	1258	1
175	1418	1
175	1452	1
175	1708	1
175	1853	1
176	278	1
176	300	1
176	304	1
176	456	1
176	763	1
176	838	1
176	1389	1
176	1441	1
176	1497	1
176	1622	1
176	1799	1
176	1804	1
176	1865	1
176	1908	1
176	1967	1
176	2109	1
176	514	1
176	2206	1
176	639	1
176	2319	1
176	2387	1
176	1959	1
177	1105	1
177	1426	1
177	1509	1
177	1701	1
177	1841	1
178	519	1
178	776	1
178	982	1
178	1594	1
178	1627	1
178	1853	1
178	644	1
179	853	1
179	1008	1
179	1248	1
179	1946	1
179	460	1
180	6	1
180	76	1
180	193	1
180	547	1
180	829	1
180	980	1
180	2053	1
181	117	1
181	159	1
181	734	1
181	735	1
181	736	1
181	737	1
181	902	1
181	932	1
181	943	1
181	944	1
181	950	1
181	951	1
181	999	1
181	1021	1
181	1022	1
181	1066	1
181	1108	1
181	1127	1
181	1129	1
181	1179	1
181	1205	1
181	1227	1
181	1228	1
181	1287	1
181	1690	1
181	1705	1
181	1708	1
181	1844	1
182	187	1
182	188	1
182	281	1
182	965	1
182	1241	1
182	1539	1
183	2	1
183	142	1
183	150	1
183	803	1
183	1299	1
183	1569	1
183	1725	1
183	1796	1
183	1797	1
183	1823	1
183	1881	1
183	1885	1
183	1902	1
183	1925	1
183	2011	1
183	2012	1
183	2121	1
183	2163	1
183	2243	1
183	843	1
183	850	1
184	378	1
184	473	1
184	525	1
184	781	1
184	1660	1
184	1738	1
184	1739	1
184	2053	1
185	398	1
185	452	1
185	512	1
185	548	1
185	605	1
185	618	1
185	642	1
185	649	1
185	677	1
185	743	1
185	1021	1
185	1022	1
185	1263	1
185	1285	1
185	1788	1
185	2035	1
185	2067	1
185	2193	1
185	599	1
185	2308	1
186	1334	1
186	1351	1
186	2376	1
186	2421	1
186	1866	1
186	2447	1
186	2454	1
186	2458	1
186	2460	1
187	766	1
187	844	1
187	1226	1
187	1264	1
187	1326	1
187	1351	1
187	1353	1
187	1367	1
187	1418	1
187	1594	1
187	1627	1
188	251	1
188	283	1
188	1728	1
188	2149	1
188	2281	1
189	274	1
189	421	1
189	447	1
189	538	1
189	638	1
189	725	1
189	1502	1
189	1641	1
189	1718	1
189	2277	1
190	331	1
190	463	1
190	510	1
190	517	1
190	525	1
190	735	1
190	1029	1
190	1046	1
190	1080	1
190	1229	1
190	1302	1
190	1506	1
190	1507	1
190	1508	1
190	1705	1
191	111	1
191	822	1
191	1671	1
191	1707	1
191	1708	1
191	1759	1
191	1777	1
191	1875	1
191	1906	1
191	1925	1
191	1931	1
192	47	1
192	151	1
192	162	1
192	270	1
192	280	1
192	294	1
192	414	1
192	423	1
192	442	1
192	469	1
192	518	1
192	585	1
192	771	1
192	896	1
192	2171	1
192	532	1
193	119	1
193	184	1
193	1284	1
193	1624	1
193	1661	1
193	1674	1
193	1675	1
193	1681	1
193	1745	1
193	1959	1
193	1969	1
193	1970	1
194	167	1
194	272	1
194	491	1
194	926	1
194	2015	1
194	2115	1
194	2116	1
194	2202	1
194	2210	1
194	2279	1
195	289	1
195	431	1
195	495	1
195	1179	1
195	1531	1
196	85	1
196	863	1
196	1018	1
196	1053	1
196	1056	1
196	1153	1
196	1164	1
196	1204	1
196	1428	1
196	1494	1
196	1495	1
196	1517	1
196	1533	1
196	1545	1
196	1850	1
196	2371	1
197	20	1
197	135	1
197	137	1
197	169	1
197	182	1
197	181	1
197	185	1
197	189	1
197	219	1
197	243	1
197	288	1
197	395	1
197	450	1
197	515	1
197	623	1
197	751	1
197	786	1
197	895	1
197	1166	1
197	1463	1
197	1550	1
197	1793	1
197	2039	1
197	116	1
197	124	1
197	2048	1
197	148	1
197	2125	1
197	2126	1
197	2164	1
197	2229	1
197	2312	1
197	2455	1
197	2459	1
198	6	1
198	535	1
198	1182	1
198	1779	1
198	1816	1
198	366	1
198	2140	1
198	396	1
199	241	1
199	277	1
199	368	1
199	671	1
199	1379	1
200	209	1
200	591	1
200	598	1
200	667	1
200	699	1
200	783	1
200	803	1
200	836	1
200	1059	1
200	1502	1
200	1769	1
200	2185	1
200	2327	1
200	1038	1
200	1359	1
201	654	1
201	1148	1
201	1556	1
201	1877	1
201	1889	1
201	2181	1
201	2186	1
201	1207	1
201	2438	1
201	2439	1
202	115	1
202	349	1
202	393	1
202	400	1
202	799	1
202	850	1
202	851	1
203	1527	1
203	1569	1
203	1859	1
203	1888	1
203	1907	1
203	2003	1
203	214	1
203	511	1
203	646	1
203	1186	1
204	84	1
204	109	1
204	183	1
204	282	1
204	389	1
204	522	1
204	530	1
204	817	1
204	855	1
204	863	1
204	1113	1
204	1114	1
204	1153	1
204	1260	1
204	1335	1
205	477	1
205	648	1
205	901	1
205	1199	1
205	1381	1
206	33	1
206	39	1
206	43	1
206	49	1
206	55	1
206	57	1
206	60	1
206	68	1
206	97	1
206	98	1
206	112	1
206	122	1
206	142	1
206	160	1
206	177	1
206	183	1
206	194	1
206	212	1
206	232	1
206	237	1
206	264	1
206	284	1
206	292	1
206	326	1
206	338	1
206	353	1
206	356	1
206	361	1
206	362	1
206	389	1
206	403	1
206	404	1
206	433	1
206	455	1
206	474	1
206	501	1
206	521	1
206	532	1
206	533	1
206	546	1
206	591	1
206	593	1
206	597	1
206	619	1
206	642	1
206	659	1
206	682	1
206	711	1
206	750	1
206	789	1
206	864	1
206	873	1
206	876	1
206	886	1
206	925	1
206	927	1
206	955	1
206	969	1
206	989	1
206	1161	1
206	1192	1
206	1205	1
206	1241	1
206	1252	1
206	1278	1
206	1291	1
206	1357	1
206	1375	1
206	1376	1
206	1385	1
206	1395	1
206	1418	1
206	1422	1
206	1442	1
206	1443	1
206	1448	1
206	1473	1
206	1482	1
206	1488	1
206	1493	1
206	1497	1
206	1527	1
206	1529	1
206	1544	1
206	1547	1
206	1560	1
206	1568	1
206	1570	1
206	1571	1
206	1607	1
206	1608	1
206	1620	1
206	1622	1
206	1635	1
206	1639	1
206	1660	1
206	1669	1
206	1690	1
206	1714	1
206	1740	1
206	1750	1
206	1766	1
206	1804	1
206	1815	1
206	1820	1
206	1824	1
206	1835	1
206	1853	1
206	1900	1
206	1905	1
206	1933	1
206	2157	1
206	557	1
206	2234	1
206	2344	1
206	2359	1
206	1362	1
206	2407	1
207	601	1
207	1213	1
207	1294	1
207	1343	1
207	1347	1
207	1410	1
207	1447	1
207	1478	1
207	1500	1
207	1563	1
207	1631	1
207	1651	1
207	1974	1
208	280	1
208	404	1
208	420	1
208	855	1
208	1044	1
208	1073	1
208	1106	1
208	1114	1
208	1115	1
208	1204	1
208	1206	1
208	1303	1
208	1327	1
208	1360	1
208	1369	1
208	1403	1
208	1502	1
208	1620	1
208	1622	1
208	1685	1
208	1729	1
208	1779	1
208	1831	1
208	1832	1
208	1840	1
208	1111	1
208	2372	1
208	2373	1
208	2408	1
208	2435	1
209	249	1
209	347	1
209	668	1
209	1046	1
209	1068	1
209	1736	1
210	230	1
210	1250	1
210	1284	1
210	1286	1
210	1325	1
210	1381	1
210	1531	1
210	2090	1
210	261	1
210	2180	1
210	2259	1
210	2327	1
210	1126	1
210	2337	1
210	1183	1
210	2343	1
210	1277	1
210	1313	1
210	1315	1
210	2362	1
210	1324	1
210	1385	1
210	2377	1
210	2381	1
210	1446	1
211	74	1
211	1595	1
211	1647	1
211	1758	1
211	1774	1
211	1849	1
211	2351	1
212	576	1
212	863	1
212	1115	1
212	1129	1
212	1418	1
212	1483	1
212	1495	1
212	1498	1
212	978	1
213	84	1
213	110	1
213	115	1
213	120	1
213	134	1
213	170	1
213	201	1
213	358	1
213	359	1
213	387	1
213	431	1
213	1418	1
213	1452	1
213	1496	1
213	1538	1
214	34	1
214	97	1
214	98	1
214	719	1
214	1457	1
214	1649	1
214	1884	1
214	2352	1
214	1326	1
214	2367	1
214	2415	1
215	797	1
215	1939	1
215	370	1
215	2359	1
215	1618	1
216	1730	1
216	1751	1
216	1959	1
216	1960	1
216	2010	1
216	2011	1
217	347	1
217	413	1
217	482	1
217	726	1
217	853	1
217	1286	1
217	1363	1
217	1399	1
217	1407	1
217	1458	1
217	1482	1
217	1510	1
217	1752	1
217	1853	1
217	1885	1
218	526	1
218	964	1
218	1350	1
218	1385	1
218	1390	1
218	1464	1
218	1535	1
218	1536	1
218	1537	1
218	1539	1
218	1540	1
218	1635	1
218	1690	1
218	1708	1
218	1729	1
218	1742	1
218	1838	1
218	1918	1
218	1922	1
218	1937	1
218	1999	1
218	418	1
218	2218	1
218	2397	1
218	1786	1
218	2444	1
218	2452	1
219	104	1
219	132	1
219	192	1
219	330	1
219	459	1
219	539	1
219	596	1
219	654	1
219	922	1
219	1176	1
220	73	1
220	625	1
220	717	1
220	819	1
220	832	1
220	984	1
220	1107	1
220	1169	1
220	1182	1
220	1549	1
220	1634	1
220	2254	1
220	714	1
221	138	1
221	1621	1
221	1812	1
221	1822	1
221	1824	1
221	1937	1
221	1194	1
221	1880	1
222	1057	1
222	1248	1
222	1290	1
222	1460	1
222	1775	1
222	1861	1
223	114	1
223	1277	1
223	1304	1
223	1599	1
223	1622	1
223	1652	1
223	1660	1
223	1708	1
223	1719	1
223	1728	1
223	1812	1
223	1901	1
223	1961	1
223	1976	1
223	1999	1
223	36	1
223	2064	1
223	2065	1
223	260	1
223	322	1
223	2176	1
223	2187	1
223	642	1
223	718	1
223	916	1
223	2348	1
223	1227	1
223	2410	1
223	1604	1
223	1706	1
223	1875	1
223	2446	1
223	1904	1
223	1937	1
224	283	1
224	302	1
224	378	1
224	627	1
224	787	1
224	1709	1
224	1879	1
224	2104	1
225	231	1
225	690	1
225	1276	1
225	1288	1
225	1425	1
225	1518	1
225	1771	1
225	2127	1
226	54	1
226	64	1
226	166	1
226	322	1
226	337	1
226	370	1
226	600	1
226	604	1
226	760	1
226	917	1
226	1021	1
226	1022	1
226	1076	1
226	1077	1
226	1078	1
226	1158	1
226	1182	1
226	1258	1
226	1531	1
226	1615	1
226	1695	1
226	1990	1
226	2030	1
226	2076	1
226	2114	1
227	256	1
227	647	1
227	1278	1
227	1464	1
227	1488	1
227	1960	1
227	2253	1
227	2386	1
227	1778	1
228	514	1
228	1158	1
228	1223	1
228	1387	1
228	1486	1
228	1739	1
228	2088	1
228	2423	1
229	388	1
229	491	1
229	1083	1
229	1264	1
229	1523	1
229	1574	1
229	1662	1
230	239	1
230	293	1
230	304	1
230	671	1
230	778	1
230	1718	1
230	1836	1
230	1902	1
230	2071	1
230	2083	1
230	2106	1
230	2198	1
230	2205	1
230	2316	1
231	77	1
231	216	1
231	470	1
231	655	1
231	897	1
231	941	1
232	62	1
232	196	1
232	222	1
232	229	1
232	286	1
232	290	1
232	363	1
232	375	1
232	383	1
232	412	1
232	515	1
232	543	1
232	551	1
232	578	1
232	584	1
232	611	1
232	639	1
232	769	1
232	1615	1
232	2105	1
232	2310	1
232	2395	1
233	1129	1
233	1151	1
233	1152	1
233	1167	1
233	1266	1
233	1295	1
233	1369	1
233	1405	1
233	1456	1
233	1487	1
233	1499	1
233	1534	1
233	1610	1
233	1625	1
233	1646	1
233	1855	1
233	2369	1
233	2391	1
233	1513	1
233	2419	1
233	2434	1
234	253	1
234	1192	1
234	1275	1
234	1543	1
234	1873	1
235	952	1
235	1036	1
235	1202	1
235	1214	1
235	1221	1
235	1248	1
235	1256	1
235	1257	1
235	1267	1
235	1345	1
235	1351	1
235	1427	1
235	1492	1
236	218	1
236	1110	1
236	1241	1
236	1285	1
236	1474	1
237	707	1
237	949	1
237	1013	1
237	2025	1
237	2031	1
237	2264	1
237	2266	1
237	2268	1
238	680	1
238	1055	1
238	1908	1
238	2383	1
238	2384	1
238	1436	1
239	899	1
239	1000	1
239	1526	1
239	1571	1
239	1690	1
239	1711	1
239	1712	1
239	1713	1
239	1820	1
239	1835	1
239	1905	1
239	2407	1
240	608	1
240	1110	1
240	1192	1
240	1381	1
240	1657	1
240	842	1
241	898	1
241	1378	1
241	1981	1
241	2380	1
241	2009	1
242	658	1
242	2024	1
242	2187	1
242	1330	1
242	1676	1
243	420	1
243	553	1
243	778	1
243	1043	1
243	1340	1
243	1511	1
243	1931	1
243	1991	1
243	2073	1
243	846	1
243	1925	1
243	1988	1
244	1755	1
244	1775	1
244	1811	1
244	1823	1
244	1863	1
244	1880	1
244	1887	1
244	1902	1
244	1903	1
244	1906	1
244	1910	1
244	1935	1
244	1936	1
245	503	1
245	545	1
245	1118	1
245	1231	1
245	1418	1
245	1846	1
246	1276	1
246	1323	1
246	1435	1
246	2400	1
246	1631	1
246	2428	1
246	1955	1
247	129	1
247	131	1
247	212	1
247	265	1
247	271	1
247	304	1
247	833	1
247	904	1
247	1022	1
247	273	1
248	868	1
248	1239	1
248	1289	1
248	1470	1
248	1539	1
248	1647	1
248	1687	1
248	1864	1
248	2079	1
248	1839	1
249	643	1
249	713	1
249	827	1
249	1190	1
249	1195	1
249	1250	1
249	1282	1
249	1371	1
249	1060	1
250	355	1
250	1331	1
250	1622	1
250	1710	1
250	1714	1
250	1728	1
250	1733	1
250	1739	1
250	1777	1
250	1778	1
250	1791	1
250	1804	1
251	392	1
251	391	1
251	2188	1
251	2189	1
251	2191	1
251	2232	1
251	916	1
251	2374	1
252	1147	1
252	1446	1
252	1675	1
252	1719	1
252	1760	1
252	1781	1
252	28	1
252	212	1
252	214	1
252	331	1
252	2269	1
252	923	1
252	1196	1
252	1567	1
252	2429	1
252	2012	1
253	653	1
253	917	1
253	1017	1
253	1169	1
253	1182	1
253	1556	1
253	1576	1
253	1586	1
253	1643	1
253	2378	1
253	2388	1
254	218	1
254	261	1
254	272	1
254	277	1
254	630	1
254	768	1
254	1058	1
254	1379	1
254	2049	1
254	2092	1
255	217	1
255	481	1
255	524	1
255	789	1
255	1437	1
255	2082	1
255	2120	1
255	2239	1
256	109	1
256	272	1
256	312	1
256	491	1
256	521	1
256	556	1
256	577	1
256	731	1
256	831	1
256	1216	1
256	1325	1
256	1448	1
256	1536	1
256	2192	1
256	2194	1
256	1314	1
257	55	1
257	81	1
257	83	1
257	100	1
257	103	1
257	121	1
257	154	1
257	266	1
257	367	1
257	1247	1
257	1349	1
258	246	1
258	440	1
258	1989	1
258	2215	1
258	2263	1
259	238	1
259	898	1
259	903	1
259	913	1
259	975	1
259	988	1
259	1037	1
259	1215	1
259	1229	1
259	1265	1
259	1267	1
259	1290	1
259	1352	1
259	1363	1
259	1762	1
259	2370	1
260	536	1
260	601	1
260	640	1
260	683	1
260	795	1
260	1125	1
260	1638	1
260	1683	1
260	1698	1
260	1726	1
260	2363	1
261	1068	1
261	1237	1
261	1250	1
261	1260	1
261	1390	1
261	1437	1
261	1464	1
261	1556	1
261	2309	1
261	1195	1
262	9	1
262	54	1
262	81	1
262	113	1
262	121	1
262	180	1
262	194	1
262	299	1
262	428	1
262	499	1
262	534	1
262	552	1
262	621	1
262	773	1
262	778	1
262	794	1
262	1160	1
262	1209	1
262	1422	1
262	1423	1
262	1531	1
262	1637	1
262	1747	1
262	1761	1
262	1851	1
262	1975	1
262	2066	1
262	288	1
262	2107	1
262	2128	1
262	2138	1
262	519	1
262	2208	1
262	2244	1
262	2252	1
262	892	1
262	2357	1
262	2382	1
262	2402	1
263	684	1
263	1460	1
263	1751	1
263	1803	1
263	1806	1
264	56	1
264	570	1
264	811	1
264	1550	1
264	1597	1
264	2019	1
264	2147	1
264	569	1
264	663	1
264	2290	1
264	2292	1
265	158	1
265	318	1
265	767	1
265	899	1
265	1526	1
265	131	1
265	555	1
266	476	1
266	775	1
266	778	1
266	870	1
266	1220	1
266	1691	1
266	1778	1
266	1809	1
266	1860	1
266	1871	1
266	2182	1
266	2300	1
266	2414	1
266	2424	1
266	2430	1
266	1755	1
267	502	1
267	1450	1
267	1670	1
267	1867	1
267	1921	1
268	275	1
268	286	1
268	293	1
268	304	1
268	306	1
268	423	1
268	519	1
268	726	1
268	1068	1
268	1092	1
268	1320	1
268	1530	1
268	1556	1
268	1659	1
268	1660	1
268	186	1
268	196	1
268	2072	1
268	2074	1
268	212	1
268	235	1
268	2103	1
268	523	1
268	2322	1
269	946	1
269	1248	1
269	1703	1
269	1744	1
269	1753	1
269	1828	1
269	2432	1
270	628	1
270	1284	1
270	1923	1
270	1925	1
270	2358	1
271	1354	1
271	1772	1
271	1792	1
271	1833	1
271	1576	1
272	696	1
272	964	1
272	1004	1
272	1519	1
272	1693	1
272	2278	1
273	138	1
273	245	1
273	751	1
273	938	1
273	2026	1
273	2063	1
273	175	1
273	271	1
273	2175	1
273	506	1
273	2233	1
273	2299	1
273	2411	1
274	677	1
274	886	1
274	889	1
274	917	1
274	1030	1
274	1093	1
274	1260	1
274	1289	1
274	1452	1
274	2173	1
275	1114	1
275	1535	1
275	1536	1
275	1538	1
275	1570	1
275	1618	1
275	1755	1
275	1540	1
275	1626	1
276	164	1
276	488	1
276	561	1
276	992	1
276	1054	1
276	1275	1
276	1418	1
276	1453	1
276	1460	1
276	1488	1
276	1497	1
276	1761	1
276	1795	1
277	1214	1
277	1267	1
277	1399	1
277	1415	1
277	1428	1
278	610	1
278	744	1
278	745	1
278	798	1
278	1488	1
278	1719	1
278	1937	1
278	2078	1
279	1385	1
279	1579	1
279	1599	1
279	1630	1
279	1632	1
279	1687	1
279	1818	1
279	1839	1
279	1884	1
279	1902	1
279	2018	1
279	2032	1
279	2047	1
279	244	1
279	296	1
279	307	1
279	351	1
279	2128	1
279	2339	1
279	2412	1
280	1177	1
280	1351	1
280	1367	1
280	1891	1
280	1912	1
281	53	1
281	953	1
281	1196	1
281	1453	1
281	1471	1
281	1479	1
281	1491	1
281	1549	1
281	1567	1
281	1605	1
281	1606	1
281	1620	1
281	1622	1
281	1674	1
281	1739	1
281	1760	1
281	1778	1
281	1804	1
281	1811	1
281	1833	1
281	1857	1
281	1902	1
281	1910	1
281	1922	1
281	1958	1
281	1959	1
281	1985	1
281	1993	1
281	1995	1
281	1996	1
281	2005	1
281	2010	1
281	2012	1
281	719	1
281	1339	1
281	1462	1
281	1472	1
281	1580	1
281	1613	1
281	2416	1
281	2453	1
282	252	1
282	749	1
282	927	1
282	1191	1
282	1608	1
282	1621	1
282	1622	1
282	1690	1
282	1713	1
282	1729	1
282	1739	1
282	1741	1
282	1742	1
282	1804	1
282	1857	1
282	1900	1
282	1905	1
282	1909	1
282	1925	1
282	2091	1
282	2093	1
282	780	1
282	953	1
282	2321	1
282	1099	1
282	1098	1
282	2392	1
282	1472	1
282	2404	1
282	1641	1
282	2425	1
283	175	1
283	660	1
283	1707	1
283	2036	1
283	88	1
283	2045	1
283	2063	1
283	2102	1
283	2122	1
283	353	1
283	2152	1
283	2165	1
283	2170	1
283	2231	1
283	2250	1
283	2289	1
283	2307	1
284	10	1
284	402	1
284	479	1
284	554	1
284	2217	1
284	2271	1
284	809	1
285	147	1
285	1250	1
285	1248	1
285	1290	1
285	1339	1
285	1364	1
285	1455	1
285	1744	1
285	1873	1
285	1893	1
286	4	1
286	71	1
286	342	1
286	663	1
286	746	1
286	779	1
286	914	1
286	1466	1
286	2311	1
287	1804	1
287	351	1
287	2313	1
287	1137	1
287	1239	1
288	317	1
288	616	1
288	678	1
288	679	1
288	802	1
288	2235	1
289	2345	1
289	1235	1
289	1310	1
289	1348	1
289	1359	1
290	165	1
290	303	1
290	348	1
290	475	1
290	664	1
290	831	1
290	952	1
290	1089	1
290	1154	1
290	1170	1
290	1216	1
290	1222	1
290	1224	1
290	1237	1
290	1241	1
290	1274	1
290	1275	1
290	1277	1
290	1281	1
290	1316	1
290	1318	1
290	1324	1
290	1325	1
290	1368	1
290	1385	1
290	1386	1
290	1390	1
290	1452	1
290	1464	1
290	1479	1
290	1527	1
290	1600	1
290	1602	1
290	1603	1
290	1616	1
290	1622	1
290	1660	1
290	1740	1
290	1790	1
290	1924	1
290	2000	1
290	2328	1
291	80	1
291	314	1
291	344	1
291	471	1
291	528	1
291	578	1
291	652	1
291	654	1
291	685	1
291	908	1
291	1449	1
291	1555	1
291	2123	1
291	2124	1
291	2134	1
291	382	1
291	2156	1
291	2162	1
292	1467	1
292	1655	1
292	1805	1
292	1945	1
292	1975	1
293	761	1
293	916	1
293	919	1
293	920	1
293	960	1
293	1051	1
293	1052	1
293	1073	1
293	1090	1
293	1193	1
293	1334	1
293	1346	1
293	1431	1
293	1512	1
293	1513	1
294	863	1
294	988	1
294	1197	1
294	1198	1
294	1267	1
294	1283	1
294	1285	1
294	1308	1
294	1315	1
294	1322	1
294	1344	1
294	1393	1
294	1418	1
294	1464	1
294	1497	1
294	1502	1
294	1527	1
294	1536	1
294	1588	1
294	1589	1
294	1600	1
294	1619	1
294	1620	1
294	1659	1
294	1664	1
294	1684	1
294	1728	1
294	1479	1
294	1495	1
295	240	1
295	596	1
295	776	1
295	1072	1
295	1361	1
295	1366	1
295	1410	1
295	1414	1
295	1454	1
295	1480	1
295	1421	1
296	291	1
296	536	1
296	820	1
296	1629	1
296	1778	1
296	1799	1
296	2054	1
296	2071	1
297	0	1
297	1	1
297	371	1
297	456	1
297	486	1
297	633	1
297	657	1
297	727	1
297	878	1
297	981	1
297	987	1
297	1276	1
297	1724	1
297	2272	1
298	156	1
298	258	1
298	411	1
298	576	1
298	607	1
298	693	1
298	823	1
298	853	1
298	1047	1
298	1200	1
298	1342	1
298	1439	1
299	266	1
299	673	1
299	982	1
299	1006	1
299	1007	1
299	1602	1
299	1654	1
299	1699	1
299	1719	1
299	1733	1
300	347	1
300	674	1
300	992	1
300	1556	1
300	1620	1
300	1622	1
300	1776	1
300	1792	1
300	1843	1
301	1672	1
301	1830	1
301	1873	1
301	1874	1
301	1892	1
301	1897	1
301	1898	1
301	1916	1
302	497	1
302	1179	1
302	1906	1
302	1937	1
302	144	1
302	2136	1
302	2236	1
302	1180	1
302	1497	1
302	2456	1
303	1145	1
303	1767	1
303	1775	1
303	1926	1
303	1999	1
304	899	1
304	1182	1
304	1378	1
304	1526	1
304	2059	1
304	2196	1
304	1608	1
305	480	1
305	518	1
305	883	1
305	1514	1
305	1593	1
305	1814	1
305	1835	1
305	1899	1
305	455	1
305	2197	1
305	2200	1
305	2260	1
305	826	1
305	2333	1
305	2356	1
305	2433	1
306	254	1
306	583	1
306	887	1
306	1177	1
306	1506	1
306	2125	1
306	2154	1
306	2336	1
306	2342	1
306	2375	1
306	2376	1
306	2385	1
306	2440	1
307	770	1
307	934	1
307	936	1
307	1158	1
307	1258	1
307	1260	1
307	1536	1
307	1539	1
307	1615	1
307	1618	1
307	1822	1
307	1906	1
307	1925	1
307	1936	1
307	1957	1
307	1966	1
307	1971	1
307	1997	1
307	1999	1
307	2000	1
307	2355	1
307	2360	1
307	1496	1
307	2451	1
308	680	1
308	792	1
308	1418	1
308	1578	1
308	1664	1
308	1778	1
308	1801	1
308	1809	1
308	1848	1
308	1865	1
308	1952	1
308	2113	1
308	2347	1
308	2383	1
309	234	1
309	866	1
309	1035	1
309	2017	1
309	2080	1
309	2131	1
309	2242	1
309	2301	1
310	1091	1
310	1487	1
310	1494	1
310	1521	1
310	1572	1
310	1650	1
310	1927	1
311	49	1
311	347	1
311	514	1
311	1046	1
311	1241	1
311	1385	1
311	1412	1
311	1418	1
311	1507	1
311	1530	1
311	1560	1
311	1108	1
312	105	1
312	142	1
312	1385	1
312	1618	1
312	1622	1
312	1713	1
312	1715	1
312	1716	1
312	1717	1
312	1718	1
312	1719	1
312	1720	1
312	1721	1
312	1722	1
312	1723	1
312	1727	1
312	1739	1
312	1740	1
312	1766	1
312	1798	1
312	1804	1
312	1842	1
312	1857	1
312	1875	1
312	2396	1
313	161	1
313	172	1
313	406	1
313	422	1
313	437	1
313	465	1
313	495	1
313	573	1
313	666	1
313	687	1
313	939	1
313	965	1
313	1484	1
313	2172	1
314	1750	1
314	1766	1
314	1841	1
314	1906	1
314	1978	1
314	1989	1
314	2361	1
315	886	1
315	971	1
315	1616	1
315	1620	1
315	1626	1
315	1673	1
315	1739	1
315	1750	1
315	2341	1
316	255	1
316	385	1
316	458	1
316	855	1
316	972	1
316	981	1
316	1164	1
316	1212	1
316	1403	1
316	1732	1
316	1856	1
316	1858	1
316	1866	1
316	1346	1
316	1832	1
317	14	1
317	91	1
317	95	1
317	96	1
317	99	1
317	108	1
317	279	1
317	286	1
317	290	1
317	291	1
317	293	1
317	295	1
317	297	1
317	306	1
317	304	1
317	311	1
317	324	1
317	328	1
317	329	1
317	346	1
317	352	1
317	460	1
317	471	1
317	745	1
317	764	1
317	1874	1
317	2034	1
317	2038	1
317	2043	1
317	2044	1
317	2050	1
317	2077	1
317	246	1
317	2135	1
317	2142	1
317	472	1
317	2184	1
317	2199	1
317	2247	1
317	2256	1
317	2257	1
317	2294	1
317	2295	1
317	850	1
318	855	1
318	1205	1
318	1287	1
318	1572	1
318	2329	1
319	633	1
319	1644	1
319	1659	1
319	1823	1
319	1943	1
320	741	1
320	1937	1
320	1959	1
320	1752	1
320	2448	1
321	89	1
321	93	1
321	101	1
321	146	1
321	190	1
321	205	1
321	211	1
321	223	1
321	335	1
321	384	1
321	394	1
321	515	1
321	543	1
321	589	1
321	590	1
321	600	1
321	608	1
321	632	1
321	664	1
321	694	1
321	758	1
321	766	1
321	769	1
321	791	1
321	795	1
321	803	1
321	1022	1
321	1027	1
321	1323	1
321	1325	1
321	1611	1
321	2040	1
321	2118	1
321	2159	1
321	2297	1
321	2364	1
321	2365	1
321	2395	1
321	2409	1
322	19	1
322	45	1
322	46	1
322	144	1
322	145	1
322	162	1
322	374	1
322	489	1
322	508	1
322	759	1
322	821	1
322	835	1
322	930	1
322	1038	1
322	1139	1
322	1158	1
322	1174	1
322	1198	1
322	1269	1
322	1271	1
322	1280	1
322	1486	1
322	1645	1
322	1715	1
322	1718	1
322	1719	1
322	1722	1
322	1740	1
322	2214	1
323	175	1
323	534	1
323	552	1
323	1011	1
323	1861	1
323	1901	1
323	1913	1
323	1936	1
323	1937	1
323	2063	1
323	266	1
323	475	1
323	653	1
323	2262	1
323	2270	1
323	1097	1
323	2338	1
324	1873	1
324	1948	1
324	2007	1
324	2010	1
324	2074	1
325	16	1
325	17	1
325	31	1
325	35	1
325	65	1
325	130	1
325	141	1
325	205	1
325	208	1
325	233	1
325	303	1
325	325	1
325	339	1
325	417	1
325	418	1
325	441	1
325	490	1
325	523	1
325	536	1
325	581	1
325	594	1
325	662	1
325	669	1
325	824	1
325	835	1
325	907	1
325	1003	1
325	1028	1
325	1114	1
325	1120	1
325	1150	1
325	1197	1
325	1217	1
325	1240	1
325	1264	1
325	1304	1
325	1347	1
325	1381	1
325	1389	1
325	1556	1
325	1671	1
325	1756	1
325	1807	1
325	1853	1
326	749	1
326	1095	1
326	1161	1
326	1505	1
326	1660	1
326	1742	1
326	1922	1
327	625	1
327	626	1
327	781	1
327	1804	1
327	2081	1
328	195	1
328	1200	1
328	1254	1
328	1464	1
328	1577	1
328	1653	1
328	1667	1
328	1680	1
328	1682	1
328	1690	1
328	1787	1
328	2390	1
328	2426	1
329	236	1
329	287	1
329	972	1
329	1719	1
329	1826	1
329	1874	1
329	1976	1
329	2026	1
329	2045	1
329	159	1
329	160	1
329	2058	1
329	171	1
329	2070	1
329	2077	1
329	2084	1
329	241	1
329	2086	1
329	267	1
329	2097	1
329	280	1
329	2101	1
329	299	1
329	305	1
329	316	1
329	2108	1
329	324	1
329	2112	1
329	345	1
329	405	1
329	424	1
329	2170	1
329	489	1
329	2201	1
329	2211	1
329	2220	1
329	2224	1
329	2238	1
329	2246	1
329	2250	1
329	2251	1
329	653	1
329	834	1
329	2314	1
329	938	1
329	2320	1
329	984	1
329	1090	1
329	1145	1
329	2350	1
329	2357	1
329	2379	1
329	1461	1
329	2393	1
329	2394	1
329	1507	1
329	2406	1
329	2417	1
329	2418	1
329	1645	1
329	1748	1
329	1767	1
329	1781	1
329	2437	1
329	2443	1
329	2445	1
330	918	1
330	1109	1
330	1126	1
330	1185	1
330	1238	1
330	1248	1
330	1290	1
330	1328	1
330	1353	1
331	194	1
331	1649	1
331	8	1
331	2016	1
331	2033	1
331	2037	1
331	2038	1
331	109	1
331	2043	1
331	2044	1
331	116	1
331	126	1
331	204	1
331	2085	1
331	2096	1
331	298	1
331	314	1
331	2132	1
331	2150	1
331	2154	1
331	435	1
331	2162	1
331	2184	1
331	2199	1
331	2219	1
331	2245	1
331	663	1
331	681	1
331	2276	1
331	751	1
331	2280	1
331	768	1
331	779	1
331	2287	1
331	812	1
331	859	1
331	2306	1
331	2339	1
332	698	1
332	1260	1
332	2144	1
332	798	1
332	837	1
332	2324	1
332	1807	1
333	208	1
333	280	1
333	377	1
333	427	1
333	523	1
333	879	1
333	952	1
333	1739	1
333	1800	1
333	1911	1
333	1919	1
333	1927	1
333	2296	1
334	1656	1
334	1754	1
334	1904	1
334	2013	1
334	2240	1
334	1069	1
