0	2753	1.0
0	2132	1.0
0	170	1.0
0	1741	1.0
1	1921	1.0
1	805	1.0
1	2654	1.0
1	1638	1.0
1	1965	1.0
2	1914	1.0
2	2107	1.0
2	2019	1.0
2	1549	1.0
2	1777	1.0
2	2115	1.0
2	1779	1.0
2	1741	1.0
2	2005	1.0
3	2140	1.0
3	373	1.0
3	2142	1.0
3	1629	1.0
3	2061	1.0
3	1494	1.0
4	1375	1.0
4	2206	1.0
4	1835	1.0
4	2202	1.0
4	377	1.0
4	2019	1.0
4	833	1.0
4	2111	1.0
4	2062	1.0
4	435	1.0
4	409	1.0
4	2007	1.0
4	1741	1.0
4	2033	1.0
4	2044	1.0
5	2380	1.0
5	2440	1.0
5	1827	1.0
5	2506	1.0
6	1783	1.0
6	2062	1.0
6	1753	1.0
6	1900	1.0
6	1793	1.0
6	1821	1.0
6	1785	1.0
7	2737	1.0
7	641	1.0
7	2649	1.0
7	1633	1.0
7	2184	1.0
7	2062	1.0
7	2167	1.0
7	2059	1.0
7	2061	1.0
7	2208	1.0
7	742	1.0
7	1917	1.0
7	2168	1.0
7	2355	1.0
7	2653	1.0
7	1952	1.0
7	2396	1.0
8	180	1.0
8	2181	1.0
8	143	1.0
8	155	1.0
8	1833	1.0
8	2958	1.0
8	1861	1.0
8	163	1.0
9	1625	1.0
9	2923	1.0
9	1222	1.0
9	316	1.0
9	914	1.0
9	823	1.0
9	699	1.0
9	786	1.0
9	489	1.0
9	1409	1.0
9	638	1.0
9	1585	1.0
9	574	1.0
9	482	1.0
9	2775	1.0
9	1586	1.0
9	269	1.0
9	1119	1.0
9	405	1.0
9	3095	1.0
9	191	1.0
9	2878	1.0
9	820	1.0
9	872	1.0
9	2900	1.0
9	1661	1.0
9	299	1.0
9	3066	1.0
9	2183	1.0
9	140	1.0
9	1660	1.0
9	1094	1.0
9	12	1.0
9	1835	1.0
9	2838	1.0
9	2830	1.0
9	3049	1.0
9	2953	1.0
9	2973	1.0
9	164	1.0
9	3332	1.0
9	2664	1.0
9	1121	1.0
9	1154	1.0
9	3045	1.0
9	3021	1.0
9	911	1.0
9	815	1.0
9	3135	1.0
9	1588	1.0
9	1159	1.0
9	845	1.0
9	1191	1.0
9	829	1.0
9	2929	1.0
9	2962	1.0
9	1691	1.0
9	3046	1.0
9	380	1.0
9	615	1.0
9	3131	1.0
9	535	1.0
9	1093	1.0
9	1558	1.0
9	804	1.0
9	1116	1.0
9	3116	1.0
9	2981	1.0
9	1195	1.0
9	1223	1.0
9	1065	1.0
9	2938	1.0
9	2117	1.0
9	2062	1.0
9	866	1.0
9	313	1.0
9	2019	1.0
9	669	1.0
9	528	1.0
9	585	1.0
9	359	1.0
9	2780	1.0
9	2824	1.0
9	1411	1.0
9	1690	1.0
10	1	1.0
10	2591	1.0
10	2703	1.0
10	2752	1.0
10	3	1.0
10	2723	1.0
11	3014	1.0
11	419	1.0
11	3221	1.0
11	811	1.0
12	653	1.0
12	1440	1.0
12	363	1.0
12	1228	1.0
12	1421	1.0
12	1703	1.0
13	892	1.0
13	3	1.0
13	1151	1.0
13	1185	1.0
14	1804	1.0
14	1844	1.0
14	1768	1.0
14	2037	1.0
14	1281	1.0
15	801	1.0
15	1367	1.0
15	1731	1.0
15	1416	1.0
15	2573	1.0
15	707	1.0
15	719	1.0
15	1776	1.0
15	1667	1.0
16	1871	1.0
16	1200	1.0
16	1276	1.0
16	2110	1.0
17	654	1.0
17	2372	1.0
17	2364	1.0
17	2367	1.0
17	2370	1.0
17	43	1.0
17	41	1.0
17	230	1.0
17	1254	1.0
17	39	1.0
17	2395	1.0
17	3061	1.0
17	2369	1.0
17	890	1.0
17	3143	1.0
17	2371	1.0
17	2365	1.0
17	2433	1.0
17	1791	1.0
17	2366	1.0
17	2874	1.0
17	694	1.0
17	1562	1.0
17	3055	1.0
18	3222	1.0
18	922	1.0
18	2282	1.0
18	2511	1.0
19	2492	1.0
19	2501	1.0
19	2351	1.0
19	1233	1.0
19	402	1.0
20	1253	1.0
20	1633	1.0
20	188	1.0
20	607	1.0
20	1210	1.0
20	1665	1.0
20	3173	1.0
20	2420	1.0
20	1784	1.0
20	3120	1.0
20	1423	1.0
20	1566	1.0
20	2228	1.0
20	1371	1.0
21	2747	1.0
21	2616	1.0
21	2635	1.0
21	2750	1.0
21	1909	1.0
21	2362	1.0
22	1854	1.0
22	469	1.0
22	1025	1.0
22	533	1.0
23	2917	1.0
23	37	1.0
23	1258	1.0
23	2546	1.0
23	1165	1.0
24	2272	1.0
24	2438	1.0
24	2348	1.0
24	2197	1.0
24	1742	1.0
24	1504	1.0
24	1635	1.0
25	1335	1.0
25	2597	1.0
25	2604	1.0
25	892	1.0
26	1378	1.0
26	244	1.0
26	426	1.0
26	1436	1.0
26	548	1.0
26	1909	1.0
26	798	1.0
26	408	1.0
26	364	1.0
26	491	1.0
26	1468	1.0
26	1434	1.0
26	1965	1.0
26	476	1.0
26	1400	1.0
26	608	1.0
26	831	1.0
27	1889	1.0
27	2510	1.0
27	1525	1.0
27	2400	1.0
27	1405	1.0
27	1790	1.0
27	1716	1.0
28	1754	1.0
28	1745	1.0
28	1326	1.0
28	2712	1.0
28	1827	1.0
28	2380	1.0
29	2648	1.0
29	2306	1.0
29	2404	1.0
29	2566	1.0
29	2015	1.0
29	712	1.0
30	1767	1.0
30	1776	1.0
30	1825	1.0
30	2115	1.0
30	1914	1.0
31	1688	1.0
31	1735	1.0
31	1728	1.0
31	1447	1.0
32	1778	1.0
32	917	1.0
32	1037	1.0
32	2334	1.0
32	1238	1.0
33	283	1.0
33	716	1.0
33	1877	1.0
33	3200	1.0
33	1876	1.0
33	2587	1.0
33	1755	1.0
33	2431	1.0
33	1826	1.0
33	1557	1.0
33	1527	1.0
33	3229	1.0
33	1914	1.0
33	1710	1.0
33	2621	1.0
33	1786	1.0
33	1619	1.0
33	1681	1.0
33	335	1.0
34	545	1.0
34	1965	1.0
34	1253	1.0
34	2734	1.0
34	297	1.0
35	2284	1.0
35	1257	1.0
35	2216	1.0
35	2243	1.0
35	1958	1.0
35	2181	1.0
35	2180	1.0
36	520	1.0
36	488	1.0
36	2697	1.0
36	223	1.0
36	2317	1.0
36	1625	1.0
37	1642	1.0
37	757	1.0
37	934	1.0
37	832	1.0
38	2829	1.0
38	992	1.0
38	1564	1.0
38	1558	1.0
38	181	1.0
38	1194	1.0
38	1084	1.0
38	1080	1.0
38	1001	1.0
38	1516	1.0
38	2	1.0
38	1324	1.0
38	1617	1.0
38	1250	1.0
38	1845	1.0
38	1292	1.0
38	1812	1.0
38	449	1.0
38	1151	1.0
38	1305	1.0
38	112	1.0
38	1547	1.0
38	1257	1.0
38	1187	1.0
38	1085	1.0
38	1645	1.0
39	2151	1.0
39	2397	1.0
39	2228	1.0
39	1798	1.0
39	2051	1.0
39	2489	1.0
39	2507	1.0
39	2133	1.0
39	2388	1.0
39	1634	1.0
39	2617	1.0
40	871	1.0
40	63	1.0
40	2102	1.0
40	910	1.0
41	51	1.0
41	559	1.0
41	547	1.0
41	1500	1.0
41	1753	1.0
42	478	1.0
42	524	1.0
42	633	1.0
42	738	1.0
42	169	1.0
42	1409	1.0
42	915	1.0
43	1780	1.0
43	7	1.0
43	4	1.0
43	5	1.0
44	2511	1.0
44	3303	1.0
44	1879	1.0
44	2228	1.0
44	873	1.0
44	1311	1.0
44	2232	1.0
44	2629	1.0
45	36	1.0
45	1973	1.0
45	2882	1.0
45	1241	1.0
45	2122	1.0
45	2316	1.0
45	120	1.0
46	2030	1.0
46	697	1.0
46	2163	1.0
46	1487	1.0
46	1081	1.0
46	935	1.0
46	1604	1.0
46	1605	1.0
46	1741	1.0
46	1713	1.0
46	1655	1.0
46	1776	1.0
46	1663	1.0
47	453	1.0
47	2341	1.0
47	122	1.0
47	1546	1.0
47	1431	1.0
47	2464	1.0
47	1479	1.0
48	2753	1.0
48	2594	1.0
48	2427	1.0
48	3165	1.0
48	2400	1.0
48	2335	1.0
49	336	1.0
49	1283	1.0
49	1029	1.0
49	1045	1.0
49	748	1.0
49	1267	1.0
49	1227	1.0
49	1060	1.0
49	938	1.0
49	716	1.0
49	1188	1.0
50	2847	1.0
50	272	1.0
50	2228	1.0
50	2477	1.0
50	2443	1.0
50	292	1.0
50	1358	1.0
50	2474	1.0
51	584	1.0
51	1856	1.0
51	1217	1.0
51	1965	1.0
51	1734	1.0
52	1190	1.0
52	1416	1.0
52	1101	1.0
52	987	1.0
52	121	1.0
52	219	1.0
53	1616	1.0
53	2297	1.0
53	1535	1.0
53	1745	1.0
53	2291	1.0
53	1326	1.0
54	1965	1.0
54	2228	1.0
54	1259	1.0
54	1099	1.0
54	2260	1.0
54	2225	1.0
54	938	1.0
54	1710	1.0
54	2284	1.0
54	102	1.0
54	2222	1.0
54	3112	1.0
55	3184	1.0
55	3043	1.0
55	1635	1.0
55	3277	1.0
55	3198	1.0
55	2197	1.0
55	2156	1.0
55	1519	1.0
55	2010	1.0
55	1671	1.0
55	1622	1.0
55	2272	1.0
55	1801	1.0
55	2096	1.0
55	713	1.0
55	3219	1.0
55	977	1.0
55	870	1.0
55	779	1.0
55	2245	1.0
55	1290	1.0
56	542	1.0
56	1752	1.0
56	1745	1.0
56	1640	1.0
56	45	1.0
56	1715	1.0
57	1953	1.0
57	2839	1.0
57	2557	1.0
57	1436	1.0
57	3234	1.0
57	3177	1.0
57	3194	1.0
57	2654	1.0
57	2653	1.0
57	1784	1.0
57	2826	1.0
58	1420	1.0
58	1325	1.0
58	1398	1.0
58	1693	1.0
58	126	1.0
58	1488	1.0
58	1400	1.0
58	279	1.0
58	1320	1.0
58	1500	1.0
58	1401	1.0
58	1285	1.0
58	1753	1.0
58	3171	1.0
58	1493	1.0
58	2175	1.0
59	2459	1.0
59	2748	1.0
59	655	1.0
59	1427	1.0
59	2080	1.0
59	2315	1.0
59	1050	1.0
59	640	1.0
59	85	1.0
59	1909	1.0
59	2697	1.0
59	2153	1.0
59	2735	1.0
59	2425	1.0
59	2626	1.0
59	1767	1.0
59	30	1.0
59	1277	1.0
59	1587	1.0
59	2729	1.0
59	1172	1.0
59	1401	1.0
59	1263	1.0
59	1035	1.0
59	1435	1.0
59	175	1.0
59	1168	1.0
59	2188	1.0
59	209	1.0
59	2706	1.0
59	2609	1.0
59	2217	1.0
59	1308	1.0
59	2143	1.0
59	1072	1.0
59	818	1.0
59	933	1.0
59	2536	1.0
59	2186	1.0
59	2396	1.0
59	2079	1.0
59	759	1.0
59	1339	1.0
59	1733	1.0
59	1823	1.0
59	1548	1.0
59	1577	1.0
59	2669	1.0
59	1997	1.0
59	1043	1.0
59	1566	1.0
59	430	1.0
59	1200	1.0
59	1249	1.0
59	692	1.0
59	2460	1.0
59	729	1.0
59	1060	1.0
59	2253	1.0
59	2538	1.0
59	252	1.0
59	690	1.0
59	2557	1.0
59	659	1.0
59	2031	1.0
59	1988	1.0
59	2692	1.0
59	1415	1.0
59	2638	1.0
59	1194	1.0
59	704	1.0
59	1625	1.0
59	565	1.0
59	2367	1.0
59	901	1.0
59	630	1.0
59	3142	1.0
59	1590	1.0
59	3022	1.0
59	1500	1.0
59	242	1.0
59	2624	1.0
59	2383	1.0
59	1355	1.0
59	1284	1.0
59	1723	1.0
59	743	1.0
59	1863	1.0
59	1049	1.0
59	2345	1.0
59	695	1.0
59	1012	1.0
59	1390	1.0
59	1374	1.0
59	1816	1.0
59	173	1.0
59	28	1.0
59	2659	1.0
59	2269	1.0
59	1322	1.0
59	2129	1.0
59	749	1.0
59	1785	1.0
59	1080	1.0
59	1701	1.0
59	1919	1.0
59	2661	1.0
59	1597	1.0
59	1434	1.0
59	865	1.0
59	2375	1.0
59	766	1.0
59	284	1.0
59	1357	1.0
59	1946	1.0
59	965	1.0
59	1962	1.0
59	1898	1.0
59	934	1.0
59	2258	1.0
59	3288	1.0
59	2047	1.0
59	2019	1.0
59	2033	1.0
59	1202	1.0
59	2711	1.0
59	1679	1.0
59	1027	1.0
59	1361	1.0
59	1720	1.0
59	1328	1.0
59	2063	1.0
59	1000	1.0
59	1028	1.0
59	1207	1.0
59	854	1.0
59	1955	1.0
59	662	1.0
59	2065	1.0
59	2781	1.0
59	874	1.0
59	2651	1.0
59	1165	1.0
59	2130	1.0
59	2465	1.0
59	2021	1.0
59	1051	1.0
59	2965	1.0
59	1218	1.0
59	639	1.0
59	2403	1.0
59	3309	1.0
59	1261	1.0
59	1436	1.0
59	2653	1.0
59	999	1.0
59	1544	1.0
59	822	1.0
59	780	1.0
59	1454	1.0
59	1029	1.0
59	1965	1.0
59	2406	1.0
59	1659	1.0
59	2046	1.0
59	644	1.0
59	2018	1.0
59	2338	1.0
59	2966	1.0
59	1282	1.0
59	2522	1.0
59	1599	1.0
59	2260	1.0
59	2177	1.0
59	1451	1.0
59	228	1.0
59	1951	1.0
59	2330	1.0
59	1002	1.0
59	2760	1.0
59	919	1.0
59	1536	1.0
59	2713	1.0
59	2039	1.0
59	1383	1.0
59	801	1.0
59	1783	1.0
59	2592	1.0
59	2150	1.0
59	1674	1.0
59	1338	1.0
59	2451	1.0
59	2549	1.0
59	586	1.0
59	2426	1.0
59	3028	1.0
59	2731	1.0
59	2583	1.0
59	1422	1.0
59	1294	1.0
59	1158	1.0
59	1034	1.0
59	314	1.0
59	2110	1.0
59	2281	1.0
59	2148	1.0
59	1813	1.0
59	1673	1.0
59	2028	1.0
59	1267	1.0
59	2216	1.0
59	585	1.0
59	857	1.0
59	3315	1.0
59	1323	1.0
59	1038	1.0
59	1046	1.0
59	133	1.0
59	1	1.0
59	1065	1.0
59	1822	1.0
59	409	1.0
59	399	1.0
59	1920	1.0
59	2255	1.0
59	1565	1.0
59	245	1.0
59	810	1.0
59	323	1.0
59	1020	1.0
59	2395	1.0
59	624	1.0
59	2744	1.0
59	2082	1.0
59	2307	1.0
59	1058	1.0
59	1428	1.0
59	1247	1.0
59	65	1.0
59	2696	1.0
59	2317	1.0
59	188	1.0
59	1872	1.0
59	2645	1.0
59	1820	1.0
59	2254	1.0
59	739	1.0
59	2059	1.0
59	2081	1.0
59	2737	1.0
59	2749	1.0
59	1216	1.0
59	432	1.0
59	403	1.0
59	2416	1.0
59	2695	1.0
59	1262	1.0
59	2109	1.0
59	1528	1.0
59	2062	1.0
59	1464	1.0
59	1375	1.0
59	1045	1.0
59	1553	1.0
59	2458	1.0
59	2038	1.0
59	2078	1.0
59	1337	1.0
59	196	1.0
59	1840	1.0
59	981	1.0
59	1529	1.0
59	2662	1.0
59	1835	1.0
59	2407	1.0
59	1030	1.0
59	1718	1.0
59	1833	1.0
59	732	1.0
59	1473	1.0
59	930	1.0
59	607	1.0
59	851	1.0
59	1283	1.0
59	2259	1.0
59	2743	1.0
59	1731	1.0
59	1468	1.0
59	26	1.0
59	1998	1.0
59	2222	1.0
59	318	1.0
59	2228	1.0
59	1821	1.0
59	2175	1.0
59	2184	1.0
59	1438	1.0
59	1874	1.0
59	2227	1.0
59	1834	1.0
59	1644	1.0
59	2219	1.0
59	308	1.0
59	2746	1.0
59	1818	1.0
59	2243	1.0
59	2034	1.0
59	1307	1.0
59	1472	1.0
59	2578	1.0
59	2218	1.0
59	1784	1.0
59	2365	1.0
59	939	1.0
59	1019	1.0
59	200	1.0
59	2206	1.0
59	931	1.0
59	1398	1.0
59	406	1.0
59	1059	1.0
59	2189	1.0
59	2250	1.0
59	2388	1.0
59	849	1.0
59	2429	1.0
59	1396	1.0
59	2636	1.0
59	2149	1.0
59	494	1.0
59	1237	1.0
59	195	1.0
59	1193	1.0
59	647	1.0
59	2450	1.0
59	920	1.0
59	1048	1.0
59	248	1.0
59	994	1.0
59	653	1.0
59	1971	1.0
59	437	1.0
59	2352	1.0
59	1125	1.0
59	2844	1.0
59	2622	1.0
59	2575	1.0
59	1598	1.0
59	2226	1.0
59	837	1.0
59	1817	1.0
60	1965	1.0
60	1954	1.0
60	1219	1.0
60	379	1.0
60	500	1.0
60	1231	1.0
60	178	1.0
60	953	1.0
60	1689	1.0
60	228	1.0
60	1017	1.0
60	2408	1.0
60	2739	1.0
60	1276	1.0
60	2110	1.0
60	1879	1.0
61	816	1.0
61	820	1.0
61	827	1.0
61	868	1.0
61	79	1.0
61	629	1.0
62	1827	1.0
62	2199	1.0
62	1217	1.0
62	291	1.0
63	2333	1.0
63	2647	1.0
63	2648	1.0
63	2587	1.0
64	1269	1.0
64	1739	1.0
64	1217	1.0
64	2594	1.0
64	1013	1.0
64	2560	1.0
65	2726	1.0
65	1421	1.0
65	1032	1.0
65	2496	1.0
65	1026	1.0
65	1353	1.0
65	2564	1.0
65	992	1.0
65	1978	1.0
65	1350	1.0
66	2053	1.0
66	430	1.0
66	2240	1.0
66	1558	1.0
67	2421	1.0
67	1998	1.0
67	2073	1.0
67	2251	1.0
68	2355	1.0
68	324	1.0
68	2203	1.0
68	653	1.0
68	2559	1.0
68	2762	1.0
68	2310	1.0
69	913	1.0
69	1170	1.0
69	692	1.0
69	523	1.0
69	1217	1.0
69	621	1.0
69	1113	1.0
69	609	1.0
69	1500	1.0
69	780	1.0
69	662	1.0
69	785	1.0
69	2340	1.0
69	794	1.0
69	1435	1.0
69	907	1.0
69	2654	1.0
70	1518	1.0
70	1564	1.0
70	1485	1.0
70	1633	1.0
71	2094	1.0
71	554	1.0
71	2328	1.0
71	2729	1.0
71	2341	1.0
72	384	1.0
72	653	1.0
72	1429	1.0
72	2571	1.0
72	1471	1.0
72	2314	1.0
72	1007	1.0
72	1345	1.0
72	2686	1.0
72	1217	1.0
72	2295	1.0
72	2023	1.0
72	352	1.0
72	2510	1.0
72	2439	1.0
72	2753	1.0
73	2422	1.0
73	2226	1.0
73	2238	1.0
73	2220	1.0
73	1625	1.0
73	2387	1.0
73	2202	1.0
73	2206	1.0
74	2019	1.0
74	1785	1.0
74	1915	1.0
74	1909	1.0
75	2116	1.0
75	2246	1.0
75	124	1.0
75	510	1.0
75	1810	1.0
75	2200	1.0
75	1947	1.0
75	2232	1.0
75	2457	1.0
75	760	1.0
75	1809	1.0
75	1677	1.0
75	2788	1.0
75	186	1.0
75	2382	1.0
75	1824	1.0
75	3250	1.0
75	3079	1.0
75	1706	1.0
75	48	1.0
75	1052	1.0
75	2350	1.0
75	1240	1.0
75	2323	1.0
75	1965	1.0
75	512	1.0
75	1563	1.0
75	2336	1.0
75	1407	1.0
75	1694	1.0
75	3150	1.0
75	2127	1.0
75	513	1.0
75	834	1.0
75	722	1.0
75	1913	1.0
75	3138	1.0
75	3089	1.0
75	1746	1.0
75	78	1.0
75	726	1.0
75	2316	1.0
75	1879	1.0
75	2128	1.0
75	747	1.0
75	1226	1.0
75	88	1.0
76	584	1.0
76	1930	1.0
76	596	1.0
76	1936	1.0
76	1933	1.0
76	1093	1.0
76	1381	1.0
76	1607	1.0
76	1794	1.0
76	1797	1.0
76	1808	1.0
76	1928	1.0
76	1685	1.0
76	289	1.0
76	1636	1.0
76	1849	1.0
76	1053	1.0
76	129	1.0
76	2052	1.0
76	1266	1.0
76	801	1.0
76	2142	1.0
76	1278	1.0
76	1179	1.0
76	1147	1.0
76	693	1.0
76	2270	1.0
76	1559	1.0
76	3193	1.0
76	373	1.0
76	944	1.0
76	705	1.0
76	1628	1.0
76	1584	1.0
76	1934	1.0
76	2004	1.0
76	557	1.0
76	1989	1.0
76	1243	1.0
76	1935	1.0
76	1614	1.0
76	1494	1.0
76	1152	1.0
76	683	1.0
76	564	1.0
76	790	1.0
76	1244	1.0
76	1131	1.0
76	1499	1.0
76	372	1.0
76	984	1.0
76	595	1.0
76	2101	1.0
76	1629	1.0
76	1021	1.0
76	1031	1.0
77	486	1.0
77	30	1.0
77	1294	1.0
77	590	1.0
77	1753	1.0
78	1556	1.0
78	2508	1.0
78	1704	1.0
78	1527	1.0
78	2084	1.0
78	352	1.0
78	2238	1.0
78	1915	1.0
78	1965	1.0
79	180	1.0
79	601	1.0
79	891	1.0
79	3248	1.0
79	285	1.0
79	385	1.0
79	346	1.0
79	3155	1.0
79	345	1.0
79	282	1.0
79	1005	1.0
79	1242	1.0
80	2247	1.0
80	2756	1.0
80	1912	1.0
80	2116	1.0
80	2545	1.0
80	2537	1.0
80	2755	1.0
81	1871	1.0
81	1231	1.0
81	1149	1.0
81	3191	1.0
81	3190	1.0
81	745	1.0
82	2608	1.0
82	194	1.0
82	1732	1.0
82	1181	1.0
83	2391	1.0
83	2587	1.0
83	1540	1.0
83	2523	1.0
83	3325	1.0
83	2526	1.0
83	2334	1.0
83	2249	1.0
83	2330	1.0
83	2214	1.0
83	2389	1.0
83	2251	1.0
83	3324	1.0
83	2731	1.0
83	45	1.0
83	2393	1.0
83	2107	1.0
83	2524	1.0
83	3217	1.0
83	2165	1.0
83	2131	1.0
83	2525	1.0
84	406	1.0
84	1066	1.0
84	244	1.0
84	830	1.0
84	883	1.0
84	3101	1.0
84	622	1.0
85	1273	1.0
85	2415	1.0
85	1413	1.0
85	1442	1.0
86	2653	1.0
86	2213	1.0
86	1344	1.0
86	2764	1.0
86	2392	1.0
86	2045	1.0
86	1877	1.0
86	1827	1.0
86	1218	1.0
86	1362	1.0
86	1517	1.0
86	2654	1.0
86	2211	1.0
86	1799	1.0
86	980	1.0
86	979	1.0
87	1776	1.0
87	1285	1.0
87	1343	1.0
87	1645	1.0
87	1753	1.0
87	1643	1.0
87	947	1.0
87	1775	1.0
88	1316	1.0
88	662	1.0
88	2110	1.0
88	2989	1.0
88	727	1.0
88	1384	1.0
88	2931	1.0
88	801	1.0
88	731	1.0
88	1710	1.0
88	1276	1.0
89	1625	1.0
89	1619	1.0
89	2151	1.0
89	3208	1.0
89	1362	1.0
89	3196	1.0
89	515	1.0
89	1606	1.0
89	2136	1.0
89	1518	1.0
89	2011	1.0
89	2508	1.0
89	2285	1.0
89	2074	1.0
89	791	1.0
89	2093	1.0
89	2114	1.0
89	1643	1.0
89	2045	1.0
89	1968	1.0
89	1647	1.0
89	1167	1.0
90	2365	1.0
90	1704	1.0
90	1659	1.0
90	1633	1.0
90	1558	1.0
90	867	1.0
90	2367	1.0
90	1646	1.0
90	1640	1.0
90	1322	1.0
91	2348	1.0
91	1861	1.0
91	3272	1.0
91	1415	1.0
91	1954	1.0
91	1712	1.0
91	1578	1.0
91	3317	1.0
91	1627	1.0
91	1686	1.0
91	1965	1.0
91	2154	1.0
91	2245	1.0
92	800	1.0
92	1239	1.0
92	1753	1.0
92	2066	1.0
92	1171	1.0
92	250	1.0
92	1855	1.0
92	959	1.0
92	1367	1.0
93	1415	1.0
93	1207	1.0
93	3183	1.0
93	1272	1.0
93	1068	1.0
93	1172	1.0
94	2145	1.0
94	1919	1.0
94	3211	1.0
94	1751	1.0
94	2038	1.0
94	31	1.0
94	24	1.0
94	162	1.0
94	2035	1.0
94	2166	1.0
94	2003	1.0
94	2147	1.0
94	1433	1.0
94	53	1.0
94	243	1.0
94	463	1.0
94	2218	1.0
94	3251	1.0
94	2022	1.0
94	1088	1.0
94	2159	1.0
94	1122	1.0
94	2153	1.0
94	2216	1.0
94	1325	1.0
94	498	1.0
94	424	1.0
94	169	1.0
94	777	1.0
94	1537	1.0
94	940	1.0
94	2217	1.0
94	2149	1.0
94	157	1.0
94	1092	1.0
94	2150	1.0
94	3194	1.0
94	728	1.0
94	2155	1.0
94	2169	1.0
95	1776	1.0
95	1770	1.0
95	735	1.0
95	1775	1.0
96	563	1.0
96	1146	1.0
96	108	1.0
96	574	1.0
96	1441	1.0
96	262	1.0
96	572	1.0
96	316	1.0
96	542	1.0
96	546	1.0
96	489	1.0
96	2940	1.0
96	539	1.0
96	205	1.0
96	636	1.0
97	1217	1.0
97	1545	1.0
97	1258	1.0
97	2085	1.0
97	1486	1.0
97	1343	1.0
97	1231	1.0
97	1399	1.0
97	1470	1.0
98	958	1.0
98	2792	1.0
98	2568	1.0
98	287	1.0
98	2648	1.0
98	2226	1.0
98	1776	1.0
98	2619	1.0
98	3271	1.0
98	32	1.0
98	1271	1.0
98	235	1.0
99	326	1.0
99	515	1.0
99	2860	1.0
99	3157	1.0
99	2866	1.0
99	711	1.0
100	1473	1.0
100	192	1.0
100	526	1.0
100	1784	1.0
100	1027	1.0
101	3174	1.0
101	1703	1.0
101	456	1.0
101	1421	1.0
101	1412	1.0
102	908	1.0
102	1739	1.0
102	2508	1.0
102	1112	1.0
103	108	1.0
103	2380	1.0
103	2182	1.0
103	2293	1.0
103	1739	1.0
103	2862	1.0
103	1429	1.0
103	2160	1.0
103	1383	1.0
104	1219	1.0
104	1958	1.0
104	2282	1.0
104	2321	1.0
105	859	1.0
105	1128	1.0
105	1591	1.0
105	303	1.0
106	1053	1.0
106	1956	1.0
106	291	1.0
106	552	1.0
106	1739	1.0
106	1965	1.0
107	1633	1.0
107	1543	1.0
107	1894	1.0
107	1408	1.0
107	1625	1.0
107	936	1.0
107	1396	1.0
108	284	1.0
108	2136	1.0
108	2334	1.0
108	2225	1.0
109	231	1.0
109	1162	1.0
109	2899	1.0
109	193	1.0
109	3086	1.0
109	562	1.0
109	489	1.0
109	1343	1.0
109	1203	1.0
109	2364	1.0
109	2933	1.0
109	2775	1.0
109	319	1.0
109	1645	1.0
109	1643	1.0
109	3109	1.0
109	1320	1.0
109	3030	1.0
109	2144	1.0
109	2366	1.0
109	1004	1.0
110	2118	1.0
110	2157	1.0
110	1878	1.0
110	2654	1.0
111	1923	1.0
111	1499	1.0
111	2167	1.0
111	1957	1.0
111	1217	1.0
111	1824	1.0
112	19	1.0
112	263	1.0
112	261	1.0
112	63	1.0
112	223	1.0
112	509	1.0
112	64	1.0
112	60	1.0
113	20	1.0
113	1609	1.0
113	1425	1.0
113	747	1.0
113	1909	1.0
113	1857	1.0
114	459	1.0
114	682	1.0
114	1649	1.0
114	1198	1.0
114	1383	1.0
114	742	1.0
114	2013	1.0
114	1376	1.0
114	378	1.0
114	1303	1.0
114	666	1.0
114	1220	1.0
114	1866	1.0
114	441	1.0
115	2061	1.0
115	1906	1.0
115	2133	1.0
115	1380	1.0
115	1787	1.0
115	1927	1.0
115	2074	1.0
115	2101	1.0
115	2052	1.0
115	1796	1.0
115	1696	1.0
115	1871	1.0
116	1238	1.0
116	57	1.0
116	1778	1.0
116	1659	1.0
117	1917	1.0
117	489	1.0
117	2068	1.0
117	1595	1.0
117	1850	1.0
117	2383	1.0
117	2551	1.0
117	1836	1.0
117	1916	1.0
117	964	1.0
117	1659	1.0
117	1018	1.0
117	1380	1.0
118	1439	1.0
118	2989	1.0
118	1138	1.0
118	818	1.0
118	212	1.0
118	492	1.0
118	718	1.0
118	162	1.0
118	575	1.0
119	388	1.0
119	387	1.0
119	2843	1.0
119	875	1.0
119	419	1.0
119	240	1.0
120	1193	1.0
120	447	1.0
120	776	1.0
120	386	1.0
120	1823	1.0
120	766	1.0
120	1741	1.0
121	1785	1.0
121	2522	1.0
121	19	1.0
121	1527	1.0
121	2396	1.0
122	496	1.0
122	972	1.0
122	1208	1.0
122	1965	1.0
122	1291	1.0
122	1909	1.0
123	722	1.0
123	975	1.0
123	1847	1.0
123	1279	1.0
123	1366	1.0
123	834	1.0
124	1877	1.0
124	239	1.0
124	2168	1.0
124	1821	1.0
124	1436	1.0
124	1967	1.0
124	1826	1.0
124	2490	1.0
124	1929	1.0
124	1884	1.0
124	1236	1.0
124	1028	1.0
124	310	1.0
124	1030	1.0
124	2343	1.0
124	2429	1.0
124	2177	1.0
124	1655	1.0
124	2377	1.0
124	2233	1.0
124	1580	1.0
124	2629	1.0
124	1767	1.0
124	1555	1.0
124	276	1.0
124	1181	1.0
124	2408	1.0
124	1558	1.0
124	1825	1.0
124	2019	1.0
124	1662	1.0
124	1811	1.0
124	1775	1.0
124	2663	1.0
124	2000	1.0
124	2073	1.0
124	2226	1.0
124	1660	1.0
124	100	1.0
124	2224	1.0
124	1710	1.0
124	2320	1.0
124	2205	1.0
124	1606	1.0
124	1298	1.0
124	2057	1.0
124	2173	1.0
124	2391	1.0
124	1791	1.0
124	1322	1.0
124	1542	1.0
124	59	1.0
124	1731	1.0
125	1713	1.0
125	1983	1.0
125	2100	1.0
125	1986	1.0
126	1231	1.0
126	1614	1.0
126	1273	1.0
126	1680	1.0
126	510	1.0
126	1656	1.0
126	1689	1.0
126	2071	1.0
126	1837	1.0
126	1657	1.0
126	2104	1.0
126	1219	1.0
127	404	1.0
127	2153	1.0
127	2585	1.0
127	1238	1.0
127	400	1.0
127	1741	1.0
127	1765	1.0
127	2021	1.0
127	945	1.0
127	2048	1.0
127	2190	1.0
127	182	1.0
127	2654	1.0
127	503	1.0
127	1710	1.0
127	2178	1.0
128	197	1.0
128	3211	1.0
128	109	1.0
128	1217	1.0
129	118	1.0
129	2147	1.0
129	457	1.0
129	2044	1.0
129	1015	1.0
129	2045	1.0
130	210	1.0
130	211	1.0
130	388	1.0
130	2838	1.0
131	2557	1.0
131	2673	1.0
131	1877	1.0
131	2787	1.0
131	2573	1.0
132	1633	1.0
132	656	1.0
132	1164	1.0
132	329	1.0
132	1285	1.0
132	1645	1.0
132	1217	1.0
132	1709	1.0
133	2109	1.0
133	1970	1.0
133	3236	1.0
133	1961	1.0
133	2079	1.0
133	2039	1.0
133	1724	1.0
133	1959	1.0
133	1965	1.0
133	780	1.0
133	1598	1.0
133	730	1.0
133	473	1.0
133	2474	1.0
133	1783	1.0
133	1033	1.0
133	2155	1.0
133	1835	1.0
133	1946	1.0
133	1534	1.0
133	985	1.0
134	754	1.0
134	568	1.0
134	903	1.0
134	1114	1.0
135	2327	1.0
135	646	1.0
135	1790	1.0
135	194	1.0
135	638	1.0
136	1775	1.0
136	2658	1.0
136	2750	1.0
136	2044	1.0
136	2507	1.0
136	2278	1.0
136	1634	1.0
136	2551	1.0
136	2490	1.0
136	2579	1.0
136	1500	1.0
136	2976	1.0
136	2613	1.0
136	2398	1.0
136	2607	1.0
136	2614	1.0
136	2629	1.0
136	3216	1.0
137	2171	1.0
137	2517	1.0
137	3203	1.0
137	1628	1.0
137	3275	1.0
137	784	1.0
137	144	1.0
137	2270	1.0
137	1432	1.0
137	821	1.0
137	367	1.0
138	2081	1.0
138	2284	1.0
138	2224	1.0
138	1234	1.0
138	1711	1.0
138	1826	1.0
138	561	1.0
138	2077	1.0
138	1914	1.0
138	2115	1.0
138	2006	1.0
138	1773	1.0
138	2042	1.0
138	1652	1.0
138	1606	1.0
138	1902	1.0
138	3261	1.0
138	1894	1.0
138	1835	1.0
138	2039	1.0
138	1815	1.0
138	1741	1.0
138	506	1.0
138	259	1.0
138	1828	1.0
138	1775	1.0
138	1785	1.0
138	3238	1.0
138	1221	1.0
138	1770	1.0
138	1877	1.0
139	163	1.0
139	594	1.0
139	127	1.0
139	600	1.0
139	2111	1.0
139	143	1.0
139	583	1.0
140	1649	1.0
140	2159	1.0
140	1033	1.0
140	433	1.0
140	1785	1.0
140	293	1.0
140	1741	1.0
140	2019	1.0
140	2062	1.0
141	2001	1.0
141	2083	1.0
141	1790	1.0
141	2008	1.0
142	1922	1.0
142	3178	1.0
142	1969	1.0
142	1449	1.0
142	1982	1.0
142	1293	1.0
142	1923	1.0
142	1980	1.0
142	1992	1.0
143	1787	1.0
143	1824	1.0
143	1583	1.0
143	1581	1.0
143	1730	1.0
143	1750	1.0
143	1180	1.0
144	814	1.0
144	1549	1.0
144	1815	1.0
144	3130	1.0
144	1765	1.0
144	744	1.0
144	1493	1.0
144	595	1.0
144	3014	1.0
145	1734	1.0
145	1615	1.0
145	428	1.0
145	702	1.0
145	848	1.0
145	1134	1.0
146	817	1.0
146	1095	1.0
146	781	1.0
146	580	1.0
146	1156	1.0
146	2912	1.0
146	421	1.0
146	2816	1.0
147	1325	1.0
147	1259	1.0
147	1301	1.0
147	1284	1.0
147	189	1.0
147	1047	1.0
147	1342	1.0
147	3162	1.0
148	75	1.0
148	1343	1.0
148	1275	1.0
148	1436	1.0
149	2508	1.0
149	2667	1.0
149	2342	1.0
149	2334	1.0
149	2383	1.0
149	2645	1.0
149	1836	1.0
150	776	1.0
150	63	1.0
150	70	1.0
150	962	1.0
150	99	1.0
151	3006	1.0
151	488	1.0
151	2992	1.0
151	710	1.0
151	2987	1.0
152	1197	1.0
152	2019	1.0
152	1709	1.0
152	767	1.0
152	1359	1.0
152	769	1.0
153	1970	1.0
153	1553	1.0
153	1775	1.0
153	1766	1.0
154	1615	1.0
154	1633	1.0
154	1400	1.0
154	1645	1.0
155	1500	1.0
155	1374	1.0
155	426	1.0
155	1436	1.0
156	1645	1.0
156	1042	1.0
156	1833	1.0
156	1836	1.0
156	473	1.0
157	1638	1.0
157	2772	1.0
157	2446	1.0
157	2200	1.0
158	1594	1.0
158	1699	1.0
158	1306	1.0
158	728	1.0
158	1505	1.0
159	1848	1.0
159	669	1.0
159	1900	1.0
159	466	1.0
159	2686	1.0
159	530	1.0
159	1710	1.0
159	1530	1.0
159	1314	1.0
159	1471	1.0
159	315	1.0
159	3217	1.0
159	317	1.0
159	2654	1.0
160	1317	1.0
160	2141	1.0
160	2400	1.0
160	1827	1.0
161	1573	1.0
161	812	1.0
161	1266	1.0
161	1918	1.0
161	1966	1.0
161	2229	1.0
161	1568	1.0
162	1500	1.0
162	2050	1.0
162	1493	1.0
162	1492	1.0
162	1316	1.0
163	369	1.0
163	319	1.0
163	1226	1.0
163	1965	1.0
163	792	1.0
163	1154	1.0
163	17	1.0
163	673	1.0
164	2504	1.0
164	1141	1.0
164	904	1.0
164	115	1.0
164	1198	1.0
164	165	1.0
164	1902	1.0
165	2651	1.0
165	1196	1.0
165	403	1.0
165	3033	1.0
165	3031	1.0
165	575	1.0
165	784	1.0
165	2628	1.0
165	284	1.0
165	1007	1.0
166	1473	1.0
166	741	1.0
166	1436	1.0
166	1276	1.0
166	1357	1.0
166	1325	1.0
166	2110	1.0
167	1311	1.0
167	3111	1.0
167	1436	1.0
167	463	1.0
167	2814	1.0
167	2221	1.0
167	486	1.0
167	6	1.0
168	458	1.0
168	2686	1.0
168	1866	1.0
168	2055	1.0
168	1541	1.0
168	2393	1.0
168	216	1.0
169	455	1.0
169	1626	1.0
169	1566	1.0
169	1550	1.0
170	2665	1.0
170	1897	1.0
170	2036	1.0
170	2730	1.0
171	88	1.0
171	1264	1.0
171	99	1.0
171	100	1.0
171	13	1.0
172	1911	1.0
172	2642	1.0
172	2270	1.0
172	2985	1.0
172	514	1.0
172	1673	1.0
172	1729	1.0
172	2587	1.0
172	1563	1.0
172	2453	1.0
172	2776	1.0
173	2084	1.0
173	2248	1.0
173	728	1.0
173	1377	1.0
173	912	1.0
173	2163	1.0
173	1248	1.0
173	2160	1.0
173	2247	1.0
173	2502	1.0
173	1616	1.0
174	2258	1.0
174	2013	1.0
174	745	1.0
174	21	1.0
175	1989	1.0
175	1205	1.0
175	1238	1.0
175	1374	1.0
175	969	1.0
175	728	1.0
175	23	1.0
176	1000	1.0
176	814	1.0
176	2221	1.0
176	1257	1.0
176	744	1.0
176	748	1.0
176	1136	1.0
177	1390	1.0
177	1599	1.0
177	2073	1.0
177	746	1.0
177	1482	1.0
177	280	1.0
177	1862	1.0
177	1909	1.0
177	1965	1.0
177	2019	1.0
177	2284	1.0
178	2610	1.0
178	1721	1.0
178	1891	1.0
178	1335	1.0
178	1269	1.0
179	1040	1.0
179	1753	1.0
179	1814	1.0
179	1564	1.0
179	385	1.0
179	1269	1.0
179	1461	1.0
180	3186	1.0
180	2349	1.0
180	2289	1.0
180	1909	1.0
180	2385	1.0
180	2226	1.0
180	1210	1.0
180	843	1.0
180	1917	1.0
180	1741	1.0
180	1775	1.0
180	1710	1.0
180	1948	1.0
180	2659	1.0
180	2222	1.0
180	2157	1.0
180	1916	1.0
180	1915	1.0
180	2079	1.0
180	2443	1.0
180	1779	1.0
180	2284	1.0
180	2224	1.0
180	1965	1.0
180	3316	1.0
180	1784	1.0
180	1958	1.0
181	997	1.0
181	718	1.0
181	231	1.0
181	400	1.0
181	481	1.0
181	524	1.0
181	82	1.0
181	162	1.0
182	1014	1.0
182	1255	1.0
182	1832	1.0
182	1233	1.0
183	2437	1.0
183	1879	1.0
183	2569	1.0
183	2550	1.0
184	1235	1.0
184	918	1.0
184	653	1.0
184	2477	1.0
185	680	1.0
185	540	1.0
185	962	1.0
185	1166	1.0
185	1764	1.0
185	1646	1.0
185	2498	1.0
185	1760	1.0
185	2535	1.0
185	63	1.0
185	591	1.0
186	1503	1.0
186	2038	1.0
186	1218	1.0
186	2062	1.0
186	1771	1.0
186	1213	1.0
186	2108	1.0
187	2380	1.0
187	2704	1.0
187	311	1.0
187	1700	1.0
187	2412	1.0
187	2397	1.0
187	1517	1.0
187	2690	1.0
187	2733	1.0
187	918	1.0
187	2761	1.0
187	2657	1.0
187	2712	1.0
187	2719	1.0
187	2713	1.0
187	2716	1.0
187	2535	1.0
187	1547	1.0
187	2708	1.0
187	2689	1.0
187	2674	1.0
187	2687	1.0
187	2741	1.0
187	2711	1.0
188	60	1.0
188	48	1.0
188	501	1.0
188	1626	1.0
188	1502	1.0
188	1677	1.0
188	2200	1.0
188	1453	1.0
188	1334	1.0
188	2228	1.0
188	1625	1.0
188	80	1.0
188	1835	1.0
188	671	1.0
188	435	1.0
188	1731	1.0
188	1237	1.0
189	1966	1.0
189	2565	1.0
189	2542	1.0
189	2120	1.0
189	2346	1.0
189	1995	1.0
189	3247	1.0
189	2263	1.0
189	2419	1.0
189	2906	1.0
189	2527	1.0
189	342	1.0
190	1533	1.0
190	1323	1.0
190	1029	1.0
190	196	1.0
190	2250	1.0
190	256	1.0
190	1472	1.0
190	1320	1.0
190	109	1.0
190	1436	1.0
190	1252	1.0
190	1358	1.0
190	1194	1.0
190	1325	1.0
190	1020	1.0
190	1322	1.0
190	1027	1.0
191	759	1.0
191	971	1.0
191	643	1.0
191	2898	1.0
191	736	1.0
191	1407	1.0
191	2968	1.0
191	792	1.0
191	284	1.0
191	302	1.0
191	783	1.0
191	969	1.0
192	889	1.0
192	1954	1.0
192	2669	1.0
192	2376	1.0
193	2117	1.0
193	579	1.0
193	2044	1.0
193	182	1.0
193	2045	1.0
193	2917	1.0
193	2190	1.0
193	2118	1.0
193	2276	1.0
193	2151	1.0
193	2189	1.0
193	499	1.0
194	417	1.0
194	937	1.0
194	2709	1.0
194	958	1.0
194	940	1.0
194	2710	1.0
194	941	1.0
195	289	1.0
195	788	1.0
195	3087	1.0
195	4	1.0
196	1965	1.0
196	496	1.0
196	3096	1.0
196	1406	1.0
196	2221	1.0
196	721	1.0
196	440	1.0
196	3027	1.0
196	1435	1.0
196	1064	1.0
196	2700	1.0
196	2701	1.0
196	1436	1.0
196	2381	1.0
196	1711	1.0
196	1126	1.0
196	3110	1.0
196	2749	1.0
196	633	1.0
197	445	1.0
197	2522	1.0
197	2593	1.0
197	2836	1.0
197	200	1.0
197	2233	1.0
197	958	1.0
197	2654	1.0
197	1443	1.0
197	2823	1.0
197	2682	1.0
197	1108	1.0
197	2150	1.0
197	9	1.0
197	2791	1.0
197	2579	1.0
197	1117	1.0
197	2580	1.0
197	953	1.0
197	604	1.0
197	2019	1.0
197	2261	1.0
197	889	1.0
197	2410	1.0
197	273	1.0
197	3300	1.0
197	98	1.0
197	2550	1.0
197	2458	1.0
197	1802	1.0
197	2533	1.0
197	2260	1.0
197	2442	1.0
197	2936	1.0
197	293	1.0
197	2473	1.0
197	2436	1.0
197	2614	1.0
197	2243	1.0
197	2367	1.0
197	2062	1.0
197	2947	1.0
197	2779	1.0
197	2608	1.0
197	2500	1.0
197	234	1.0
197	2835	1.0
197	2785	1.0
197	813	1.0
197	2635	1.0
197	789	1.0
197	916	1.0
197	2600	1.0
197	2422	1.0
197	3126	1.0
197	1954	1.0
197	2478	1.0
197	2574	1.0
197	277	1.0
197	622	1.0
197	2363	1.0
198	1569	1.0
198	183	1.0
198	190	1.0
198	189	1.0
199	1364	1.0
199	986	1.0
199	976	1.0
199	759	1.0
199	2095	1.0
199	1850	1.0
199	1925	1.0
199	178	1.0
199	1888	1.0
199	623	1.0
199	1746	1.0
199	1372	1.0
199	1680	1.0
199	1865	1.0
199	322	1.0
199	1980	1.0
199	523	1.0
199	1588	1.0
199	1923	1.0
199	1890	1.0
199	921	1.0
199	1989	1.0
199	718	1.0
199	1927	1.0
199	201	1.0
199	1138	1.0
199	804	1.0
199	1212	1.0
199	529	1.0
199	1501	1.0
199	1041	1.0
199	1059	1.0
199	457	1.0
199	959	1.0
199	631	1.0
199	1879	1.0
199	258	1.0
199	2054	1.0
199	2546	1.0
199	13	1.0
199	1159	1.0
199	1901	1.0
199	1455	1.0
199	29	1.0
199	31	1.0
199	1887	1.0
199	34	1.0
199	1133	1.0
199	559	1.0
200	1480	1.0
200	350	1.0
200	1523	1.0
200	1717	1.0
200	1924	1.0
201	151	1.0
201	131	1.0
201	2009	1.0
201	1909	1.0
202	10	1.0
202	127	1.0
202	254	1.0
202	1177	1.0
202	1643	1.0
202	348	1.0
202	627	1.0
202	478	1.0
202	275	1.0
202	1077	1.0
202	987	1.0
202	457	1.0
203	728	1.0
203	224	1.0
203	1784	1.0
203	691	1.0
203	421	1.0
203	420	1.0
204	1543	1.0
204	1492	1.0
204	1787	1.0
204	1975	1.0
205	508	1.0
205	94	1.0
205	798	1.0
205	2681	1.0
205	2071	1.0
205	453	1.0
205	950	1.0
205	1007	1.0
206	2170	1.0
206	1984	1.0
206	1987	1.0
206	2237	1.0
206	1986	1.0
206	2102	1.0
206	2105	1.0
206	2106	1.0
206	1630	1.0
206	2091	1.0
206	14	1.0
206	3146	1.0
207	876	1.0
207	56	1.0
207	587	1.0
207	1276	1.0
208	1910	1.0
208	851	1.0
208	1952	1.0
208	949	1.0
208	1727	1.0
208	339	1.0
208	2168	1.0
208	609	1.0
208	2113	1.0
208	238	1.0
208	1637	1.0
209	1830	1.0
209	319	1.0
209	359	1.0
209	1112	1.0
209	675	1.0
209	2523	1.0
209	3082	1.0
209	862	1.0
209	3124	1.0
209	965	1.0
209	371	1.0
209	564	1.0
209	86	1.0
209	2578	1.0
209	2945	1.0
209	1646	1.0
209	1091	1.0
209	244	1.0
209	2762	1.0
209	1784	1.0
209	385	1.0
209	879	1.0
209	2051	1.0
209	2674	1.0
209	2934	1.0
209	626	1.0
209	229	1.0
209	652	1.0
209	2053	1.0
209	585	1.0
209	147	1.0
209	890	1.0
209	316	1.0
209	2654	1.0
209	1452	1.0
209	776	1.0
210	162	1.0
210	146	1.0
210	1121	1.0
210	169	1.0
211	2507	1.0
211	223	1.0
211	2737	1.0
211	2122	1.0
212	2569	1.0
212	2362	1.0
212	2655	1.0
212	894	1.0
212	1492	1.0
212	1370	1.0
212	1343	1.0
212	365	1.0
213	2138	1.0
213	2276	1.0
213	1016	1.0
213	1497	1.0
213	1993	1.0
213	2334	1.0
213	653	1.0
213	96	1.0
213	3032	1.0
213	376	1.0
213	613	1.0
213	1825	1.0
214	1500	1.0
214	1352	1.0
214	1378	1.0
214	1349	1.0
215	1358	1.0
215	1965	1.0
215	1724	1.0
215	2179	1.0
215	169	1.0
215	3069	1.0
216	2447	1.0
216	2448	1.0
216	2211	1.0
216	1429	1.0
217	2122	1.0
217	2123	1.0
217	2126	1.0
217	2121	1.0
218	1073	1.0
218	1329	1.0
218	1278	1.0
218	1774	1.0
218	484	1.0
219	1318	1.0
219	1057	1.0
219	698	1.0
219	2006	1.0
219	1905	1.0
219	1341	1.0
219	3255	1.0
219	1744	1.0
220	607	1.0
220	1435	1.0
220	2386	1.0
220	1965	1.0
220	415	1.0
220	2019	1.0
221	1555	1.0
221	1313	1.0
221	660	1.0
221	3208	1.0
222	1042	1.0
222	583	1.0
222	600	1.0
222	157	1.0
223	2751	1.0
223	819	1.0
223	63	1.0
223	83	1.0
223	1843	1.0
224	112	1.0
224	1292	1.0
224	2671	1.0
224	2	1.0
224	2486	1.0
224	1812	1.0
224	1489	1.0
224	2582	1.0
224	58	1.0
225	3326	1.0
225	633	1.0
225	1867	1.0
225	41	1.0
225	2472	1.0
226	2581	1.0
226	2122	1.0
226	2629	1.0
226	2654	1.0
226	2615	1.0
227	1867	1.0
227	2942	1.0
227	829	1.0
227	439	1.0
227	378	1.0
227	1039	1.0
227	1059	1.0
227	1972	1.0
227	1154	1.0
227	848	1.0
227	1868	1.0
227	1156	1.0
227	26	1.0
227	772	1.0
227	1268	1.0
228	3145	1.0
228	797	1.0
228	1187	1.0
228	2753	1.0
228	3128	1.0
228	138	1.0
228	134	1.0
229	126	1.0
229	1553	1.0
229	1446	1.0
229	26	1.0
230	2119	1.0
230	2101	1.0
230	1814	1.0
230	1071	1.0
230	1787	1.0
230	332	1.0
231	724	1.0
231	3164	1.0
231	778	1.0
231	674	1.0
231	395	1.0
231	3030	1.0
231	705	1.0
232	1766	1.0
232	1692	1.0
232	1873	1.0
232	1589	1.0
232	1785	1.0
232	1793	1.0
232	1970	1.0
232	325	1.0
232	1908	1.0
232	1436	1.0
232	1820	1.0
232	1892	1.0
232	1819	1.0
233	356	1.0
233	123	1.0
233	1736	1.0
233	1259	1.0
233	1463	1.0
234	2590	1.0
234	281	1.0
234	2705	1.0
234	2722	1.0
234	2632	1.0
234	2694	1.0
234	2462	1.0
234	2449	1.0
234	2445	1.0
234	2660	1.0
234	609	1.0
235	400	1.0
235	547	1.0
235	2006	1.0
235	2300	1.0
235	3280	1.0
236	1820	1.0
236	724	1.0
236	1620	1.0
236	1914	1.0
236	1877	1.0
236	1533	1.0
236	828	1.0
236	519	1.0
236	1451	1.0
236	1786	1.0
236	1556	1.0
236	1900	1.0
236	1154	1.0
236	1771	1.0
236	2029	1.0
236	1826	1.0
236	2022	1.0
236	1231	1.0
236	1825	1.0
236	496	1.0
236	1192	1.0
236	1791	1.0
237	3180	1.0
237	3026	1.0
237	2111	1.0
237	3136	1.0
237	523	1.0
237	916	1.0
237	507	1.0
237	223	1.0
238	501	1.0
238	1677	1.0
238	1847	1.0
238	510	1.0
238	1725	1.0
238	1279	1.0
238	1562	1.0
239	1869	1.0
239	1572	1.0
239	1987	1.0
239	2103	1.0
239	2106	1.0
240	2458	1.0
240	1168	1.0
240	1900	1.0
240	1122	1.0
240	126	1.0
241	625	1.0
241	2910	1.0
241	628	1.0
241	1406	1.0
241	781	1.0
241	285	1.0
241	817	1.0
241	860	1.0
241	2216	1.0
241	784	1.0
241	617	1.0
241	1316	1.0
241	926	1.0
241	3027	1.0
241	160	1.0
241	5	1.0
241	1006	1.0
242	584	1.0
242	2294	1.0
242	1219	1.0
242	827	1.0
243	1539	1.0
243	1571	1.0
243	1567	1.0
243	1576	1.0
243	1354	1.0
243	2091	1.0
243	1570	1.0
243	1509	1.0
243	2104	1.0
243	1532	1.0
243	1841	1.0
243	2102	1.0
243	1846	1.0
243	1641	1.0
243	2105	1.0
243	1575	1.0
243	1573	1.0
243	2244	1.0
243	1303	1.0
243	2103	1.0
243	1568	1.0
243	2025	1.0
243	714	1.0
243	1883	1.0
243	1757	1.0
244	373	1.0
244	1824	1.0
244	2335	1.0
244	1871	1.0
244	1521	1.0
244	1787	1.0
244	1836	1.0
245	1940	1.0
245	1166	1.0
245	22	1.0
245	751	1.0
246	459	1.0
246	223	1.0
246	766	1.0
246	500	1.0
246	18	1.0
246	742	1.0
246	823	1.0
247	1958	1.0
247	1965	1.0
247	1155	1.0
247	1861	1.0
247	106	1.0
247	446	1.0
248	1909	1.0
248	295	1.0
248	1862	1.0
248	1658	1.0
248	1117	1.0
248	1105	1.0
248	487	1.0
248	346	1.0
248	1633	1.0
248	648	1.0
248	1806	1.0
248	1818	1.0
248	1863	1.0
248	233	1.0
249	797	1.0
249	1455	1.0
249	792	1.0
249	1738	1.0
250	1500	1.0
250	2596	1.0
250	2356	1.0
250	2660	1.0
250	2334	1.0
250	2508	1.0
250	2429	1.0
251	773	1.0
251	635	1.0
251	2994	1.0
251	704	1.0
252	2151	1.0
252	2019	1.0
252	1383	1.0
252	1731	1.0
252	665	1.0
252	2093	1.0
252	2122	1.0
252	2053	1.0
252	2285	1.0
252	198	1.0
252	1582	1.0
252	1948	1.0
252	2033	1.0
252	1667	1.0
252	1811	1.0
252	2044	1.0
252	2490	1.0
252	2079	1.0
253	377	1.0
253	388	1.0
253	1154	1.0
253	1646	1.0
253	21	1.0
254	1145	1.0
254	610	1.0
254	2184	1.0
254	2303	1.0
255	1385	1.0
255	1829	1.0
255	1722	1.0
255	1096	1.0
255	1490	1.0
255	1832	1.0
255	1546	1.0
255	664	1.0
255	3223	1.0
256	2998	1.0
256	2914	1.0
256	1086	1.0
256	2375	1.0
256	438	1.0
256	2146	1.0
256	233	1.0
256	650	1.0
256	2805	1.0
256	2415	1.0
256	295	1.0
256	354	1.0
256	2748	1.0
256	1197	1.0
256	2181	1.0
256	2287	1.0
256	2825	1.0
256	1058	1.0
256	1105	1.0
256	2807	1.0
256	1177	1.0
256	2028	1.0
256	2963	1.0
256	2284	1.0
256	330	1.0
256	2255	1.0
256	2584	1.0
256	3091	1.0
256	2638	1.0
256	2909	1.0
257	1221	1.0
257	1753	1.0
257	1533	1.0
257	1322	1.0
257	1659	1.0
258	1598	1.0
258	1790	1.0
258	2393	1.0
258	1659	1.0
258	1606	1.0
258	1487	1.0
258	1343	1.0
258	1647	1.0
258	1710	1.0
258	1679	1.0
258	1510	1.0
258	1655	1.0
259	3080	1.0
259	792	1.0
259	199	1.0
259	2984	1.0
259	2110	1.0
259	46	1.0
259	2782	1.0
259	2959	1.0
259	166	1.0
259	2872	1.0
260	598	1.0
260	1440	1.0
260	139	1.0
260	1068	1.0
260	3227	1.0
260	204	1.0
260	1124	1.0
260	1445	1.0
261	2108	1.0
261	1820	1.0
261	1909	1.0
261	2146	1.0
261	1958	1.0
261	2003	1.0
261	2019	1.0
261	1970	1.0
261	1962	1.0
261	1920	1.0
261	2243	1.0
261	3039	1.0
261	1873	1.0
261	2062	1.0
262	1961	1.0
262	1820	1.0
262	1651	1.0
262	1908	1.0
263	413	1.0
263	1710	1.0
263	2596	1.0
263	2122	1.0
263	180	1.0
264	1722	1.0
264	3223	1.0
264	3084	1.0
264	555	1.0
264	556	1.0
264	1311	1.0
264	1462	1.0
264	1071	1.0
264	1829	1.0
265	1710	1.0
265	1814	1.0
265	1563	1.0
265	1231	1.0
266	1612	1.0
266	2766	1.0
266	2650	1.0
266	1814	1.0
266	2725	1.0
266	1632	1.0
266	2271	1.0
266	2698	1.0
266	1532	1.0
266	1883	1.0
266	2553	1.0
266	2236	1.0
267	1093	1.0
267	273	1.0
267	9	1.0
267	3072	1.0
267	917	1.0
268	1495	1.0
268	315	1.0
268	2304	1.0
268	1825	1.0
268	1318	1.0
268	2759	1.0
268	1826	1.0
268	2162	1.0
268	2431	1.0
268	1744	1.0
268	2137	1.0
268	2131	1.0
268	2354	1.0
268	711	1.0
268	2331	1.0
268	2621	1.0
268	1497	1.0
268	637	1.0
268	152	1.0
268	2730	1.0
268	335	1.0
268	1280	1.0
268	1755	1.0
269	368	1.0
269	2923	1.0
269	2803	1.0
269	256	1.0
270	329	1.0
270	1948	1.0
270	150	1.0
270	1448	1.0
270	1753	1.0
270	409	1.0
270	105	1.0
270	1784	1.0
270	1424	1.0
270	2062	1.0
270	751	1.0
270	1778	1.0
271	2227	1.0
271	2550	1.0
271	2555	1.0
271	2489	1.0
271	2436	1.0
271	2473	1.0
272	1565	1.0
272	716	1.0
272	187	1.0
272	1589	1.0
272	336	1.0
272	208	1.0
272	207	1.0
273	895	1.0
273	1571	1.0
273	1090	1.0
273	892	1.0
273	1524	1.0
273	1568	1.0
273	1576	1.0
274	861	1.0
274	3117	1.0
274	2749	1.0
274	2626	1.0
274	111	1.0
274	2598	1.0
275	890	1.0
275	2079	1.0
275	2398	1.0
275	2664	1.0
276	3332	1.0
276	2818	1.0
276	1061	1.0
276	2006	1.0
277	1787	1.0
277	728	1.0
277	2674	1.0
277	660	1.0
277	2179	1.0
277	167	1.0
277	2167	1.0
278	2616	1.0
278	2799	1.0
278	1785	1.0
278	2488	1.0
278	2478	1.0
278	2856	1.0
278	1170	1.0
278	2228	1.0
278	1357	1.0
278	2713	1.0
278	2059	1.0
278	2084	1.0
278	3000	1.0
278	2292	1.0
278	665	1.0
278	2358	1.0
278	1741	1.0
278	1307	1.0
278	2305	1.0
278	2408	1.0
278	2044	1.0
278	2499	1.0
278	2224	1.0
278	2093	1.0
278	2168	1.0
278	2379	1.0
278	2398	1.0
278	3269	1.0
279	109	1.0
279	358	1.0
279	930	1.0
279	931	1.0
279	1390	1.0
280	586	1.0
280	65	1.0
280	644	1.0
280	32	1.0
280	1481	1.0
280	728	1.0
280	727	1.0
280	2979	1.0
280	98	1.0
281	182	1.0
281	2062	1.0
281	479	1.0
281	81	1.0
282	1901	1.0
282	2546	1.0
282	1923	1.0
282	984	1.0
282	1969	1.0
283	2949	1.0
283	739	1.0
283	2079	1.0
283	2399	1.0
283	1157	1.0
284	2522	1.0
284	1751	1.0
284	1478	1.0
284	941	1.0
285	218	1.0
285	2423	1.0
285	61	1.0
285	777	1.0
285	2773	1.0
285	693	1.0
285	34	1.0
285	31	1.0
285	1062	1.0
285	790	1.0
285	2976	1.0
285	2936	1.0
285	2925	1.0
285	543	1.0
285	896	1.0
285	1410	1.0
286	1913	1.0
286	1378	1.0
286	2186	1.0
286	1193	1.0
286	1734	1.0
286	2989	1.0
286	722	1.0
286	1809	1.0
287	1575	1.0
287	1665	1.0
287	426	1.0
287	1576	1.0
287	1784	1.0
288	2165	1.0
288	2000	1.0
288	1287	1.0
288	1365	1.0
289	1073	1.0
289	2029	1.0
289	1858	1.0
289	1517	1.0
290	794	1.0
290	32	1.0
290	2134	1.0
290	2294	1.0
290	1377	1.0
290	1267	1.0
290	1157	1.0
290	1118	1.0
291	2336	1.0
291	1533	1.0
291	1073	1.0
291	3014	1.0
291	1493	1.0
291	2122	1.0
291	2124	1.0
291	1492	1.0
292	1753	1.0
292	2130	1.0
292	1665	1.0
292	1965	1.0
292	1325	1.0
292	2643	1.0
292	2357	1.0
292	1252	1.0
293	1231	1.0
293	1938	1.0
293	1685	1.0
293	1632	1.0
293	1895	1.0
293	884	1.0
293	1933	1.0
293	1932	1.0
293	1808	1.0
294	1546	1.0
294	1419	1.0
294	176	1.0
294	825	1.0
294	1814	1.0
294	357	1.0
294	696	1.0
294	1069	1.0
294	211	1.0
294	1087	1.0
294	653	1.0
294	1383	1.0
295	1909	1.0
295	944	1.0
295	1739	1.0
295	716	1.0
296	2293	1.0
296	898	1.0
296	3056	1.0
296	3020	1.0
296	1217	1.0
297	1358	1.0
297	1949	1.0
297	1873	1.0
297	1909	1.0
298	1555	1.0
298	1301	1.0
298	1348	1.0
298	1362	1.0
298	1496	1.0
299	1404	1.0
299	1386	1.0
299	978	1.0
299	1504	1.0
299	3042	1.0
300	1956	1.0
300	351	1.0
300	1948	1.0
300	581	1.0
301	387	1.0
301	1362	1.0
301	1550	1.0
301	1429	1.0
301	1468	1.0
301	1064	1.0
301	1665	1.0
301	1915	1.0
301	54	1.0
301	1558	1.0
301	1218	1.0
301	1343	1.0
301	1643	1.0
301	2137	1.0
301	1619	1.0
301	1799	1.0
301	1051	1.0
302	1455	1.0
302	2567	1.0
302	3209	1.0
302	1927	1.0
302	1992	1.0
302	2070	1.0
302	2656	1.0
302	2721	1.0
302	2095	1.0
302	1491	1.0
302	3195	1.0
302	2725	1.0
302	2271	1.0
302	1408	1.0
303	1252	1.0
303	2125	1.0
303	1852	1.0
303	1917	1.0
303	896	1.0
303	2121	1.0
304	1576	1.0
304	1787	1.0
304	1909	1.0
304	510	1.0
304	2071	1.0
305	1846	1.0
305	1893	1.0
305	1918	1.0
305	1666	1.0
306	484	1.0
306	887	1.0
306	846	1.0
306	496	1.0
307	2110	1.0
307	833	1.0
307	2465	1.0
307	1548	1.0
308	2661	1.0
308	2358	1.0
308	2608	1.0
308	2914	1.0
308	2363	1.0
308	2717	1.0
308	2659	1.0
308	2629	1.0
308	3125	1.0
309	2692	1.0
309	2754	1.0
309	2470	1.0
309	2255	1.0
309	1970	1.0
310	957	1.0
310	717	1.0
310	1117	1.0
310	856	1.0
310	175	1.0
310	779	1.0
310	2451	1.0
310	640	1.0
310	1290	1.0
310	687	1.0
310	644	1.0
310	649	1.0
310	1000	1.0
310	2979	1.0
310	133	1.0
310	743	1.0
310	651	1.0
310	655	1.0
310	2450	1.0
310	647	1.0
310	590	1.0
310	744	1.0
310	678	1.0
310	933	1.0
310	889	1.0
310	1621	1.0
310	813	1.0
310	106	1.0
310	588	1.0
310	2965	1.0
310	586	1.0
310	858	1.0
310	2975	1.0
310	838	1.0
310	1009	1.0
310	814	1.0
310	595	1.0
310	752	1.0
310	1747	1.0
310	2156	1.0
310	68	1.0
310	532	1.0
310	650	1.0
311	1391	1.0
311	1645	1.0
311	1389	1.0
311	1390	1.0
312	760	1.0
312	2112	1.0
312	2044	1.0
312	1522	1.0
312	1383	1.0
313	2398	1.0
313	2700	1.0
313	2621	1.0
313	2634	1.0
313	2645	1.0
313	2397	1.0
314	1540	1.0
314	1318	1.0
314	1827	1.0
314	1460	1.0
314	1526	1.0
314	1510	1.0
314	1344	1.0
314	1511	1.0
314	38	1.0
314	1217	1.0
314	1507	1.0
315	1739	1.0
315	1731	1.0
315	1790	1.0
315	2317	1.0
315	1625	1.0
316	1965	1.0
316	96	1.0
316	1815	1.0
316	1553	1.0
316	2056	1.0
316	1988	1.0
316	1833	1.0
316	1904	1.0
316	1356	1.0
316	187	1.0
316	2988	1.0
316	1884	1.0
317	1375	1.0
317	1452	1.0
317	1217	1.0
317	1646	1.0
317	186	1.0
317	86	1.0
317	1193	1.0
317	2675	1.0
317	109	1.0
317	1390	1.0
317	1134	1.0
317	369	1.0
318	39	1.0
318	1637	1.0
318	2139	1.0
318	3127	1.0
318	2433	1.0
318	1854	1.0
318	959	1.0
318	43	1.0
318	905	1.0
318	1848	1.0
318	116	1.0
318	2368	1.0
318	2395	1.0
318	826	1.0
318	368	1.0
318	1161	1.0
319	145	1.0
319	1410	1.0
319	543	1.0
319	147	1.0
319	2861	1.0
319	1230	1.0
319	2860	1.0
319	1739	1.0
320	2621	1.0
320	2528	1.0
320	2759	1.0
320	3333	1.0
321	1536	1.0
321	1428	1.0
321	1604	1.0
321	1718	1.0
322	1153	1.0
322	1437	1.0
322	1278	1.0
322	2946	1.0
323	3039	1.0
323	1478	1.0
323	1590	1.0
323	1635	1.0
324	1120	1.0
324	790	1.0
324	290	1.0
324	965	1.0
324	689	1.0
324	251	1.0
324	666	1.0
324	2334	1.0
325	1168	1.0
325	104	1.0
325	296	1.0
325	103	1.0
325	2395	1.0
325	1708	1.0
326	1894	1.0
326	2033	1.0
326	1990	1.0
326	1783	1.0
326	1776	1.0
326	1811	1.0
326	1909	1.0
326	1900	1.0
326	1710	1.0
326	1709	1.0
326	2093	1.0
326	2019	1.0
326	1779	1.0
326	1731	1.0
326	2021	1.0
326	2042	1.0
326	1767	1.0
326	1549	1.0
326	2073	1.0
326	1965	1.0
326	2122	1.0
327	1474	1.0
327	1730	1.0
327	1836	1.0
327	1839	1.0
327	1787	1.0
327	1824	1.0
327	1601	1.0
327	1402	1.0
327	942	1.0
327	1838	1.0
327	1467	1.0
327	288	1.0
327	1805	1.0
327	1494	1.0
327	1584	1.0
327	1965	1.0
327	1713	1.0
328	1276	1.0
328	478	1.0
328	1411	1.0
328	2110	1.0
328	1435	1.0
328	2021	1.0
328	477	1.0
328	1566	1.0
328	1409	1.0
328	1436	1.0
328	425	1.0
329	1799	1.0
329	2111	1.0
329	2019	1.0
329	1739	1.0
329	2033	1.0
329	1911	1.0
330	2675	1.0
330	1605	1.0
330	3036	1.0
330	3189	1.0
331	1716	1.0
331	1146	1.0
331	1316	1.0
331	485	1.0
331	1554	1.0
331	1063	1.0
331	715	1.0
331	761	1.0
331	515	1.0
332	1175	1.0
332	1224	1.0
332	332	1.0
332	1643	1.0
332	1964	1.0
332	2468	1.0
332	1127	1.0
332	561	1.0
332	857	1.0
333	1059	1.0
333	405	1.0
333	371	1.0
333	3122	1.0
333	27	1.0
333	44	1.0
334	1403	1.0
334	2748	1.0
334	2693	1.0
334	2702	1.0
334	2476	1.0
335	1863	1.0
335	1874	1.0
335	2522	1.0
335	1397	1.0
335	1955	1.0
335	1412	1.0
335	1978	1.0
335	1296	1.0
335	1970	1.0
335	1872	1.0
335	1403	1.0
336	2200	1.0
336	2607	1.0
336	1120	1.0
336	469	1.0
336	1725	1.0
336	480	1.0
336	2369	1.0
336	1609	1.0
336	2191	1.0
336	2209	1.0
336	2756	1.0
336	1660	1.0
336	824	1.0
336	2367	1.0
336	1776	1.0
336	272	1.0
336	821	1.0
336	402	1.0
336	1137	1.0
336	3076	1.0
336	1753	1.0
336	1592	1.0
336	2620	1.0
336	359	1.0
336	284	1.0
336	3113	1.0
336	973	1.0
336	618	1.0
336	1639	1.0
336	20	1.0
336	2232	1.0
336	2128	1.0
336	2640	1.0
336	2366	1.0
336	1913	1.0
336	2413	1.0
337	566	1.0
337	2017	1.0
337	2177	1.0
337	2019	1.0
337	1536	1.0
337	1250	1.0
337	228	1.0
337	2117	1.0
337	2021	1.0
337	2111	1.0
338	2531	1.0
338	766	1.0
338	291	1.0
338	1814	1.0
339	923	1.0
339	1264	1.0
339	1896	1.0
339	20	1.0
340	2762	1.0
340	3307	1.0
340	2506	1.0
340	2356	1.0
340	2755	1.0
340	3266	1.0
340	945	1.0
340	2896	1.0
340	2412	1.0
340	2559	1.0
341	315	1.0
341	2110	1.0
341	1907	1.0
341	388	1.0
341	1276	1.0
342	1557	1.0
342	1710	1.0
342	1673	1.0
342	2019	1.0
343	848	1.0
343	399	1.0
343	1783	1.0
343	1778	1.0
343	1545	1.0
343	1839	1.0
343	1741	1.0
343	2111	1.0
344	2401	1.0
344	1517	1.0
344	1827	1.0
344	1429	1.0
344	1547	1.0
344	2341	1.0
345	374	1.0
345	152	1.0
345	1940	1.0
345	435	1.0
345	410	1.0
345	3166	1.0
345	60	1.0
346	2606	1.0
346	2578	1.0
346	3188	1.0
346	3201	1.0
346	352	1.0
346	2749	1.0
346	2855	1.0
346	2576	1.0
346	1098	1.0
346	2030	1.0
346	2886	1.0
347	728	1.0
347	2390	1.0
347	1023	1.0
347	1154	1.0
347	702	1.0
347	2381	1.0
347	1868	1.0
347	3330	1.0
348	2482	1.0
348	346	1.0
348	382	1.0
348	2815	1.0
349	2550	1.0
349	2019	1.0
349	1965	1.0
349	2356	1.0
349	1751	1.0
349	242	1.0
350	2659	1.0
350	2386	1.0
350	1544	1.0
350	2081	1.0
350	2398	1.0
350	931	1.0
350	1894	1.0
350	1434	1.0
350	1320	1.0
350	1543	1.0
350	2082	1.0
350	2345	1.0
350	2395	1.0
350	2397	1.0
350	2385	1.0
350	1673	1.0
350	2079	1.0
350	3246	1.0
350	2622	1.0
351	1999	1.0
351	393	1.0
351	3016	1.0
351	927	1.0
351	1920	1.0
351	428	1.0
351	2696	1.0
351	2228	1.0
351	2478	1.0
351	423	1.0
351	2469	1.0
351	2626	1.0
351	2707	1.0
351	2564	1.0
351	2073	1.0
351	1094	1.0
351	653	1.0
351	733	1.0
351	1197	1.0
351	3166	1.0
351	2005	1.0
352	1633	1.0
352	1645	1.0
352	343	1.0
352	1485	1.0
353	1826	1.0
353	1825	1.0
353	2354	1.0
353	1827	1.0
353	2333	1.0
354	2163	1.0
354	380	1.0
354	712	1.0
354	2306	1.0
354	2404	1.0
354	2566	1.0
354	2648	1.0
354	1744	1.0
354	2588	1.0
355	2086	1.0
355	2531	1.0
355	1979	1.0
355	2347	1.0
356	1117	1.0
356	2239	1.0
356	2550	1.0
356	2194	1.0
356	743	1.0
356	1385	1.0
357	1217	1.0
357	1419	1.0
357	658	1.0
357	2679	1.0
358	289	1.0
358	2609	1.0
358	2575	1.0
358	2497	1.0
358	1118	1.0
359	1186	1.0
359	215	1.0
359	11	1.0
359	113	1.0
359	278	1.0
359	794	1.0
360	2200	1.0
360	1480	1.0
360	2096	1.0
360	450	1.0
360	1861	1.0
361	1915	1.0
361	1258	1.0
361	1533	1.0
361	1739	1.0
362	1497	1.0
362	1333	1.0
362	1584	1.0
362	2356	1.0
362	1334	1.0
362	1786	1.0
362	1715	1.0
362	1556	1.0
362	2353	1.0
362	1340	1.0
362	1581	1.0
362	226	1.0
362	1682	1.0
362	1055	1.0
362	166	1.0
362	1057	1.0
362	1643	1.0
362	1321	1.0
362	1054	1.0
362	1280	1.0
362	1714	1.0
362	1436	1.0
362	1056	1.0
362	1407	1.0
362	2334	1.0
362	1341	1.0
362	2534	1.0
363	899	1.0
363	260	1.0
363	307	1.0
363	703	1.0
363	1497	1.0
363	864	1.0
363	685	1.0
363	515	1.0
363	1237	1.0
363	1456	1.0
363	149	1.0
363	882	1.0
363	701	1.0
364	104	1.0
364	919	1.0
364	2356	1.0
364	505	1.0
364	2447	1.0
364	2285	1.0
364	26	1.0
364	800	1.0
364	2395	1.0
364	506	1.0
364	2455	1.0
364	1701	1.0
364	509	1.0
364	2429	1.0
365	270	1.0
365	398	1.0
365	271	1.0
365	1359	1.0
365	1731	1.0
366	1946	1.0
366	2062	1.0
366	2039	1.0
366	2228	1.0
366	1184	1.0
366	842	1.0
366	2150	1.0
366	1860	1.0
366	2028	1.0
366	855	1.0
367	1231	1.0
367	3181	1.0
367	3167	1.0
367	2324	1.0
368	2654	1.0
368	2968	1.0
368	1803	1.0
368	213	1.0
368	2374	1.0
368	2764	1.0
368	2596	1.0
368	2467	1.0
368	3066	1.0
368	1203	1.0
368	1214	1.0
368	2617	1.0
368	498	1.0
368	198	1.0
368	2762	1.0
368	1148	1.0
368	2	1.0
368	2591	1.0
368	2506	1.0
368	2163	1.0
369	750	1.0
369	1123	1.0
369	2394	1.0
369	542	1.0
369	2284	1.0
369	2395	1.0
369	672	1.0
370	2059	1.0
370	352	1.0
370	2033	1.0
370	2150	1.0
371	2737	1.0
371	1125	1.0
371	2863	1.0
371	1972	1.0
371	2115	1.0
371	998	1.0
371	3274	1.0
371	1309	1.0
372	2439	1.0
372	2783	1.0
372	2084	1.0
372	840	1.0
372	1776	1.0
372	2578	1.0
373	1065	1.0
373	931	1.0
373	874	1.0
373	3003	1.0
373	728	1.0
373	2456	1.0
373	939	1.0
373	1756	1.0
373	2837	1.0
373	576	1.0
373	1436	1.0
373	1265	1.0
373	897	1.0
373	796	1.0
373	1784	1.0
373	649	1.0
373	1435	1.0
373	981	1.0
373	2795	1.0
374	2650	1.0
374	2698	1.0
374	3299	1.0
374	3322	1.0
374	2565	1.0
374	1869	1.0
374	1846	1.0
374	3334	1.0
375	1713	1.0
375	1836	1.0
375	1893	1.0
375	1965	1.0
375	1757	1.0
375	2194	1.0
375	1097	1.0
375	2239	1.0
375	1871	1.0
375	1869	1.0
376	2468	1.0
376	2389	1.0
376	2840	1.0
376	1785	1.0
376	1620	1.0
376	2305	1.0
376	2202	1.0
376	1319	1.0
376	1900	1.0
376	1238	1.0
376	1741	1.0
376	1815	1.0
376	1450	1.0
376	1916	1.0
376	2381	1.0
376	1543	1.0
376	1174	1.0
376	1555	1.0
376	2177	1.0
376	1990	1.0
376	2300	1.0
376	1645	1.0
376	2073	1.0
376	3210	1.0
376	2356	1.0
376	2235	1.0
376	2362	1.0
376	2079	1.0
376	1767	1.0
376	2880	1.0
376	3231	1.0
376	2150	1.0
376	1615	1.0
376	1921	1.0
376	2292	1.0
376	1991	1.0
376	1753	1.0
376	2151	1.0
376	2251	1.0
376	1783	1.0
376	1633	1.0
376	1089	1.0
376	2319	1.0
376	2059	1.0
376	3281	1.0
376	1533	1.0
376	2239	1.0
376	1993	1.0
376	1710	1.0
377	359	1.0
377	1088	1.0
377	575	1.0
377	400	1.0
378	1044	1.0
378	2258	1.0
378	3098	1.0
378	783	1.0
378	603	1.0
378	2079	1.0
378	2367	1.0
378	643	1.0
378	387	1.0
379	816	1.0
379	638	1.0
379	589	1.0
379	2932	1.0
379	100	1.0
380	740	1.0
380	1468	1.0
380	750	1.0
380	1716	1.0
380	2083	1.0
380	1055	1.0
380	1517	1.0
380	1448	1.0
380	2353	1.0
380	475	1.0
380	723	1.0
380	661	1.0
380	2085	1.0
380	1807	1.0
381	1209	1.0
381	988	1.0
381	1161	1.0
381	990	1.0
381	1088	1.0
381	57	1.0
381	362	1.0
382	2943	1.0
382	1102	1.0
382	709	1.0
382	171	1.0
382	215	1.0
382	176	1.0
383	158	1.0
383	2581	1.0
383	2622	1.0
383	2355	1.0
383	1175	1.0
383	2442	1.0
383	2307	1.0
383	2661	1.0
383	2418	1.0
383	2356	1.0
384	2473	1.0
384	2261	1.0
384	2696	1.0
384	294	1.0
384	2760	1.0
384	2738	1.0
384	1508	1.0
385	1718	1.0
385	991	1.0
385	248	1.0
385	2658	1.0
385	2877	1.0
385	2737	1.0
385	1206	1.0
386	383	1.0
386	214	1.0
386	764	1.0
386	1107	1.0
386	594	1.0
386	397	1.0
386	742	1.0
386	229	1.0
386	636	1.0
386	1271	1.0
386	667	1.0
386	847	1.0
386	2978	1.0
386	74	1.0
386	416	1.0
387	168	1.0
387	2312	1.0
387	2320	1.0
387	2234	1.0
387	266	1.0
387	2313	1.0
387	1783	1.0
387	2696	1.0
387	2710	1.0
387	2402	1.0
387	2709	1.0
388	3013	1.0
388	805	1.0
388	2768	1.0
388	1315	1.0
388	385	1.0
388	2905	1.0
388	2907	1.0
388	241	1.0
388	696	1.0
389	1369	1.0
389	899	1.0
389	3291	1.0
389	1965	1.0
389	2443	1.0
389	2165	1.0
389	2361	1.0
389	2005	1.0
389	2539	1.0
390	619	1.0
390	1643	1.0
390	2117	1.0
390	704	1.0
391	2546	1.0
391	2071	1.0
391	1982	1.0
391	1628	1.0
391	1231	1.0
391	1614	1.0
391	2070	1.0
391	1680	1.0
391	1431	1.0
391	1476	1.0
391	2133	1.0
391	123	1.0
391	1922	1.0
391	2095	1.0
391	2119	1.0
392	2714	1.0
392	1692	1.0
392	2467	1.0
392	2480	1.0
392	2034	1.0
392	1760	1.0
392	1703	1.0
393	193	1.0
393	2139	1.0
393	1075	1.0
393	2724	1.0
393	3158	1.0
393	267	1.0
393	1630	1.0
393	645	1.0
393	244	1.0
393	2811	1.0
393	142	1.0
393	2918	1.0
393	272	1.0
393	264	1.0
393	3048	1.0
393	3331	1.0
393	191	1.0
393	2970	1.0
393	210	1.0
393	263	1.0
393	2920	1.0
393	1129	1.0
393	165	1.0
393	2032	1.0
393	738	1.0
393	349	1.0
393	176	1.0
393	1270	1.0
393	317	1.0
393	571	1.0
393	408	1.0
393	28	1.0
393	2463	1.0
394	549	1.0
394	2495	1.0
394	1646	1.0
394	776	1.0
394	523	1.0
394	11	1.0
394	2444	1.0
395	347	1.0
395	390	1.0
395	971	1.0
395	1907	1.0
396	1073	1.0
396	1390	1.0
396	1310	1.0
396	1091	1.0
396	399	1.0
396	454	1.0
396	410	1.0
397	2432	1.0
397	2994	1.0
397	1126	1.0
397	1444	1.0
397	1459	1.0
397	867	1.0
397	966	1.0
397	1485	1.0
397	854	1.0
397	1012	1.0
397	306	1.0
397	1194	1.0
397	2079	1.0
397	1148	1.0
398	2990	1.0
398	947	1.0
398	2995	1.0
398	1608	1.0
398	2147	1.0
398	2602	1.0
398	2512	1.0
398	2583	1.0
398	3314	1.0
399	1214	1.0
399	567	1.0
399	1144	1.0
399	499	1.0
399	164	1.0
399	1215	1.0
400	1784	1.0
400	2555	1.0
400	2175	1.0
400	2630	1.0
400	1977	1.0
400	1753	1.0
401	2107	1.0
401	2663	1.0
401	2165	1.0
401	2523	1.0
401	490	1.0
401	3199	1.0
401	1495	1.0
401	2006	1.0
401	2228	1.0
401	2319	1.0
402	3105	1.0
402	2943	1.0
402	3114	1.0
402	2888	1.0
403	2400	1.0
403	2295	1.0
403	1889	1.0
403	2753	1.0
404	1505	1.0
404	1217	1.0
404	1048	1.0
404	1351	1.0
404	1791	1.0
405	935	1.0
405	312	1.0
405	2601	1.0
405	2624	1.0
405	1655	1.0
405	2163	1.0
405	2755	1.0
405	2557	1.0
405	2111	1.0
406	1252	1.0
406	1856	1.0
406	1473	1.0
406	1643	1.0
407	1231	1.0
407	561	1.0
407	1753	1.0
407	155	1.0
407	1168	1.0
407	1561	1.0
407	747	1.0
407	760	1.0
407	1847	1.0
407	1219	1.0
407	1562	1.0
407	399	1.0
407	1614	1.0
407	265	1.0
408	2202	1.0
408	2522	1.0
408	2600	1.0
408	2256	1.0
408	2109	1.0
408	2284	1.0
408	1965	1.0
408	2436	1.0
409	2283	1.0
409	1739	1.0
409	1535	1.0
409	2062	1.0
409	1717	1.0
409	2033	1.0
409	2073	1.0
409	1363	1.0
409	1701	1.0
409	2510	1.0
409	1912	1.0
409	1998	1.0
409	1775	1.0
409	1856	1.0
409	2084	1.0
409	1620	1.0
409	2225	1.0
409	2253	1.0
409	410	1.0
409	2093	1.0
409	1915	1.0
409	1814	1.0
409	2059	1.0
409	1833	1.0
409	1783	1.0
409	2111	1.0
409	1821	1.0
410	1674	1.0
410	1278	1.0
410	679	1.0
410	1909	1.0
411	2111	1.0
411	3230	1.0
411	1395	1.0
411	413	1.0
411	1259	1.0
411	583	1.0
411	2508	1.0
411	1682	1.0
411	62	1.0
411	1346	1.0
411	2550	1.0
411	104	1.0
411	931	1.0
411	652	1.0
411	50	1.0
411	137	1.0
411	745	1.0
411	2013	1.0
411	516	1.0
411	506	1.0
411	2494	1.0
411	284	1.0
411	989	1.0
411	1791	1.0
411	85	1.0
411	793	1.0
411	2429	1.0
411	1776	1.0
411	1368	1.0
411	857	1.0
411	77	1.0
411	310	1.0
411	483	1.0
411	1245	1.0
411	2523	1.0
411	2136	1.0
411	2212	1.0
411	1965	1.0
411	2007	1.0
411	2251	1.0
411	515	1.0
411	2062	1.0
411	1027	1.0
411	2621	1.0
411	2396	1.0
411	1973	1.0
411	159	1.0
411	623	1.0
411	1743	1.0
411	510	1.0
411	3052	1.0
411	2363	1.0
411	2162	1.0
411	90	1.0
411	2053	1.0
411	2165	1.0
411	2961	1.0
411	2131	1.0
411	402	1.0
411	1132	1.0
411	561	1.0
411	1929	1.0
411	2478	1.0
411	675	1.0
411	1665	1.0
411	810	1.0
411	2228	1.0
411	333	1.0
411	1884	1.0
411	2284	1.0
411	2151	1.0
411	584	1.0
411	374	1.0
411	2213	1.0
411	2069	1.0
411	338	1.0
411	3279	1.0
411	2114	1.0
411	865	1.0
411	2043	1.0
411	854	1.0
411	198	1.0
411	3212	1.0
411	1232	1.0
411	2408	1.0
411	1316	1.0
411	227	1.0
411	1313	1.0
411	2503	1.0
411	2073	1.0
411	172	1.0
411	1902	1.0
411	465	1.0
411	2664	1.0
411	2164	1.0
411	136	1.0
411	2304	1.0
411	2334	1.0
411	899	1.0
411	1248	1.0
411	87	1.0
411	265	1.0
411	1915	1.0
411	2226	1.0
411	766	1.0
411	1074	1.0
411	711	1.0
411	2006	1.0
411	66	1.0
411	2613	1.0
411	2257	1.0
411	1903	1.0
411	1625	1.0
411	1731	1.0
411	1875	1.0
411	955	1.0
411	255	1.0
412	1831	1.0
412	2133	1.0
412	2119	1.0
412	2098	1.0
412	1782	1.0
413	1697	1.0
413	1861	1.0
413	2715	1.0
413	1954	1.0
413	2012	1.0
413	1857	1.0
413	2076	1.0
413	1795	1.0
413	2049	1.0
413	870	1.0
413	2272	1.0
413	2156	1.0
414	1138	1.0
414	159	1.0
414	442	1.0
414	3052	1.0
414	200	1.0
414	1825	1.0
414	2884	1.0
414	2224	1.0
414	1727	1.0
414	1200	1.0
414	2062	1.0
414	2461	1.0
414	375	1.0
414	40	1.0
414	1309	1.0
415	1219	1.0
415	1231	1.0
415	1628	1.0
415	1614	1.0
415	1687	1.0
415	1552	1.0
415	1837	1.0
415	1934	1.0
416	2429	1.0
416	2624	1.0
416	2455	1.0
416	1988	1.0
416	2206	1.0
416	2700	1.0
416	2578	1.0
416	2353	1.0
416	2616	1.0
416	2228	1.0
416	2490	1.0
416	2033	1.0
416	2227	1.0
416	2226	1.0
416	370	1.0
416	2633	1.0
417	2435	1.0
417	1104	1.0
417	974	1.0
417	2252	1.0
417	2156	1.0
418	1938	1.0
418	584	1.0
418	1219	1.0
418	2444	1.0
418	2422	1.0
418	1563	1.0
418	1808	1.0
418	2519	1.0
418	2530	1.0
418	397	1.0
418	2381	1.0
418	2327	1.0
418	1879	1.0
418	2520	1.0
418	602	1.0
418	1509	1.0
418	2079	1.0
418	1466	1.0
418	1559	1.0
418	3282	1.0
418	3243	1.0
418	1562	1.0
418	1837	1.0
418	1552	1.0
418	3244	1.0
418	1685	1.0
418	2226	1.0
418	1680	1.0
418	2228	1.0
419	2392	1.0
419	1500	1.0
419	967	1.0
419	1468	1.0
419	496	1.0
420	1603	1.0
420	1909	1.0
420	3211	1.0
420	1821	1.0
420	1785	1.0
420	701	1.0
420	1830	1.0
420	369	1.0
420	1915	1.0
420	2117	1.0
420	1835	1.0
420	1775	1.0
420	1959	1.0
420	331	1.0
420	1741	1.0
420	1647	1.0
420	1444	1.0
420	3077	1.0
420	2867	1.0
420	1820	1.0
420	1783	1.0
420	1834	1.0
420	2011	1.0
420	1580	1.0
421	2438	1.0
421	2417	1.0
421	2196	1.0
421	3219	1.0
421	110	1.0
421	2543	1.0
422	1231	1.0
422	1380	1.0
422	1563	1.0
422	2074	1.0
422	1584	1.0
422	833	1.0
422	2071	1.0
422	2054	1.0
423	157	1.0
423	189	1.0
423	122	1.0
423	2124	1.0
423	513	1.0
423	1965	1.0
423	169	1.0
423	557	1.0
423	246	1.0
423	2019	1.0
423	164	1.0
423	619	1.0
423	512	1.0
423	2072	1.0
424	2379	1.0
424	2722	1.0
424	1535	1.0
424	974	1.0
424	958	1.0
424	2414	1.0
424	1285	1.0
424	2622	1.0
424	1615	1.0
424	3111	1.0
424	2661	1.0
424	1645	1.0
424	2228	1.0
424	1643	1.0
424	2117	1.0
424	1783	1.0
424	1900	1.0
424	2284	1.0
424	1344	1.0
424	2629	1.0
424	1358	1.0
424	2578	1.0
424	309	1.0
424	3156	1.0
424	1452	1.0
424	2186	1.0
424	1852	1.0
424	2635	1.0
424	2436	1.0
424	2363	1.0
424	2852	1.0
424	1538	1.0
424	2738	1.0
424	329	1.0
424	2749	1.0
424	2552	1.0
425	1036	1.0
425	136	1.0
425	3237	1.0
425	54	1.0
425	3220	1.0
425	2595	1.0
425	3290	1.0
425	137	1.0
425	2270	1.0
425	2026	1.0
426	3328	1.0
426	2640	1.0
426	2210	1.0
426	1712	1.0
426	2543	1.0
427	2151	1.0
427	2368	1.0
427	2045	1.0
427	475	1.0
427	3197	1.0
427	1899	1.0
427	1083	1.0
427	1214	1.0
427	2359	1.0
427	319	1.0
427	1894	1.0
427	1825	1.0
427	1332	1.0
427	414	1.0
427	416	1.0
427	1215	1.0
427	1533	1.0
427	1777	1.0
427	169	1.0
427	2508	1.0
427	1285	1.0
427	2365	1.0
427	697	1.0
427	2143	1.0
427	225	1.0
427	2019	1.0
427	2363	1.0
427	397	1.0
427	1418	1.0
427	2163	1.0
427	1082	1.0
427	1643	1.0
427	1360	1.0
427	1770	1.0
427	2367	1.0
427	1343	1.0
427	2161	1.0
427	1307	1.0
427	1549	1.0
427	615	1.0
427	2366	1.0
427	2478	1.0
427	2147	1.0
427	1624	1.0
427	1751	1.0
427	1775	1.0
427	157	1.0
427	863	1.0
428	1142	1.0
428	3230	1.0
428	2670	1.0
428	2224	1.0
429	2409	1.0
429	2763	1.0
429	2380	1.0
429	2697	1.0
429	2696	1.0
430	1050	1.0
430	2443	1.0
430	938	1.0
430	1770	1.0
430	2088	1.0
431	2087	1.0
431	496	1.0
431	1948	1.0
431	1927	1.0
431	1217	1.0
431	1886	1.0
431	2550	1.0
431	2411	1.0
431	1045	1.0
431	2027	1.0
431	2053	1.0
431	2596	1.0
431	684	1.0
431	1785	1.0
432	600	1.0
432	1998	1.0
432	2073	1.0
432	1909	1.0
433	3267	1.0
433	1915	1.0
433	2453	1.0
433	1921	1.0
433	2123	1.0
433	2528	1.0
433	2122	1.0
433	599	1.0
433	2334	1.0
433	2647	1.0
433	3035	1.0
433	2356	1.0
433	2642	1.0
433	1868	1.0
433	2126	1.0
433	1358	1.0
433	2668	1.0
433	751	1.0
433	2749	1.0
433	2251	1.0
433	2121	1.0
433	2649	1.0
433	2033	1.0
433	2381	1.0
433	2568	1.0
433	2125	1.0
434	473	1.0
434	657	1.0
434	784	1.0
434	1307	1.0
434	277	1.0
434	861	1.0
434	1640	1.0
434	146	1.0
434	187	1.0
435	1965	1.0
435	2641	1.0
435	1726	1.0
435	1608	1.0
435	1999	1.0
435	2272	1.0
435	2583	1.0
435	1622	1.0
435	1635	1.0
435	1953	1.0
435	2482	1.0
435	1504	1.0
435	1842	1.0
436	346	1.0
436	1753	1.0
436	345	1.0
436	392	1.0
437	2250	1.0
437	961	1.0
437	1034	1.0
437	1190	1.0
437	908	1.0
437	109	1.0
437	1633	1.0
437	2138	1.0
437	1553	1.0
437	1646	1.0
437	1389	1.0
437	1030	1.0
438	2590	1.0
438	2507	1.0
438	2490	1.0
438	194	1.0
438	2508	1.0
438	2668	1.0
438	2227	1.0
439	1739	1.0
439	2029	1.0
439	2439	1.0
439	1790	1.0
439	1483	1.0
440	3176	1.0
440	1540	1.0
440	761	1.0
440	2472	1.0
440	945	1.0
440	1867	1.0
441	586	1.0
441	758	1.0
441	436	1.0
441	845	1.0
442	725	1.0
442	965	1.0
442	415	1.0
442	1363	1.0
442	52	1.0
442	396	1.0
442	1731	1.0
442	345	1.0
442	2793	1.0
442	1070	1.0
442	684	1.0
442	419	1.0
442	467	1.0
442	1868	1.0
442	598	1.0
442	1140	1.0
442	2983	1.0
442	40	1.0
442	153	1.0
442	924	1.0
442	406	1.0
442	700	1.0
442	533	1.0
442	189	1.0
442	963	1.0
442	174	1.0
442	9	1.0
442	1537	1.0
442	1010	1.0
442	428	1.0
442	243	1.0
442	874	1.0
442	956	1.0
442	2794	1.0
442	394	1.0
442	1072	1.0
442	320	1.0
442	1169	1.0
442	593	1.0
442	91	1.0
442	1154	1.0
443	2444	1.0
443	2519	1.0
443	1808	1.0
443	1938	1.0
443	1219	1.0
443	1631	1.0
444	1300	1.0
444	2581	1.0
444	2273	1.0
444	2490	1.0
444	2354	1.0
444	2831	1.0
444	1714	1.0
444	2718	1.0
444	2616	1.0
444	2284	1.0
444	2668	1.0
444	368	1.0
444	2982	1.0
444	2368	1.0
444	56	1.0
444	2200	1.0
444	458	1.0
444	1705	1.0
444	726	1.0
444	2620	1.0
444	2833	1.0
444	2379	1.0
444	2749	1.0
444	3284	1.0
444	1775	1.0
444	2700	1.0
444	931	1.0
444	1809	1.0
444	2356	1.0
444	2228	1.0
444	1035	1.0
444	162	1.0
444	3321	1.0
445	436	1.0
445	385	1.0
445	371	1.0
445	610	1.0
445	341	1.0
446	2588	1.0
446	542	1.0
446	911	1.0
446	427	1.0
446	2887	1.0
446	400	1.0
446	2357	1.0
447	2205	1.0
447	2111	1.0
447	1949	1.0
447	2746	1.0
447	2744	1.0
447	2194	1.0
447	2743	1.0
448	1506	1.0
448	1645	1.0
448	1498	1.0
448	1619	1.0
449	2169	1.0
449	2167	1.0
449	2147	1.0
449	1072	1.0
449	2296	1.0
449	1906	1.0
449	1652	1.0
449	2046	1.0
449	126	1.0
449	2166	1.0
449	2243	1.0
449	391	1.0
449	2280	1.0
449	2172	1.0
449	941	1.0
449	2230	1.0
449	1774	1.0
449	202	1.0
449	2061	1.0
449	2145	1.0
449	2386	1.0
449	74	1.0
450	2435	1.0
450	332	1.0
450	1774	1.0
450	2096	1.0
450	1978	1.0
450	1000	1.0
450	1787	1.0
451	2544	1.0
451	1954	1.0
451	2076	1.0
451	2520	1.0
451	605	1.0
451	1872	1.0
451	2603	1.0
451	2252	1.0
451	2435	1.0
452	119	1.0
452	1036	1.0
452	1500	1.0
452	1436	1.0
452	362	1.0
452	2822	1.0
452	964	1.0
452	836	1.0
452	2195	1.0
452	2644	1.0
452	3059	1.0
452	601	1.0
452	1909	1.0
453	458	1.0
453	1513	1.0
453	2845	1.0
453	2339	1.0
453	528	1.0
453	1301	1.0
453	869	1.0
453	2739	1.0
453	873	1.0
453	2221	1.0
453	2782	1.0
453	481	1.0
453	1436	1.0
453	1512	1.0
453	2117	1.0
453	2904	1.0
453	240	1.0
453	1620	1.0
453	1089	1.0
453	1435	1.0
453	1514	1.0
453	1646	1.0
453	84	1.0
453	99	1.0
454	1150	1.0
454	269	1.0
454	1285	1.0
454	1909	1.0
454	2363	1.0
454	919	1.0
454	1435	1.0
454	2307	1.0
454	1784	1.0
454	1649	1.0
454	1417	1.0
454	1227	1.0
454	2284	1.0
454	2021	1.0
454	1783	1.0
454	496	1.0
454	1098	1.0
454	2359	1.0
454	1965	1.0
454	2622	1.0
454	2147	1.0
454	2666	1.0
454	2062	1.0
454	1915	1.0
454	1770	1.0
454	1436	1.0
455	1705	1.0
455	1393	1.0
455	2285	1.0
455	954	1.0
455	3151	1.0
455	217	1.0
455	790	1.0
455	1701	1.0
455	2279	1.0
455	1625	1.0
455	2317	1.0
455	34	1.0
455	35	1.0
456	1824	1.0
456	1584	1.0
456	1787	1.0
456	2101	1.0
456	2656	1.0
456	1814	1.0
457	113	1.0
457	2892	1.0
457	1252	1.0
457	2895	1.0
457	316	1.0
458	1983	1.0
458	2102	1.0
458	2135	1.0
458	1880	1.0
458	1994	1.0
458	2100	1.0
458	1985	1.0
458	1569	1.0
458	1995	1.0
458	1987	1.0
458	2099	1.0
458	2134	1.0
458	2104	1.0
459	937	1.0
459	3073	1.0
459	364	1.0
459	2062	1.0
459	1776	1.0
459	3258	1.0
459	2033	1.0
459	2443	1.0
460	734	1.0
460	2030	1.0
460	614	1.0
460	1558	1.0
460	1902	1.0
460	1903	1.0
461	92	1.0
461	2483	1.0
461	1638	1.0
461	474	1.0
461	2486	1.0
461	300	1.0
461	2266	1.0
462	1937	1.0
462	1931	1.0
462	1685	1.0
462	1895	1.0
462	1928	1.0
462	1614	1.0
462	1837	1.0
462	1219	1.0
462	1231	1.0
462	1926	1.0
462	1936	1.0
462	1680	1.0
463	1967	1.0
463	2881	1.0
463	3318	1.0
463	2611	1.0
463	2896	1.0
464	1710	1.0
464	2298	1.0
464	733	1.0
464	1620	1.0
464	2059	1.0
464	2395	1.0
464	2858	1.0
465	2104	1.0
465	558	1.0
465	696	1.0
465	2170	1.0
465	1757	1.0
465	1521	1.0
466	2525	1.0
466	2617	1.0
466	415	1.0
466	341	1.0
466	971	1.0
466	2841	1.0
466	2890	1.0
466	2367	1.0
466	1119	1.0
466	3015	1.0
466	344	1.0
466	428	1.0
466	3163	1.0
467	1825	1.0
467	2439	1.0
467	2115	1.0
467	351	1.0
467	1739	1.0
468	536	1.0
468	549	1.0
468	1489	1.0
468	538	1.0
468	1741	1.0
469	668	1.0
469	1274	1.0
469	314	1.0
469	114	1.0
469	1330	1.0
470	330	1.0
470	95	1.0
470	801	1.0
470	320	1.0
470	844	1.0
470	406	1.0
470	887	1.0
470	287	1.0
470	2221	1.0
470	550	1.0
470	1103	1.0
470	3155	1.0
470	411	1.0
470	539	1.0
470	738	1.0
470	836	1.0
470	448	1.0
470	517	1.0
470	789	1.0
470	927	1.0
470	592	1.0
471	2668	1.0
471	908	1.0
471	2108	1.0
471	2593	1.0
471	2299	1.0
471	2458	1.0
471	2443	1.0
471	645	1.0
471	1825	1.0
471	2172	1.0
472	1945	1.0
472	1613	1.0
472	2075	1.0
472	3295	1.0
472	1796	1.0
472	2419	1.0
472	1631	1.0
472	2061	1.0
472	1883	1.0
472	1584	1.0
472	1759	1.0
472	2553	1.0
472	2091	1.0
472	3260	1.0
472	2215	1.0
472	1895	1.0
472	2024	1.0
472	1612	1.0
472	2265	1.0
472	2120	1.0
473	1665	1.0
473	2576	1.0
473	1773	1.0
473	361	1.0
474	316	1.0
474	520	1.0
474	73	1.0
474	202	1.0
474	761	1.0
474	566	1.0
474	765	1.0
474	1076	1.0
475	2942	1.0
475	1928	1.0
475	2495	1.0
475	3243	1.0
475	1455	1.0
476	905	1.0
476	2274	1.0
476	476	1.0
476	986	1.0
476	3310	1.0
477	1497	1.0
477	2137	1.0
477	1939	1.0
477	1799	1.0
478	1749	1.0
478	1708	1.0
478	1698	1.0
478	2068	1.0
478	1859	1.0
478	1739	1.0
478	1869	1.0
478	1678	1.0
478	1343	1.0
478	1760	1.0
478	1981	1.0
478	1457	1.0
479	1507	1.0
479	2429	1.0
479	2617	1.0
479	2303	1.0
480	2044	1.0
480	1558	1.0
480	316	1.0
480	1784	1.0
481	429	1.0
481	1792	1.0
481	970	1.0
481	2194	1.0
481	670	1.0
481	559	1.0
481	1079	1.0
481	30	1.0
481	547	1.0
482	3085	1.0
482	2777	1.0
482	1426	1.0
482	1023	1.0
482	1339	1.0
482	1006	1.0
482	2784	1.0
483	1262	1.0
483	1029	1.0
483	1301	1.0
483	2596	1.0
483	1468	1.0
483	1261	1.0
483	1252	1.0
483	1436	1.0
484	1997	1.0
484	985	1.0
484	2626	1.0
484	3256	1.0
484	3254	1.0
485	1834	1.0
485	2111	1.0
485	2184	1.0
485	2082	1.0
485	2541	1.0
485	1820	1.0
485	1822	1.0
485	2202	1.0
485	2225	1.0
485	2379	1.0
485	2150	1.0
485	2205	1.0
485	2034	1.0
485	2235	1.0
486	2446	1.0
486	2278	1.0
486	2192	1.0
486	760	1.0
486	1279	1.0
486	1591	1.0
486	3185	1.0
486	1311	1.0
486	80	1.0
486	2999	1.0
486	48	1.0
486	726	1.0
486	2323	1.0
486	3287	1.0
486	1847	1.0
486	350	1.0
486	584	1.0
486	2246	1.0
487	2621	1.0
487	2523	1.0
487	2361	1.0
487	2334	1.0
487	3279	1.0
487	1276	1.0
487	2165	1.0
487	2503	1.0
487	2362	1.0
487	1409	1.0
487	2110	1.0
488	1435	1.0
488	100	1.0
488	230	1.0
488	589	1.0
488	890	1.0
489	698	1.0
489	1773	1.0
489	1288	1.0
489	2786	1.0
489	61	1.0
490	1931	1.0
490	1933	1.0
490	1928	1.0
490	1937	1.0
490	1926	1.0
490	1930	1.0
490	1935	1.0
490	1932	1.0
491	2280	1.0
491	1202	1.0
491	1558	1.0
491	883	1.0
491	1665	1.0
492	982	1.0
492	2179	1.0
492	2379	1.0
492	1356	1.0
492	2147	1.0
492	3236	1.0
493	2209	1.0
493	1562	1.0
493	2020	1.0
493	2529	1.0
493	2152	1.0
493	1734	1.0
494	2727	1.0
494	1905	1.0
494	1972	1.0
494	2761	1.0
495	49	1.0
495	953	1.0
495	726	1.0
495	2314	1.0
496	1207	1.0
496	602	1.0
496	2654	1.0
496	1119	1.0
496	2842	1.0
496	1465	1.0
496	1853	1.0
496	2089	1.0
496	803	1.0
496	2735	1.0
496	2661	1.0
497	1455	1.0
497	2879	1.0
497	1499	1.0
497	162	1.0
497	1012	1.0
497	1931	1.0
497	2601	1.0
498	1225	1.0
498	1965	1.0
498	967	1.0
498	944	1.0
498	880	1.0
499	2666	1.0
499	2489	1.0
499	2414	1.0
499	2599	1.0
499	2617	1.0
499	2667	1.0
499	2590	1.0
499	2506	1.0
499	2619	1.0
499	2561	1.0
499	2629	1.0
499	2622	1.0
500	1048	1.0
500	1389	1.0
500	33	1.0
500	2396	1.0
501	1038	1.0
501	179	1.0
501	105	1.0
501	1096	1.0
501	3017	1.0
501	2486	1.0
501	3206	1.0
501	1179	1.0
501	2340	1.0
501	1099	1.0
501	617	1.0
501	2804	1.0
501	476	1.0
501	96	1.0
501	904	1.0
501	588	1.0
501	3207	1.0
501	893	1.0
501	692	1.0
501	2889	1.0
501	297	1.0
501	3140	1.0
501	583	1.0
501	666	1.0
501	951	1.0
502	1208	1.0
502	1802	1.0
502	1879	1.0
502	1219	1.0
502	1861	1.0
503	940	1.0
503	928	1.0
503	937	1.0
503	209	1.0
503	883	1.0
503	2311	1.0
503	1328	1.0
503	862	1.0
503	743	1.0
503	67	1.0
503	2821	1.0
503	1045	1.0
503	102	1.0
503	3119	1.0
503	338	1.0
503	95	1.0
503	1537	1.0
503	2221	1.0
503	273	1.0
504	1566	1.0
504	791	1.0
504	714	1.0
504	1719	1.0
504	1965	1.0
505	2245	1.0
505	3304	1.0
505	2692	1.0
505	1774	1.0
505	3273	1.0
505	1833	1.0
506	1388	1.0
506	661	1.0
506	3040	1.0
506	88	1.0
507	384	1.0
507	186	1.0
507	375	1.0
507	386	1.0
507	184	1.0
507	310	1.0
507	428	1.0
507	1282	1.0
507	1191	1.0
508	2125	1.0
508	2848	1.0
508	2040	1.0
508	1240	1.0
508	1788	1.0
508	2563	1.0
508	2329	1.0
508	2267	1.0
508	2529	1.0
509	1055	1.0
509	2257	1.0
509	998	1.0
509	2353	1.0
509	766	1.0
510	1182	1.0
510	859	1.0
510	448	1.0
510	1697	1.0
511	2360	1.0
511	2158	1.0
511	286	1.0
511	866	1.0
511	1625	1.0
511	2317	1.0
511	2305	1.0
511	2290	1.0
511	2503	1.0
512	1781	1.0
512	1897	1.0
512	1669	1.0
512	932	1.0
512	1183	1.0
512	1487	1.0
512	1663	1.0
512	1741	1.0
513	2460	1.0
513	2395	1.0
513	2363	1.0
513	2442	1.0
513	2379	1.0
513	2478	1.0
513	2359	1.0
513	2386	1.0
513	1841	1.0
513	2443	1.0
513	509	1.0
514	565	1.0
514	1300	1.0
514	731	1.0
514	3051	1.0
514	564	1.0
514	727	1.0
514	2998	1.0
515	1543	1.0
515	1683	1.0
515	2111	1.0
515	2093	1.0
515	1823	1.0
516	2425	1.0
516	2744	1.0
516	2692	1.0
516	1242	1.0
517	2368	1.0
517	2764	1.0
517	312	1.0
517	1670	1.0
517	1015	1.0
517	475	1.0
517	2420	1.0
517	1308	1.0
517	2313	1.0
517	1607	1.0
517	2447	1.0
517	2377	1.0
517	41	1.0
517	2161	1.0
517	2011	1.0
518	2123	1.0
518	2122	1.0
518	2121	1.0
518	69	1.0
519	870	1.0
519	2754	1.0
519	2512	1.0
519	232	1.0
519	3019	1.0
519	2207	1.0
519	2434	1.0
519	2544	1.0
520	498	1.0
520	1289	1.0
520	1711	1.0
520	1965	1.0
520	1971	1.0
520	1361	1.0
520	1603	1.0
520	1943	1.0
520	1143	1.0
520	1885	1.0
520	2062	1.0
520	2059	1.0
520	190	1.0
520	2697	1.0
521	3006	1.0
521	2987	1.0
521	2770	1.0
521	2956	1.0
521	1537	1.0
522	1633	1.0
522	3249	1.0
522	2172	1.0
522	3259	1.0
522	1301	1.0
522	2185	1.0
522	2147	1.0
522	2261	1.0
522	946	1.0
522	1430	1.0
523	633	1.0
523	934	1.0
523	2073	1.0
523	586	1.0
523	794	1.0
523	1909	1.0
523	2058	1.0
523	930	1.0
523	1965	1.0
523	24	1.0
523	2820	1.0
523	2284	1.0
524	1362	1.0
524	1094	1.0
524	1760	1.0
524	1667	1.0
524	1773	1.0
524	1576	1.0
525	2550	1.0
525	1213	1.0
525	2422	1.0
525	2991	1.0
525	1072	1.0
525	252	1.0
525	473	1.0
525	93	1.0
525	3323	1.0
525	969	1.0
525	684	1.0
525	938	1.0
525	2593	1.0
525	1482	1.0
525	616	1.0
525	966	1.0
525	965	1.0
525	2608	1.0
525	1527	1.0
525	940	1.0
525	2580	1.0
525	593	1.0
525	1864	1.0
525	2321	1.0
525	2801	1.0
525	2410	1.0
525	1452	1.0
525	3074	1.0
525	568	1.0
525	2436	1.0
525	487	1.0
526	2812	1.0
526	316	1.0
526	369	1.0
526	914	1.0
526	1484	1.0
526	1907	1.0
526	385	1.0
526	1101	1.0
526	390	1.0
527	560	1.0
527	58	1.0
527	976	1.0
527	759	1.0
528	2475	1.0
528	2477	1.0
528	2435	1.0
528	2462	1.0
528	3311	1.0
529	2851	1.0
529	315	1.0
529	1132	1.0
529	1998	1.0
529	749	1.0
529	683	1.0
529	900	1.0
530	1188	1.0
530	385	1.0
530	696	1.0
530	3004	1.0
530	440	1.0
530	3002	1.0
530	155	1.0
530	1822	1.0
530	1835	1.0
530	2013	1.0
530	835	1.0
530	2122	1.0
530	809	1.0
530	1701	1.0
530	745	1.0
531	2270	1.0
531	1219	1.0
531	2725	1.0
531	2720	1.0
531	1042	1.0
531	2721	1.0
531	1976	1.0
531	2567	1.0
531	2724	1.0
531	2271	1.0
531	100	1.0
531	1631	1.0
532	3042	1.0
532	2669	1.0
532	2735	1.0
532	2584	1.0
532	2682	1.0
532	999	1.0
532	1379	1.0
533	144	1.0
533	85	1.0
533	524	1.0
533	140	1.0
533	118	1.0
533	1737	1.0
533	1866	1.0
533	220	1.0
533	121	1.0
533	170	1.0
534	2737	1.0
534	633	1.0
534	3029	1.0
534	353	1.0
535	1394	1.0
535	1376	1.0
535	1458	1.0
535	342	1.0
535	1281	1.0
535	1910	1.0
535	1886	1.0
535	1295	1.0
535	1870	1.0
535	1716	1.0
535	2424	1.0
535	1758	1.0
535	1700	1.0
535	1760	1.0
535	1275	1.0
536	1621	1.0
536	2460	1.0
536	493	1.0
536	445	1.0
536	1413	1.0
537	2111	1.0
537	1665	1.0
537	1552	1.0
537	1436	1.0
538	2974	1.0
538	974	1.0
538	3214	1.0
538	929	1.0
538	1395	1.0
538	1954	1.0
538	2508	1.0
538	232	1.0
538	1361	1.0
538	595	1.0
538	2746	1.0
539	173	1.0
539	2044	1.0
539	327	1.0
539	340	1.0
539	527	1.0
539	1988	1.0
539	2285	1.0
540	2578	1.0
540	2137	1.0
540	2065	1.0
540	2454	1.0
541	1552	1.0
541	1614	1.0
541	1808	1.0
541	1837	1.0
541	1219	1.0
542	2375	1.0
542	2325	1.0
542	779	1.0
542	870	1.0
542	929	1.0
542	2342	1.0
542	1831	1.0
542	1579	1.0
542	1140	1.0
542	2255	1.0
543	3153	1.0
543	1998	1.0
543	1669	1.0
543	1500	1.0
543	1741	1.0
543	2147	1.0
543	1727	1.0
543	2033	1.0
543	1753	1.0
544	1176	1.0
544	1917	1.0
544	2298	1.0
544	2059	1.0
544	2507	1.0
544	2147	1.0
544	965	1.0
544	1761	1.0
544	2151	1.0
544	2177	1.0
544	2073	1.0
544	359	1.0
544	2224	1.0
544	3136	1.0
544	2114	1.0
544	402	1.0
545	3022	1.0
545	2891	1.0
545	2405	1.0
545	743	1.0
545	904	1.0
545	170	1.0
545	284	1.0
545	2117	1.0
545	802	1.0
545	3253	1.0
545	2716	1.0
545	2834	1.0
545	1974	1.0
545	422	1.0
545	708	1.0
545	118	1.0
545	262	1.0
545	1119	1.0
545	15	1.0
545	1690	1.0
545	2922	1.0
545	2423	1.0
545	2930	1.0
545	2547	1.0
545	2113	1.0
545	1266	1.0
545	771	1.0
545	1138	1.0
545	916	1.0
545	949	1.0
545	1973	1.0
545	84	1.0
545	3226	1.0
545	1111	1.0
545	1623	1.0
545	163	1.0
545	408	1.0
545	612	1.0
546	992	1.0
546	2029	1.0
546	2480	1.0
546	2477	1.0
547	826	1.0
547	827	1.0
547	2198	1.0
547	86	1.0
547	2939	1.0
547	2139	1.0
547	959	1.0
547	2772	1.0
547	3129	1.0
547	1160	1.0
548	808	1.0
548	1276	1.0
548	224	1.0
548	2110	1.0
548	452	1.0
548	1100	1.0
549	2487	1.0
549	2335	1.0
549	2574	1.0
549	2300	1.0
549	2558	1.0
549	678	1.0
549	1707	1.0
549	2414	1.0
549	1114	1.0
549	3289	1.0
549	1242	1.0
549	2443	1.0
549	2385	1.0
549	3139	1.0
549	1119	1.0
550	712	1.0
550	2015	1.0
550	2566	1.0
550	2648	1.0
551	878	1.0
551	2085	1.0
551	1150	1.0
551	1325	1.0
552	1435	1.0
552	1102	1.0
552	1436	1.0
552	1438	1.0
552	58	1.0
552	1150	1.0
553	473	1.0
553	2700	1.0
553	2491	1.0
553	1798	1.0
553	2307	1.0
553	1909	1.0
553	1827	1.0
553	908	1.0
553	2363	1.0
553	2310	1.0
553	2335	1.0
554	329	1.0
554	2429	1.0
554	2242	1.0
554	530	1.0
554	201	1.0
554	1139	1.0
554	2241	1.0
554	1141	1.0
555	2738	1.0
555	2614	1.0
555	1775	1.0
555	2404	1.0
555	1668	1.0
555	1899	1.0
555	199	1.0
555	2566	1.0
555	961	1.0
555	2300	1.0
555	2306	1.0
555	1819	1.0
555	1908	1.0
555	2462	1.0
555	1667	1.0
555	1624	1.0
555	1651	1.0
555	1741	1.0
555	2163	1.0
555	2015	1.0
555	1444	1.0
555	1873	1.0
555	1634	1.0
555	712	1.0
556	2284	1.0
556	3172	1.0
556	415	1.0
556	748	1.0
556	2885	1.0
556	606	1.0
556	428	1.0
556	336	1.0
556	269	1.0
556	1533	1.0
556	1827	1.0
556	743	1.0
556	431	1.0
556	406	1.0
556	2283	1.0
556	389	1.0
556	287	1.0
556	1045	1.0
556	1500	1.0
556	2147	1.0
556	2115	1.0
556	310	1.0
556	301	1.0
557	2401	1.0
557	2412	1.0
557	2349	1.0
557	1336	1.0
557	2513	1.0
557	3306	1.0
558	1783	1.0
558	2654	1.0
558	3228	1.0
558	2651	1.0
559	782	1.0
559	2122	1.0
559	2616	1.0
559	2334	1.0
559	2228	1.0
559	1786	1.0
559	3270	1.0
559	2637	1.0
559	1321	1.0
559	2283	1.0
559	561	1.0
559	979	1.0
559	2213	1.0
560	2172	1.0
560	2462	1.0
560	2522	1.0
560	2436	1.0
561	2337	1.0
561	2097	1.0
561	1414	1.0
561	1358	1.0
561	1008	1.0
562	3285	1.0
562	384	1.0
562	194	1.0
562	352	1.0
562	253	1.0
562	877	1.0
562	247	1.0
562	1189	1.0
562	674	1.0
562	1075	1.0
562	1327	1.0
562	719	1.0
563	625	1.0
563	3211	1.0
563	1430	1.0
563	676	1.0
564	981	1.0
564	1450	1.0
564	1259	1.0
564	2019	1.0
564	1788	1.0
564	1301	1.0
564	2980	1.0
564	1535	1.0
564	1753	1.0
565	1965	1.0
565	2484	1.0
565	2564	1.0
565	3311	1.0
565	2310	1.0
565	3149	1.0
566	2151	1.0
566	2073	1.0
566	1789	1.0
566	1713	1.0
566	2111	1.0
566	1823	1.0
566	1800	1.0
566	1921	1.0
566	2033	1.0
566	2062	1.0
566	1772	1.0
566	1943	1.0
566	2019	1.0
566	2079	1.0
566	2059	1.0
566	1892	1.0
566	1909	1.0
566	1793	1.0
566	1762	1.0
566	2082	1.0
566	1948	1.0
566	1798	1.0
566	1558	1.0
566	1779	1.0
566	2058	1.0
566	1993	1.0
567	2185	1.0
567	2220	1.0
567	2093	1.0
567	2426	1.0
567	1965	1.0
567	2151	1.0
567	2261	1.0
567	1908	1.0
567	1731	1.0
567	2344	1.0
567	2155	1.0
567	2146	1.0
567	2022	1.0
567	2205	1.0
567	2079	1.0
567	3251	1.0
567	3297	1.0
567	2230	1.0
567	2202	1.0
567	2147	1.0
567	2122	1.0
567	2256	1.0
567	2164	1.0
568	2122	1.0
568	2164	1.0
568	2224	1.0
568	2238	1.0
568	2414	1.0
568	2124	1.0
568	1562	1.0
568	2126	1.0
569	2578	1.0
569	2460	1.0
569	389	1.0
569	1731	1.0
569	2668	1.0
570	1965	1.0
570	2465	1.0
570	816	1.0
570	1399	1.0
570	2021	1.0
570	1773	1.0
570	2029	1.0
570	1477	1.0
570	2073	1.0
570	2062	1.0
570	693	1.0
570	2423	1.0
571	328	1.0
571	2436	1.0
571	428	1.0
571	2548	1.0
571	2559	1.0
571	2632	1.0
571	2748	1.0
571	2683	1.0
571	335	1.0
571	2728	1.0
571	1016	1.0
571	2494	1.0
572	722	1.0
572	2329	1.0
572	1913	1.0
572	2209	1.0
572	3242	1.0
572	2640	1.0
572	2201	1.0
572	2308	1.0
572	2196	1.0
572	3305	1.0
573	769	1.0
573	2057	1.0
573	2586	1.0
573	190	1.0
573	775	1.0
573	2589	1.0
573	607	1.0
573	1359	1.0
573	3213	1.0
573	920	1.0
573	1788	1.0
573	954	1.0
573	1555	1.0
573	1343	1.0
573	2587	1.0
573	1497	1.0
573	1034	1.0
573	1667	1.0
574	1698	1.0
574	1982	1.0
574	1927	1.0
574	1960	1.0
575	2847	1.0
575	2062	1.0
575	1066	1.0
575	2668	1.0
575	1067	1.0
575	2368	1.0
575	886	1.0
576	2610	1.0
576	2686	1.0
576	2570	1.0
576	2576	1.0
576	2502	1.0
576	2742	1.0
577	420	1.0
577	2771	1.0
577	2244	1.0
577	2529	1.0
577	2200	1.0
577	1915	1.0
577	2329	1.0
577	2176	1.0
577	2922	1.0
577	2498	1.0
577	2595	1.0
577	2617	1.0
577	3202	1.0
577	501	1.0
577	2809	1.0
577	351	1.0
577	92	1.0
577	432	1.0
577	3286	1.0
578	1893	1.0
578	2604	1.0
578	1641	1.0
578	2632	1.0
579	2696	1.0
579	2745	1.0
579	2757	1.0
579	2555	1.0
579	2732	1.0
579	2228	1.0
579	2395	1.0
579	83	1.0
579	2629	1.0
579	2478	1.0
579	2746	1.0
579	2522	1.0
579	2161	1.0
579	2050	1.0
579	2041	1.0
579	3329	1.0
579	2021	1.0
579	1670	1.0
579	2763	1.0
579	1036	1.0
579	2138	1.0
579	2226	1.0
579	2218	1.0
579	2312	1.0
579	2649	1.0
579	2177	1.0
579	2209	1.0
579	2067	1.0
579	2695	1.0
579	2489	1.0
579	2743	1.0
579	2617	1.0
579	1851	1.0
579	2764	1.0
579	2420	1.0
579	2443	1.0
579	2031	1.0
579	2042	1.0
579	2211	1.0
579	3292	1.0
580	2381	1.0
580	1316	1.0
580	3262	1.0
580	1664	1.0
580	2227	1.0
580	360	1.0
580	1073	1.0
580	2627	1.0
580	2258	1.0
580	2362	1.0
580	2555	1.0
580	2478	1.0
580	2397	1.0
580	2398	1.0
580	2305	1.0
580	1543	1.0
580	2869	1.0
580	2213	1.0
580	1544	1.0
580	1344	1.0
580	1122	1.0
580	3169	1.0
580	2873	1.0
580	2654	1.0
580	2334	1.0
580	2621	1.0
580	2395	1.0
580	2228	1.0
580	2042	1.0
580	3276	1.0
581	3083	1.0
581	1045	1.0
581	745	1.0
581	88	1.0
581	32	1.0
581	1002	1.0
581	1753	1.0
581	2901	1.0
581	623	1.0
581	2833	1.0
581	2009	1.0
581	2002	1.0
581	2013	1.0
581	1010	1.0
582	3151	1.0
582	3050	1.0
582	253	1.0
582	506	1.0
582	161	1.0
582	2977	1.0
582	3123	1.0
582	2797	1.0
582	2915	1.0
582	247	1.0
582	434	1.0
582	2355	1.0
582	3070	1.0
582	127	1.0
582	956	1.0
582	2972	1.0
583	2266	1.0
583	2424	1.0
583	2540	1.0
583	2341	1.0
583	1764	1.0
583	2193	1.0
583	2083	1.0
583	2704	1.0
583	2736	1.0
584	806	1.0
584	1157	1.0
584	681	1.0
584	582	1.0
584	16	1.0
584	3034	1.0
585	206	1.0
585	2606	1.0
585	2401	1.0
585	1790	1.0
585	2576	1.0
585	1739	1.0
585	2023	1.0
585	1889	1.0
585	1851	1.0
586	1120	1.0
586	490	1.0
586	1297	1.0
586	2036	1.0
586	8	1.0
586	1069	1.0
586	107	1.0
586	959	1.0
587	1701	1.0
587	1821	1.0
587	1711	1.0
587	1948	1.0
588	1592	1.0
588	2478	1.0
588	1311	1.0
588	501	1.0
589	2310	1.0
589	2122	1.0
589	2079	1.0
589	2396	1.0
589	2059	1.0
589	2408	1.0
590	983	1.0
590	1147	1.0
590	895	1.0
590	451	1.0
590	3053	1.0
591	1779	1.0
591	1775	1.0
591	1909	1.0
591	2078	1.0
592	1675	1.0
592	1723	1.0
592	1863	1.0
592	1817	1.0
593	870	1.0
593	2477	1.0
593	1965	1.0
593	2435	1.0
593	2073	1.0
593	2109	1.0
594	2722	1.0
594	2231	1.0
594	2587	1.0
594	2757	1.0
594	2655	1.0
594	2696	1.0
594	2345	1.0
594	2730	1.0
595	1163	1.0
595	1905	1.0
595	1821	1.0
595	1825	1.0
596	1727	1.0
596	1915	1.0
596	1731	1.0
596	1894	1.0
596	1773	1.0
596	1823	1.0
596	2205	1.0
596	3187	1.0
596	1188	1.0
596	1779	1.0
596	1701	1.0
596	1711	1.0
596	2284	1.0
596	1529	1.0
596	2050	1.0
596	1709	1.0
596	1343	1.0
596	2459	1.0
596	960	1.0
596	1634	1.0
596	426	1.0
596	1916	1.0
596	2033	1.0
596	1825	1.0
596	2750	1.0
596	677	1.0
596	2653	1.0
596	2228	1.0
596	1775	1.0
596	2111	1.0
596	1770	1.0
596	497	1.0
596	2396	1.0
596	1834	1.0
596	2019	1.0
596	2204	1.0
596	237	1.0
596	1835	1.0
596	1615	1.0
596	1921	1.0
596	2222	1.0
597	670	1.0
597	947	1.0
597	117	1.0
597	2014	1.0
597	1288	1.0
597	836	1.0
597	943	1.0
597	2144	1.0
597	492	1.0
597	548	1.0
597	2917	1.0
597	755	1.0
597	2967	1.0
597	444	1.0
597	993	1.0
597	2926	1.0
597	2916	1.0
598	2037	1.0
598	2277	1.0
598	2678	1.0
598	2716	1.0
599	1475	1.0
599	2090	1.0
599	1304	1.0
599	1303	1.0
599	1090	1.0
599	2091	1.0
599	1509	1.0
599	1531	1.0
599	1987	1.0
599	1846	1.0
599	1354	1.0
599	1666	1.0
599	1300	1.0
599	1474	1.0
600	1821	1.0
600	2111	1.0
600	2202	1.0
600	2225	1.0
600	1394	1.0
600	1784	1.0
600	1832	1.0
600	2050	1.0
600	2294	1.0
600	2073	1.0
600	2283	1.0
600	2379	1.0
600	2226	1.0
600	1965	1.0
600	1760	1.0
600	2071	1.0
600	2326	1.0
600	2033	1.0
600	1672	1.0
600	2188	1.0
600	2079	1.0
600	1231	1.0
600	2187	1.0
600	2122	1.0
600	1673	1.0
600	1782	1.0
600	1925	1.0
600	1815	1.0
601	861	1.0
601	1971	1.0
601	1954	1.0
601	1958	1.0
601	2022	1.0
601	346	1.0
601	1508	1.0
601	1117	1.0
601	1881	1.0
601	2051	1.0
602	3064	1.0
602	2060	1.0
602	1057	1.0
602	2033	1.0
602	2589	1.0
603	2819	1.0
603	779	1.0
603	2469	1.0
603	2841	1.0
603	1173	1.0
603	2243	1.0
603	2443	1.0
604	1250	1.0
604	531	1.0
604	1	1.0
604	691	1.0
604	1046	1.0
604	0	1.0
604	918	1.0
604	653	1.0
604	952	1.0
604	1383	1.0
604	1774	1.0
604	3094	1.0
604	1392	1.0
605	1633	1.0
605	470	1.0
605	1102	1.0
605	1956	1.0
605	1620	1.0
606	1343	1.0
606	938	1.0
606	2670	1.0
606	1821	1.0
606	2044	1.0
606	1528	1.0
606	2276	1.0
606	1785	1.0
606	939	1.0
606	2378	1.0
606	2691	1.0
606	2747	1.0
606	2694	1.0
606	1527	1.0
606	2204	1.0
607	326	1.0
607	3159	1.0
607	3144	1.0
607	900	1.0
607	1580	1.0
608	2865	1.0
608	335	1.0
608	2868	1.0
608	292	1.0
608	464	1.0
608	645	1.0
608	2353	1.0
608	2971	1.0
608	3157	1.0
608	235	1.0
608	2952	1.0
608	3205	1.0
608	1055	1.0
608	2997	1.0
608	2872	1.0
608	3063	1.0
608	3004	1.0
608	1341	1.0
608	159	1.0
608	45	1.0
608	753	1.0
608	1057	1.0
609	1593	1.0
609	821	1.0
609	589	1.0
609	144	1.0
610	2680	1.0
610	2593	1.0
610	2442	1.0
610	2654	1.0
610	2564	1.0
610	2166	1.0
610	2608	1.0
611	2332	1.0
611	2218	1.0
611	335	1.0
611	2481	1.0
611	2290	1.0
611	1941	1.0
611	2303	1.0
611	2460	1.0
611	2217	1.0
611	2389	1.0
612	2341	1.0
612	2351	1.0
612	2408	1.0
612	1793	1.0
612	2386	1.0
612	2062	1.0
613	2397	1.0
613	1751	1.0
613	3179	1.0
613	2668	1.0
614	1676	1.0
614	591	1.0
614	366	1.0
614	222	1.0
614	2002	1.0
614	833	1.0
614	1217	1.0
614	1003	1.0
614	881	1.0
614	1177	1.0
614	1469	1.0
615	1563	1.0
615	2140	1.0
615	556	1.0
615	1057	1.0
616	920	1.0
616	1988	1.0
616	2317	1.0
616	1625	1.0
616	1456	1.0
616	1495	1.0
616	46	1.0
616	1904	1.0
616	2228	1.0
617	2541	1.0
617	257	1.0
617	2443	1.0
617	1675	1.0
617	1816	1.0
618	2490	1.0
618	1793	1.0
618	2663	1.0
618	1020	1.0
619	2276	1.0
619	2344	1.0
619	1418	1.0
619	2386	1.0
619	2204	1.0
619	2368	1.0
619	1385	1.0
619	973	1.0
619	1416	1.0
620	2462	1.0
620	2441	1.0
620	1399	1.0
620	2226	1.0
620	496	1.0
620	2228	1.0
620	2147	1.0
620	974	1.0
621	1129	1.0
621	1171	1.0
621	700	1.0
621	544	1.0
621	87	1.0
622	1217	1.0
622	3241	1.0
622	1260	1.0
622	762	1.0
622	2239	1.0
622	3215	1.0
622	2129	1.0
623	743	1.0
623	2993	1.0
623	1288	1.0
623	770	1.0
623	1646	1.0
623	2903	1.0
623	249	1.0
623	492	1.0
623	2893	1.0
624	685	1.0
624	2871	1.0
624	2956	1.0
624	842	1.0
624	2652	1.0
624	3073	1.0
624	2832	1.0
624	2616	1.0
624	294	1.0
624	2623	1.0
625	2334	1.0
625	70	1.0
625	1017	1.0
625	3230	1.0
625	770	1.0
625	2774	1.0
625	1399	1.0
625	1911	1.0
625	2465	1.0
625	130	1.0
625	138	1.0
625	1385	1.0
625	155	1.0
625	1217	1.0
625	3160	1.0
625	1482	1.0
625	1280	1.0
625	2523	1.0
625	1672	1.0
625	2971	1.0
625	2251	1.0
625	2174	1.0
625	134	1.0
626	2605	1.0
626	2578	1.0
626	2611	1.0
626	2518	1.0
626	2576	1.0
626	2610	1.0
626	2309	1.0
627	1643	1.0
627	2073	1.0
627	2622	1.0
627	2658	1.0
627	201	1.0
627	2668	1.0
627	706	1.0
627	2928	1.0
627	1644	1.0
628	2655	1.0
628	2749	1.0
628	2430	1.0
628	1605	1.0
629	382	1.0
629	1359	1.0
629	795	1.0
629	1347	1.0
630	1093	1.0
630	3009	1.0
630	2948	1.0
630	1436	1.0
630	1217	1.0
631	1643	1.0
631	2465	1.0
631	3197	1.0
631	846	1.0
631	1534	1.0
632	2656	1.0
632	1976	1.0
632	2271	1.0
632	2567	1.0
633	2750	1.0
633	1488	1.0
633	2670	1.0
633	1558	1.0
633	377	1.0
633	430	1.0
633	2572	1.0
634	1106	1.0
634	738	1.0
634	1541	1.0
634	380	1.0
634	3107	1.0
635	756	1.0
635	146	1.0
635	832	1.0
635	959	1.0
635	406	1.0
635	728	1.0
635	162	1.0
635	757	1.0
635	731	1.0
635	142	1.0
635	462	1.0
635	319	1.0
635	157	1.0
635	164	1.0
636	1975	1.0
636	1204	1.0
636	1426	1.0
636	653	1.0
637	2363	1.0
637	1710	1.0
637	2396	1.0
637	2386	1.0
638	2162	1.0
638	2057	1.0
638	1530	1.0
638	2043	1.0
638	2213	1.0
638	1684	1.0
638	3312	1.0
639	1276	1.0
639	1905	1.0
639	2828	1.0
639	2110	1.0
639	3007	1.0
639	2213	1.0
640	3192	1.0
640	2493	1.0
640	1780	1.0
640	652	1.0
640	979	1.0
640	765	1.0
640	742	1.0
640	2523	1.0
640	2192	1.0
640	2612	1.0
640	3308	1.0
640	1181	1.0
640	3008	1.0
640	682	1.0
640	1256	1.0
641	2226	1.0
641	156	1.0
641	2228	1.0
641	1659	1.0
642	3245	1.0
642	2058	1.0
642	2186	1.0
642	2532	1.0
642	2045	1.0
642	2163	1.0
642	2408	1.0
642	1580	1.0
643	2083	1.0
643	2521	1.0
643	3257	1.0
643	3247	1.0
643	1641	1.0
643	362	1.0
643	1260	1.0
643	841	1.0
643	1950	1.0
643	1539	1.0
643	2918	1.0
643	2955	1.0
644	2919	1.0
644	2954	1.0
644	1855	1.0
644	2810	1.0
644	136	1.0
644	489	1.0
644	1441	1.0
645	1811	1.0
645	2706	1.0
645	2507	1.0
645	2122	1.0
645	1323	1.0
645	1751	1.0
645	2622	1.0
645	2747	1.0
645	2749	1.0
645	2667	1.0
645	2224	1.0
645	2125	1.0
645	2072	1.0
645	1104	1.0
645	1620	1.0
645	1753	1.0
645	2221	1.0
645	2654	1.0
645	3327	1.0
645	2750	1.0
645	2711	1.0
645	2694	1.0
645	1325	1.0
646	3218	1.0
646	2688	1.0
646	3254	1.0
646	2541	1.0
646	2564	1.0
646	2294	1.0
646	1965	1.0
646	2175	1.0
646	2487	1.0
646	985	1.0
646	1136	1.0
646	2902	1.0
646	2443	1.0
647	2088	1.0
647	2306	1.0
647	2700	1.0
647	2190	1.0
648	168	1.0
648	74	1.0
648	1343	1.0
648	2472	1.0
648	1867	1.0
648	301	1.0
648	1109	1.0
648	305	1.0
649	3141	1.0
649	2769	1.0
649	537	1.0
649	1237	1.0
649	1456	1.0
649	2849	1.0
649	335	1.0
650	1532	1.0
650	2101	1.0
650	2271	1.0
650	2656	1.0
650	2061	1.0
650	2070	1.0
651	496	1.0
651	2115	1.0
651	1468	1.0
651	2084	1.0
651	2151	1.0
651	1731	1.0
651	1965	1.0
651	1956	1.0
651	1556	1.0
651	1915	1.0
651	77	1.0
652	2618	1.0
652	2505	1.0
652	2757	1.0
652	2718	1.0
652	2655	1.0
653	2366	1.0
653	2468	1.0
653	2396	1.0
653	2365	1.0
653	2555	1.0
653	2367	1.0
653	2371	1.0
653	198	1.0
653	2224	1.0
653	2478	1.0
653	2532	1.0
653	3266	1.0
653	2228	1.0
653	2395	1.0
653	2362	1.0
653	1915	1.0
653	2429	1.0
653	2369	1.0
653	2368	1.0
653	2581	1.0
653	2370	1.0
653	2372	1.0
653	2378	1.0
653	2364	1.0
654	2478	1.0
654	2165	1.0
654	1705	1.0
654	2508	1.0
654	2460	1.0
655	604	1.0
655	965	1.0
655	704	1.0
655	586	1.0
655	628	1.0
655	995	1.0
655	250	1.0
655	2979	1.0
655	830	1.0
655	1359	1.0
655	663	1.0
655	228	1.0
655	1328	1.0
656	2385	1.0
656	2082	1.0
656	2079	1.0
656	2343	1.0
656	2552	1.0
656	1325	1.0
656	1387	1.0
656	32	1.0
657	2722	1.0
657	2531	1.0
657	2737	1.0
657	3232	1.0
657	2622	1.0
657	2408	1.0
658	2557	1.0
658	2765	1.0
658	448	1.0
658	1155	1.0
658	2740	1.0
658	438	1.0
659	1902	1.0
659	1903	1.0
659	3239	1.0
659	2161	1.0
659	83	1.0
659	1487	1.0
659	1604	1.0
659	855	1.0
660	1547	1.0
660	475	1.0
660	2369	1.0
660	3263	1.0
661	1371	1.0
661	2238	1.0
661	2226	1.0
661	3204	1.0
661	2222	1.0
661	2310	1.0
661	1259	1.0
661	2395	1.0
662	2986	1.0
662	3319	1.0
662	2647	1.0
662	2646	1.0
662	1558	1.0
662	1665	1.0
663	2725	1.0
663	2721	1.0
663	3296	1.0
663	1491	1.0
663	2656	1.0
664	338	1.0
664	697	1.0
664	247	1.0
664	1286	1.0
664	2569	1.0
664	1125	1.0
664	1547	1.0
664	2087	1.0
664	918	1.0
664	799	1.0
664	621	1.0
664	945	1.0
664	83	1.0
664	461	1.0
664	1115	1.0
664	1948	1.0
664	1065	1.0
664	496	1.0
664	653	1.0
665	1938	1.0
665	363	1.0
665	1628	1.0
665	2520	1.0
665	1373	1.0
665	2565	1.0
665	1860	1.0
665	1383	1.0
665	553	1.0
665	1696	1.0
665	655	1.0
665	2384	1.0
665	2556	1.0
665	2554	1.0
666	3012	1.0
666	2935	1.0
666	472	1.0
666	2927	1.0
666	154	1.0
666	3132	1.0
666	1095	1.0
666	670	1.0
666	130	1.0
666	963	1.0
666	3133	1.0
666	138	1.0
666	2804	1.0
666	412	1.0
666	3068	1.0
666	658	1.0
666	471	1.0
666	2846	1.0
666	353	1.0
666	460	1.0
666	2578	1.0
666	495	1.0
666	134	1.0
666	202	1.0
666	1067	1.0
666	428	1.0
666	419	1.0
666	2790	1.0
666	418	1.0
666	135	1.0
666	415	1.0
666	3075	1.0
666	406	1.0
666	431	1.0
666	411	1.0
666	2800	1.0
666	438	1.0
666	22	1.0
666	396	1.0
666	504	1.0
666	1214	1.0
666	2993	1.0
666	2806	1.0
667	2395	1.0
667	1301	1.0
667	2327	1.0
667	1320	1.0
667	2228	1.0
667	2396	1.0
667	2224	1.0
667	2019	1.0
667	2380	1.0
668	1219	1.0
668	2167	1.0
668	1682	1.0
668	1786	1.0
669	493	1.0
669	838	1.0
669	852	1.0
669	2951	1.0
669	445	1.0
669	974	1.0
670	859	1.0
670	316	1.0
670	824	1.0
670	17	1.0
670	3106	1.0
670	3038	1.0
670	362	1.0
670	897	1.0
671	2042	1.0
671	2268	1.0
671	1048	1.0
671	2408	1.0
671	2111	1.0
671	2093	1.0
671	3298	1.0
671	2122	1.0
671	2175	1.0
671	438	1.0
671	2379	1.0
671	1285	1.0
671	2065	1.0
671	2079	1.0
671	2126	1.0
671	2395	1.0
671	2238	1.0
671	2318	1.0
671	2157	1.0
671	2203	1.0
671	214	1.0
671	2436	1.0
671	2362	1.0
671	1731	1.0
671	1920	1.0
671	3168	1.0
671	2177	1.0
671	2045	1.0
671	2150	1.0
671	2188	1.0
671	2125	1.0
671	3233	1.0
671	1811	1.0
671	49	1.0
671	2121	1.0
671	2073	1.0
671	2292	1.0
671	2123	1.0
671	2147	1.0
671	1965	1.0
671	2058	1.0
672	2506	1.0
672	2283	1.0
672	918	1.0
672	2676	1.0
673	2102	1.0
673	1452	1.0
673	2522	1.0
673	882	1.0
674	2478	1.0
674	2249	1.0
674	774	1.0
674	2007	1.0
675	2021	1.0
675	2474	1.0
675	2255	1.0
675	1914	1.0
675	2111	1.0
675	1519	1.0
675	632	1.0
675	1963	1.0
675	1272	1.0
675	1674	1.0
675	2207	1.0
675	2516	1.0
675	2497	1.0
675	1438	1.0
675	2428	1.0
675	928	1.0
676	904	1.0
676	1215	1.0
676	768	1.0
676	468	1.0
676	103	1.0
677	2411	1.0
677	3323	1.0
677	1062	1.0
677	2696	1.0
678	853	1.0
678	205	1.0
678	1842	1.0
678	2802	1.0
678	321	1.0
678	3134	1.0
678	132	1.0
678	1833	1.0
678	738	1.0
678	1097	1.0
678	1443	1.0
678	274	1.0
678	298	1.0
678	1103	1.0
678	1843	1.0
678	1004	1.0
678	3283	1.0
678	789	1.0
678	1140	1.0
678	569	1.0
678	2216	1.0
678	917	1.0
678	2964	1.0
678	141	1.0
678	1835	1.0
678	869	1.0
678	1148	1.0
678	852	1.0
678	1436	1.0
678	2908	1.0
678	128	1.0
678	551	1.0
678	3265	1.0
678	479	1.0
678	883	1.0
678	309	1.0
678	1135	1.0
678	1086	1.0
679	2264	1.0
679	72	1.0
679	1620	1.0
679	534	1.0
679	1638	1.0
679	694	1.0
679	27	1.0
679	2059	1.0
679	2371	1.0
679	1778	1.0
679	2396	1.0
679	71	1.0
679	1193	1.0
679	201	1.0
679	2364	1.0
679	229	1.0
679	1673	1.0
679	1459	1.0
679	1319	1.0
679	1765	1.0
679	1596	1.0
679	812	1.0
679	718	1.0
679	1087	1.0
679	1174	1.0
679	2368	1.0
679	2367	1.0
679	1767	1.0
680	1157	1.0
680	510	1.0
680	1086	1.0
680	1585	1.0
680	1137	1.0
680	535	1.0
680	251	1.0
681	3080	1.0
681	2634	1.0
681	2667	1.0
681	247	1.0
681	3201	1.0
681	946	1.0
681	771	1.0
681	2668	1.0
681	2559	1.0
681	1423	1.0
681	3090	1.0
681	253	1.0
681	376	1.0
681	1541	1.0
681	2616	1.0
681	802	1.0
682	3025	1.0
682	2889	1.0
682	2991	1.0
682	2808	1.0
682	2381	1.0
683	2396	1.0
683	162	1.0
683	2251	1.0
683	2587	1.0
684	1741	1.0
684	2231	1.0
684	2084	1.0
684	1633	1.0
684	3301	1.0
684	2655	1.0
684	1821	1.0
684	3062	1.0
684	2759	1.0
684	764	1.0
684	1258	1.0
684	1322	1.0
684	182	1.0
684	1027	1.0
684	2380	1.0
684	2672	1.0
685	340	1.0
685	3005	1.0
685	757	1.0
685	586	1.0
685	832	1.0
686	1065	1.0
686	704	1.0
686	1472	1.0
686	1189	1.0
686	1438	1.0
686	877	1.0
686	1646	1.0
686	1252	1.0
687	2759	1.0
687	2684	1.0
687	2763	1.0
687	2576	1.0
688	24	1.0
688	958	1.0
688	304	1.0
688	748	1.0
688	779	1.0
688	100	1.0
688	185	1.0
688	1909	1.0
688	1569	1.0
688	1672	1.0
688	1809	1.0
688	1413	1.0
688	197	1.0
688	25	1.0
688	1861	1.0
688	597	1.0
688	298	1.0
688	1193	1.0
688	2147	1.0
688	1757	1.0
688	1562	1.0
688	634	1.0
688	1285	1.0
688	2482	1.0
688	2307	1.0
688	464	1.0
688	484	1.0
688	858	1.0
688	55	1.0
688	1730	1.0
688	2415	1.0
688	695	1.0
688	1178	1.0
688	2550	1.0
688	334	1.0
688	968	1.0
688	839	1.0
688	1702	1.0
688	1611	1.0
688	47	1.0
688	1920	1.0
688	426	1.0
688	1446	1.0
689	1388	1.0
689	570	1.0
689	1867	1.0
689	1076	1.0
689	537	1.0
689	2118	1.0
689	251	1.0
689	885	1.0
689	759	1.0
689	1868	1.0
689	1154	1.0
689	1078	1.0
689	2019	1.0
689	704	1.0
689	1083	1.0
689	44	1.0
689	1266	1.0
690	2010	1.0
690	1999	1.0
690	2348	1.0
690	2544	1.0
690	2640	1.0
691	1538	1.0
691	1625	1.0
691	2649	1.0
691	2398	1.0
691	2284	1.0
691	2082	1.0
692	1482	1.0
692	2188	1.0
692	2147	1.0
692	1533	1.0
692	961	1.0
692	1775	1.0
692	2073	1.0
693	3121	1.0
693	909	1.0
693	2899	1.0
693	1229	1.0
693	165	1.0
693	2804	1.0
693	177	1.0
693	2364	1.0
693	2780	1.0
693	3108	1.0
693	1110	1.0
693	665	1.0
694	1808	1.0
694	1429	1.0
694	1219	1.0
694	2510	1.0
694	1630	1.0
695	2478	1.0
695	1123	1.0
695	910	1.0
695	908	1.0
696	2299	1.0
696	2016	1.0
696	286	1.0
696	2275	1.0
696	2322	1.0
696	2033	1.0
696	1745	1.0
696	2334	1.0
696	2454	1.0
696	1676	1.0
696	2318	1.0
696	2174	1.0
697	422	1.0
697	1192	1.0
697	3278	1.0
697	585	1.0
697	768	1.0
697	407	1.0
697	2827	1.0
697	494	1.0
697	2510	1.0
697	1967	1.0
697	430	1.0
697	449	1.0
697	339	1.0
697	3320	1.0
697	946	1.0
697	2718	1.0
697	2855	1.0
697	227	1.0
697	1531	1.0
697	2264	1.0
697	3293	1.0
697	1373	1.0
697	2778	1.0
697	1389	1.0
697	1605	1.0
697	283	1.0
697	467	1.0
697	3294	1.0
697	460	1.0
697	1738	1.0
697	607	1.0
697	3264	1.0
697	2406	1.0
697	2084	1.0
697	3161	1.0
697	3263	1.0
697	3041	1.0
697	694	1.0
697	1360	1.0
697	3057	1.0
697	2030	1.0
697	2894	1.0
697	2430	1.0
697	226	1.0
697	2853	1.0
697	397	1.0
697	3024	1.0
697	3071	1.0
697	3070	1.0
697	2977	1.0
697	2368	1.0
697	3037	1.0
697	248	1.0
697	377	1.0
697	3226	1.0
697	2883	1.0
697	3318	1.0
697	2876	1.0
697	2447	1.0
697	2578	1.0
697	3313	1.0
697	161	1.0
697	2846	1.0
697	936	1.0
697	347	1.0
698	2071	1.0
698	1782	1.0
698	2074	1.0
698	1408	1.0
698	2054	1.0
698	3147	1.0
698	1018	1.0
698	1925	1.0
699	2334	1.0
699	578	1.0
699	495	1.0
699	1095	1.0
699	3018	1.0
699	807	1.0
699	965	1.0
699	518	1.0
699	401	1.0
699	2957	1.0
699	2471	1.0
700	490	1.0
700	1153	1.0
700	2548	1.0
700	2870	1.0
700	162	1.0
700	2728	1.0
701	1302	1.0
701	1790	1.0
701	1557	1.0
701	1871	1.0
701	1650	1.0
701	1728	1.0
701	1739	1.0
701	1580	1.0
702	421	1.0
702	3067	1.0
702	284	1.0
702	2924	1.0
702	2789	1.0
702	155	1.0
702	180	1.0
702	2800	1.0
702	1224	1.0
702	13	1.0
702	17	1.0
702	2804	1.0
702	2806	1.0
702	2967	1.0
702	1120	1.0
702	2944	1.0
702	2270	1.0
702	444	1.0
702	3012	1.0
702	2854	1.0
702	3104	1.0
702	626	1.0
702	1075	1.0
702	3097	1.0
702	3148	1.0
702	2798	1.0
702	959	1.0
702	165	1.0
702	1159	1.0
702	987	1.0
702	2993	1.0
702	3115	1.0
702	1101	1.0
702	3202	1.0
702	297	1.0
702	3036	1.0
702	2955	1.0
703	426	1.0
703	482	1.0
703	919	1.0
703	1436	1.0
704	1967	1.0
704	268	1.0
704	314	1.0
704	882	1.0
704	1553	1.0
704	2948	1.0
704	1427	1.0
704	1610	1.0
705	1753	1.0
705	3175	1.0
705	1143	1.0
705	1011	1.0
705	1195	1.0
705	2482	1.0
706	2864	1.0
706	605	1.0
706	807	1.0
706	2913	1.0
706	3154	1.0
707	834	1.0
707	2578	1.0
707	1137	1.0
707	2642	1.0
708	422	1.0
708	633	1.0
708	299	1.0
708	853	1.0
709	1572	1.0
709	1524	1.0
709	1491	1.0
709	1570	1.0
709	1532	1.0
709	2089	1.0
709	1560	1.0
709	2135	1.0
709	1571	1.0
709	1575	1.0
709	1950	1.0
709	1618	1.0
709	1838	1.0
709	1836	1.0
709	1966	1.0
709	1602	1.0
709	1814	1.0
709	1653	1.0
709	1787	1.0
709	2170	1.0
709	1882	1.0
709	1839	1.0
709	1730	1.0
709	1573	1.0
709	108	1.0
709	1576	1.0
709	1293	1.0
709	1531	1.0
709	1568	1.0
709	1569	1.0
709	1869	1.0
709	1521	1.0
709	1883	1.0
709	1505	1.0
709	1574	1.0
709	1539	1.0
709	1636	1.0
709	3240	1.0
709	1567	1.0
710	2701	1.0
710	1222	1.0
710	63	1.0
710	33	1.0
710	512	1.0
710	3023	1.0
711	1343	1.0
711	1171	1.0
711	397	1.0
711	611	1.0
711	541	1.0
711	2471	1.0
711	1251	1.0
711	2395	1.0
711	748	1.0
711	2631	1.0
711	304	1.0
711	2656	1.0
712	2767	1.0
712	2413	1.0
712	1502	1.0
712	2620	1.0
712	2278	1.0
