0	0	1
0	362	1
0	435	1
0	613	1
0	697	1
0	700	1
0	1191	1
0	1239	1
0	1846	1
1	0	1
1	148	1
1	325	1
1	483	1
1	500	1
1	561	1
1	644	1
1	660	1
1	666	1
1	666	1
1	667	1
1	710	1
1	862	1
1	984	1
1	1023	1
1	1166	1
1	1184	1
1	1216	1
1	1256	1
1	1329	1
1	1422	1
1	1423	1
1	1431	1
1	1435	1
1	1439	1
1	1470	1
1	1470	1
1	1515	1
1	1603	1
1	1628	1
1	1683	1
1	1714	1
1	1731	1
1	1740	1
1	1820	1
1	1913	1
1	2042	1
1	2050	1
1	2061	1
1	2114	1
1	2126	1
1	2193	1
1	2245	1
1	2287	1
1	2348	1
1	2368	1
1	2572	1
1	2756	1
1	2867	1
1	2870	1
1	2909	1
1	2995	1
1	3016	1
1	3033	1
1	3106	1
1	3114	1
1	3402	1
2	0	1
2	26	1
2	228	1
2	417	1
2	600	1
2	708	1
2	872	1
2	1140	1
2	1678	1
2	1928	1
2	2051	1
2	2345	1
2	2438	1
2	2507	1
2	3251	1
3	1	1
3	525	1
3	803	1
3	1114	1
3	2339	1
3	2569	1
3	2575	1
3	2683	1
3	2684	1
3	2994	1
3	3094	1
4	2	1
4	3	1
4	6	1
4	6	1
4	7	1
4	10	1
4	31	1
4	31	1
4	32	1
4	33	1
4	34	1
4	43	1
4	43	1
4	63	1
4	65	1
4	66	1
4	104	1
4	142	1
4	164	1
4	191	1
4	260	1
4	495	1
4	505	1
4	596	1
4	618	1
4	620	1
4	737	1
4	1756	1
4	2008	1
4	2358	1
4	2601	1
4	2904	1
4	3140	1
5	4	1
5	4	1
5	44	1
5	44	1
5	69	1
5	485	1
5	1668	1
5	1771	1
5	1773	1
5	1796	1
5	1872	1
5	3426	1
6	4	1
6	12	1
6	21	1
6	1283	1
6	1509	1
7	4	1
7	5	1
7	9	1
7	9	1
7	9	1
7	11	1
7	82	1
7	340	1
7	341	1
7	398	1
7	507	1
7	649	1
7	1373	1
7	1396	1
7	1451	1
7	2416	1
7	2432	1
7	3099	1
7	3262	1
8	7	1
8	49	1
8	58	1
8	49	1
8	58	1
8	89	1
8	119	1
8	170	1
8	170	1
8	185	1
8	227	1
8	233	1
8	464	1
8	486	1
8	581	1
8	581	1
8	584	1
8	590	1
8	687	1
8	704	1
8	715	1
8	741	1
8	774	1
8	797	1
8	906	1
8	954	1
8	1010	1
8	1023	1
8	1044	1
8	1130	1
8	1169	1
8	1334	1
8	1399	1
8	1399	1
8	1408	1
8	1450	1
8	1453	1
8	1515	1
8	1551	1
8	1605	1
8	1677	1
8	1706	1
8	1759	1
8	1791	1
8	1851	1
8	1905	1
8	1914	1
8	1954	1
8	2016	1
8	2120	1
8	2201	1
8	2288	1
8	2326	1
8	2423	1
8	2479	1
8	3087	1
8	3099	1
8	3278	1
8	3363	1
8	956	1
8	3481	1
9	7	1
9	39	1
9	71	1
9	72	1
9	189	1
9	270	1
9	282	1
9	706	1
9	1922	1
10	7	1
10	492	1
10	721	1
10	1055	1
10	1671	1
10	1910	1
10	2099	1
10	2147	1
10	2367	1
11	7	1
11	8	1
11	12	1
11	18	1
11	40	1
11	43	1
11	43	1
11	76	1
11	116	1
11	699	1
11	1292	1
11	1997	1
11	2185	1
11	3020	1
11	3324	1
11	2842	1
12	7	1
12	13	1
12	157	1
12	457	1
12	980	1
12	994	1
12	1050	1
12	1376	1
12	1725	1
12	2089	1
12	2234	1
12	2236	1
12	2235	1
12	2251	1
12	2279	1
12	2436	1
12	2503	1
12	2504	1
12	2505	1
12	3480	1
12	3262	1
13	8	1
13	401	1
13	1168	1
13	1218	1
13	1294	1
13	2840	1
13	3135	1
14	14	1
14	179	1
14	328	1
14	423	1
14	894	1
14	1096	1
14	1101	1
14	1102	1
14	1102	1
14	1884	1
15	15	1
15	87	1
15	239	1
15	249	1
15	442	1
15	443	1
15	658	1
15	1086	1
15	1176	1
15	1407	1
15	1497	1
15	1673	1
15	1988	1
15	2072	1
15	2273	1
15	2341	1
15	2728	1
15	2774	1
15	2896	1
15	3060	1
16	16	1
16	241	1
16	807	1
16	884	1
16	1037	1
16	2137	1
16	3323	1
16	3331	1
17	17	1
17	1553	1
17	1579	1
17	1588	1
17	1667	1
17	2369	1
17	2453	1
17	2624	1
17	3312	1
17	3314	1
18	19	1
18	59	1
18	59	1
18	463	1
18	1804	1
18	1882	1
18	1961	1
18	2146	1
18	2295	1
18	2374	1
18	2776	1
18	2869	1
18	3022	1
18	3081	1
18	3242	1
18	3325	1
18	3437	1
19	20	1
19	286	1
19	929	1
19	1136	1
19	1974	1
20	22	1
20	42	1
20	42	1
20	265	1
20	788	1
20	818	1
20	1313	1
20	1334	1
20	1360	1
20	2139	1
21	23	1
21	151	1
21	318	1
21	801	1
21	1750	1
21	2078	1
21	3286	1
22	24	1
22	74	1
22	88	1
22	131	1
22	138	1
22	204	1
22	266	1
22	291	1
22	458	1
22	549	1
22	633	1
22	709	1
22	719	1
22	762	1
22	763	1
22	770	1
22	775	1
22	776	1
22	819	1
22	864	1
22	942	1
22	1020	1
22	1085	1
22	1137	1
22	1238	1
22	1240	1
22	1323	1
22	1428	1
22	1479	1
22	1515	1
22	1532	1
22	1605	1
22	1623	1
22	1717	1
22	1815	1
22	1841	1
22	1857	1
22	1887	1
22	1936	1
22	1948	1
22	1980	1
22	2061	1
22	2162	1
22	2169	1
22	2225	1
22	2267	1
22	2304	1
22	2549	1
22	2551	1
22	2570	1
22	2828	1
22	3104	1
22	3256	1
22	3341	1
23	25	1
23	62	1
23	89	1
23	160	1
23	271	1
23	305	1
23	328	1
23	332	1
23	388	1
23	618	1
23	727	1
23	886	1
23	891	1
23	1761	1
23	2014	1
23	2187	1
23	2463	1
23	3115	1
23	3171	1
24	27	1
24	411	1
24	489	1
24	941	1
24	1146	1
24	2943	1
25	28	1
25	871	1
25	1476	1
25	1485	1
25	1527	1
25	1554	1
25	1754	1
25	2081	1
25	2291	1
25	2803	1
25	2879	1
25	3210	1
25	3326	1
26	29	1
26	41	1
26	41	1
26	103	1
26	192	1
26	536	1
26	833	1
26	1126	1
26	1183	1
26	1201	1
26	1333	1
26	1347	1
26	1350	1
26	1355	1
26	1534	1
26	1893	1
26	2063	1
26	2237	1
26	2424	1
26	3190	1
26	3413	1
27	30	1
27	51	1
27	51	1
27	382	1
27	530	1
27	682	1
28	32	1
28	188	1
28	381	1
28	468	1
28	885	1
28	926	1
28	974	1
28	1133	1
28	1186	1
28	3119	1
28	3122	1
29	34	1
29	126	1
29	195	1
29	263	1
29	351	1
29	1032	1
29	1273	1
29	2225	1
30	35	1
30	100	1
30	385	1
30	533	1
30	2142	1
30	2962	1
31	36	1
31	646	1
31	734	1
31	2677	1
31	3104	1
32	37	1
32	96	1
32	407	1
32	510	1
32	927	1
32	999	1
32	1011	1
32	1011	1
33	38	1
33	1500	1
33	2645	1
33	2749	1
33	2898	1
34	38	1
34	47	1
34	48	1
34	47	1
34	48	1
34	111	1
34	121	1
34	193	1
34	297	1
34	480	1
34	494	1
34	888	1
34	1246	1
34	1578	1
34	1803	1
34	2544	1
34	2560	1
34	2847	1
34	2863	1
34	2910	1
34	2920	1
34	2929	1
34	2936	1
34	2941	1
34	3019	1
34	3149	1
34	3245	1
35	45	1
35	45	1
35	600	1
35	2512	1
35	2520	1
36	46	1
36	46	1
36	540	1
36	547	1
36	881	1
36	3099	1
37	50	1
37	50	1
37	304	1
37	1430	1
37	2757	1
37	2770	1
37	2772	1
38	52	1
38	52	1
38	110	1
38	252	1
38	253	1
38	254	1
38	418	1
38	446	1
38	448	1
38	565	1
38	567	1
38	641	1
38	856	1
38	865	1
38	915	1
38	1084	1
38	1120	1
38	1258	1
38	1261	1
38	1343	1
38	1529	1
38	1627	1
38	1652	1
38	1909	1
38	1911	1
38	2129	1
38	2338	1
38	2423	1
38	2521	1
38	2521	1
38	2704	1
38	2715	1
38	2994	1
38	3010	1
38	3111	1
38	3174	1
38	3208	1
38	3272	1
39	53	1
39	53	1
39	86	1
39	86	1
39	92	1
39	541	1
39	915	1
39	1020	1
39	1124	1
39	1886	1
39	2406	1
39	2848	1
39	3104	1
39	3327	1
40	54	1
40	54	1
40	229	1
40	275	1
40	357	1
40	355	1
40	450	1
40	451	1
40	572	1
40	574	1
40	672	1
40	842	1
40	859	1
40	923	1
40	1120	1
40	1467	1
40	1551	1
40	1621	1
40	1663	1
40	1677	1
40	1767	1
40	1841	1
40	1921	1
40	1932	1
40	1940	1
40	2029	1
40	2115	1
40	2116	1
40	2498	1
40	2499	1
40	2509	1
40	2511	1
40	2527	1
40	2533	1
40	2539	1
40	2552	1
40	2570	1
40	2754	1
40	2787	1
40	2810	1
40	2877	1
40	3064	1
40	3099	1
40	3101	1
40	3131	1
40	3183	1
40	3278	1
40	3454	1
40	3478	1
41	54	1
41	54	1
41	520	1
41	603	1
41	1120	1
41	1616	1
41	1663	1
41	1737	1
41	1755	1
41	1769	1
41	1772	1
41	2071	1
41	2116	1
41	2323	1
41	2354	1
41	2417	1
41	2630	1
41	3438	1
41	3490	1
42	55	1
42	55	1
42	216	1
42	472	1
42	508	1
42	855	1
42	1310	1
42	1311	1
42	1312	1
42	1395	1
42	1443	1
42	1631	1
42	1889	1
42	2097	1
42	2347	1
42	2742	1
42	2768	1
42	2904	1
42	3014	1
42	3022	1
42	3031	1
42	3051	1
42	3129	1
42	2611	1
43	56	1
43	56	1
43	67	1
43	267	1
43	608	1
43	619	1
43	780	1
43	1048	1
43	1050	1
44	57	1
44	57	1
44	107	1
44	988	1
44	2003	1
45	60	1
45	60	1
45	384	1
45	396	1
45	454	1
45	1295	1
46	61	1
46	277	1
46	312	1
46	413	1
46	508	1
46	526	1
46	578	1
46	2753	1
47	64	1
47	247	1
47	373	1
47	1017	1
47	2316	1
48	68	1
48	68	1
48	256	1
48	527	1
48	700	1
48	731	1
48	1137	1
48	1590	1
48	1937	1
48	2166	1
49	70	1
49	107	1
49	128	1
49	392	1
49	444	1
49	576	1
49	586	1
49	1270	1
49	1397	1
49	2080	1
49	3329	1
49	3346	1
49	3358	1
49	3458	1
50	73	1
50	104	1
50	116	1
50	600	1
50	628	1
50	663	1
50	808	1
50	841	1
50	959	1
50	1081	1
50	1688	1
50	2429	1
51	75	1
51	84	1
51	113	1
51	214	1
51	217	1
51	344	1
51	419	1
51	634	1
51	1221	1
51	1308	1
51	1480	1
51	2053	1
51	2283	1
51	2361	1
51	3027	1
51	3291	1
52	77	1
52	971	1
52	2239	1
52	3030	1
52	3179	1
53	78	1
53	88	1
53	114	1
53	122	1
53	551	1
53	621	1
53	1147	1
53	1537	1
53	1604	1
53	1794	1
53	2356	1
53	2758	1
53	2784	1
53	2872	1
53	2952	1
54	79	1
54	139	1
54	230	1
54	1829	1
54	3304	1
55	80	1
55	365	1
55	843	1
55	2059	1
55	2035	1
56	81	1
56	307	1
56	618	1
56	636	1
56	637	1
56	671	1
56	676	1
56	859	1
56	1120	1
56	1454	1
56	1455	1
56	1463	1
56	1578	1
56	1920	1
56	2220	1
56	2222	1
56	2234	1
56	2263	1
56	2343	1
56	2344	1
56	2346	1
56	2385	1
56	2408	1
56	2412	1
56	2413	1
56	2414	1
56	2415	1
56	2418	1
56	2419	1
56	2420	1
56	2421	1
56	2422	1
56	2428	1
56	2436	1
56	2436	1
56	2437	1
56	2501	1
56	2502	1
56	2506	1
56	2510	1
56	2511	1
56	2514	1
56	2515	1
56	2517	1
56	2519	1
56	2522	1
56	2525	1
56	2523	1
56	2529	1
56	2528	1
56	2531	1
56	2532	1
56	2534	1
56	2535	1
56	2536	1
56	2537	1
56	2539	1
56	2542	1
56	2547	1
56	2551	1
56	2556	1
56	2558	1
56	2560	1
56	2565	1
56	2566	1
56	2567	1
56	2568	1
56	2637	1
56	2643	1
56	2695	1
56	2787	1
56	2794	1
56	2939	1
56	3041	1
56	3059	1
56	3077	1
56	3078	1
56	3097	1
56	3098	1
56	3100	1
56	3101	1
56	3102	1
56	3103	1
56	3131	1
56	3170	1
56	3195	1
56	3196	1
56	3197	1
56	3222	1
56	3263	1
56	112	1
56	3349	1
56	3384	1
56	3386	1
56	3408	1
56	3440	1
56	3451	1
56	2416	1
56	3452	1
56	3456	1
56	3457	1
56	3464	1
56	3479	1
56	3482	1
56	3487	1
57	83	1
57	743	1
57	823	1
57	851	1
57	990	1
57	2398	1
57	3334	1
58	85	1
58	756	1
58	883	1
58	1014	1
58	1046	1
58	1195	1
58	1202	1
58	2727	1
58	3120	1
59	86	1
59	411	1
59	440	1
59	471	1
59	613	1
59	619	1
60	86	1
60	149	1
60	628	1
60	2361	1
60	2624	1
60	2721	1
60	2843	1
60	2901	1
60	2915	1
60	2989	1
60	3079	1
60	3244	1
60	3309	1
61	87	1
61	655	1
61	1390	1
61	1444	1
61	1486	1
61	1841	1
61	2001	1
61	2076	1
61	2251	1
61	2817	1
61	2951	1
62	88	1
62	411	1
62	430	1
62	623	1
62	782	1
62	1111	1
62	1444	1
62	1541	1
62	1570	1
62	1677	1
62	1940	1
62	2096	1
62	2140	1
62	2487	1
62	2740	1
62	2799	1
62	3288	1
63	89	1
63	370	1
63	599	1
63	617	1
63	651	1
63	2676	1
63	651	1
64	90	1
64	130	1
64	164	1
64	231	1
64	306	1
64	310	1
64	1288	1
64	3316	1
65	91	1
65	99	1
65	107	1
65	109	1
65	152	1
65	191	1
65	308	1
65	355	1
65	367	1
65	464	1
65	499	1
65	584	1
65	610	1
65	611	1
65	647	1
65	667	1
65	672	1
65	687	1
65	707	1
65	710	1
65	715	1
65	756	1
65	768	1
65	771	1
65	797	1
65	900	1
65	901	1
65	910	1
65	918	1
65	938	1
65	986	1
65	998	1
65	1010	1
65	1048	1
65	1095	1
65	1117	1
65	1118	1
65	1119	1
65	1187	1
65	1198	1
65	1199	1
65	1411	1
65	1462	1
65	1465	1
65	1603	1
65	1616	1
65	1654	1
65	1685	1
65	1712	1
65	1744	1
65	1791	1
65	1805	1
65	1932	1
65	2028	1
65	2039	1
65	2075	1
65	2091	1
65	2102	1
65	2136	1
65	2198	1
65	2223	1
65	2340	1
65	2384	1
65	2394	1
65	2454	1
65	2495	1
65	2631	1
65	2860	1
65	3090	1
65	3253	1
65	3402	1
66	93	1
66	159	1
66	320	1
66	358	1
66	625	1
66	631	1
66	710	1
66	925	1
66	1159	1
66	1260	1
66	1367	1
66	1779	1
66	1780	1
66	1842	1
66	1955	1
66	1974	1
66	2716	1
66	2892	1
66	3287	1
66	3411	1
67	93	1
67	223	1
67	240	1
67	246	1
67	544	1
67	2800	1
67	2999	1
67	3045	1
67	3292	1
68	94	1
68	95	1
68	201	1
68	219	1
68	243	1
68	268	1
68	287	1
68	323	1
68	334	1
68	399	1
68	409	1
68	461	1
68	476	1
68	479	1
68	643	1
68	658	1
68	659	1
68	684	1
68	725	1
68	725	1
68	748	1
68	749	1
68	755	1
68	789	1
68	852	1
68	954	1
68	956	1
68	962	1
68	990	1
68	1000	1
68	1019	1
68	1038	1
68	1052	1
68	1064	1
68	1116	1
68	1178	1
68	1212	1
68	1213	1
68	1245	1
68	1251	1
68	1253	1
68	1281	1
68	1291	1
68	1299	1
68	1332	1
68	1364	1
68	1368	1
68	1388	1
68	1453	1
68	1468	1
68	1469	1
68	1493	1
68	1494	1
68	1507	1
68	1710	1
68	1790	1
68	1859	1
68	1926	1
68	1939	1
68	1961	1
68	1968	1
68	1991	1
68	2056	1
68	2073	1
68	2197	1
68	2305	1
68	2309	1
68	2359	1
68	2402	1
68	2426	1
68	2458	1
68	2478	1
68	2571	1
68	2583	1
68	2592	1
68	2596	1
68	2604	1
68	2628	1
68	2633	1
68	2687	1
68	2760	1
68	2814	1
68	2921	1
68	2930	1
68	3043	1
68	3113	1
68	3274	1
68	3276	1
68	3305	1
68	562	1
69	96	1
69	175	1
69	356	1
69	585	1
69	747	1
69	767	1
69	1281	1
69	2251	1
70	97	1
70	133	1
70	382	1
70	402	1
70	433	1
70	511	1
70	535	1
70	618	1
70	649	1
70	671	1
70	674	1
70	700	1
70	1171	1
70	1223	1
70	1305	1
70	1324	1
70	1429	1
70	1647	1
70	1707	1
70	1727	1
70	1816	1
70	2151	1
70	2468	1
70	2581	1
70	2769	1
70	2796	1
70	2934	1
70	2944	1
70	2977	1
70	2981	1
70	3002	1
70	3057	1
70	3114	1
70	3231	1
70	3245	1
70	2200	1
71	98	1
71	321	1
71	489	1
71	600	1
71	642	1
71	1141	1
71	1803	1
71	2725	1
71	3104	1
71	3110	1
72	99	1
72	137	1
72	141	1
72	167	1
72	274	1
72	639	1
72	958	1
72	1492	1
72	1562	1
72	1574	1
72	1675	1
72	1677	1
72	1678	1
72	1687	1
72	1704	1
72	1729	1
72	1734	1
72	1798	1
72	1830	1
72	1831	1
72	1838	1
72	1845	1
72	1940	1
72	1950	1
72	1956	1
72	1970	1
72	2001	1
72	2005	1
72	2008	1
72	2009	1
72	2024	1
72	2058	1
72	2250	1
72	2274	1
72	2297	1
72	2338	1
72	2400	1
72	2450	1
72	2670	1
72	3330	1
72	3429	1
73	101	1
73	312	1
73	343	1
73	363	1
73	818	1
73	1449	1
73	3013	1
74	102	1
74	110	1
74	225	1
74	430	1
74	449	1
74	831	1
74	1841	1
74	2023	1
74	2430	1
74	2718	1
74	2960	1
74	2190	1
75	102	1
75	288	1
75	456	1
75	556	1
75	592	1
75	718	1
75	760	1
75	828	1
75	992	1
75	1055	1
75	1106	1
75	1134	1
75	1163	1
75	1164	1
75	1192	1
75	1242	1
75	1358	1
75	1531	1
75	1695	1
75	1696	1
75	1893	1
75	2153	1
76	105	1
76	943	1
76	1338	1
76	1508	1
76	1632	1
76	1634	1
76	2156	1
77	106	1
77	190	1
77	1694	1
77	2264	1
77	2821	1
78	107	1
78	568	1
78	3359	1
78	3360	1
78	3362	1
79	107	1
79	931	1
79	1345	1
79	1399	1
79	1461	1
79	2985	1
79	2992	1
79	3062	1
79	3071	1
79	3113	1
79	3139	1
79	3213	1
79	3218	1
80	107	1
80	486	1
80	669	1
80	781	1
80	1227	1
81	107	1
81	1004	1
81	1274	1
81	1729	1
81	2318	1
81	3104	1
81	3176	1
81	3320	1
82	107	1
82	122	1
82	548	1
82	710	1
82	1841	1
82	1860	1
82	2339	1
83	107	1
83	685	1
83	1510	1
83	2298	1
83	3207	1
84	107	1
84	436	1
84	811	1
84	813	1
84	1438	1
84	1465	1
84	1539	1
84	1609	1
84	1678	1
84	1907	1
84	2663	1
84	3415	1
85	108	1
85	176	1
85	210	1
85	389	1
85	595	1
85	707	1
85	1486	1
85	2737	1
85	3271	1
86	107	1
86	113	1
86	115	1
86	1586	1
86	2988	1
87	107	1
87	467	1
87	607	1
87	645	1
87	838	1
87	1105	1
87	2099	1
87	2174	1
88	110	1
88	674	1
88	699	1
88	794	1
88	817	1
88	1523	1
88	1669	1
88	1841	1
88	2023	1
88	2110	1
88	2845	1
88	2924	1
88	3279	1
88	3319	1
89	112	1
89	559	1
89	676	1
89	1325	1
89	1520	1
89	1558	1
89	1726	1
89	2986	1
89	3384	1
89	3196	1
90	117	1
90	311	1
90	2440	1
90	3117	1
90	3175	1
90	3235	1
91	118	1
91	428	1
91	1834	1
91	2734	1
91	3044	1
91	3068	1
91	3216	1
91	3344	1
92	119	1
92	657	1
92	993	1
92	2784	1
92	3189	1
92	3238	1
92	3261	1
93	120	1
93	866	1
93	1247	1
93	1361	1
93	1362	1
93	1405	1
93	1675	1
93	1698	1
93	2031	1
93	2238	1
93	2339	1
93	2846	1
93	2891	1
93	3084	1
93	3093	1
93	3180	1
93	3268	1
94	123	1
94	1047	1
94	1128	1
94	1183	1
94	1249	1
94	1272	1
94	1316	1
94	1327	1
94	1499	1
94	1506	1
94	1653	1
94	1919	1
94	2157	1
94	2229	1
94	2271	1
94	2278	1
94	2476	1
94	2577	1
94	2646	1
94	2691	1
94	2709	1
94	2737	1
94	2855	1
94	2856	1
94	2857	1
94	2868	1
94	2879	1
94	2897	1
94	2897	1
94	2907	1
94	2980	1
94	3001	1
94	3004	1
94	3029	1
94	3046	1
94	3150	1
94	3210	1
95	124	1
95	303	1
95	1236	1
95	1448	1
95	2671	1
96	125	1
96	154	1
96	183	1
96	234	1
96	412	1
96	1414	1
96	1697	1
96	2883	1
97	127	1
97	163	1
97	168	1
97	185	1
97	200	1
97	215	1
97	978	1
97	1741	1
97	1965	1
97	2315	1
97	2362	1
97	2647	1
97	3025	1
98	129	1
98	236	1
98	917	1
98	1031	1
98	1572	1
98	1969	1
98	3133	1
99	132	1
99	205	1
99	741	1
99	1407	1
99	1597	1
99	1882	1
99	2341	1
99	2925	1
100	132	1
100	186	1
100	391	1
100	509	1
100	918	1
100	1241	1
100	1254	1
100	1497	1
100	1770	1
100	2023	1
100	2455	1
100	2457	1
100	2654	1
100	2657	1
100	2690	1
100	2713	1
101	134	1
101	262	1
101	1802	1
101	2169	1
101	2488	1
102	135	1
102	664	1
102	1018	1
102	1290	1
102	2089	1
102	2720	1
103	136	1
103	331	1
103	1441	1
103	2334	1
103	3116	1
103	3450	1
104	137	1
104	699	1
104	1552	1
104	2744	1
104	2893	1
105	137	1
105	209	1
105	1010	1
105	1180	1
105	1623	1
105	1643	1
105	1707	1
105	1848	1
105	1896	1
105	1906	1
105	1915	1
105	1950	1
105	1985	1
105	1989	1
105	2013	1
105	2030	1
105	2035	1
105	2035	1
105	2035	1
105	2039	1
105	2082	1
105	2105	1
105	2133	1
105	2164	1
105	2176	1
105	2199	1
105	2217	1
105	2247	1
105	2258	1
105	2290	1
105	2294	1
105	2299	1
105	2308	1
105	2326	1
105	2333	1
105	2403	1
105	2405	1
105	2443	1
105	2445	1
105	2459	1
105	2496	1
105	2574	1
105	2579	1
105	2584	1
105	2626	1
105	2656	1
105	2702	1
105	2707	1
105	2739	1
105	2741	1
105	2750	1
105	2785	1
105	2788	1
105	2807	1
105	2815	1
105	2818	1
105	2876	1
105	2889	1
105	2895	1
105	2927	1
105	2944	1
105	2974	1
105	2987	1
105	3063	1
105	3072	1
105	3074	1
105	3439	1
105	2200	1
106	140	1
106	465	1
106	953	1
106	1526	1
106	1751	1
106	1760	1
106	1833	1
106	1836	1
106	2456	1
106	2469	1
106	3228	1
106	3425	1
107	143	1
107	763	1
107	849	1
107	1060	1
107	1061	1
107	1181	1
107	3335	1
107	3345	1
107	3369	1
108	144	1
108	145	1
108	329	1
108	416	1
108	690	1
109	146	1
109	837	1
109	1443	1
109	1444	1
109	2145	1
110	147	1
110	185	1
110	434	1
110	547	1
110	1501	1
110	2117	1
110	2790	1
110	3201	1
110	3227	1
111	150	1
111	196	1
111	197	1
111	389	1
111	877	1
111	1008	1
111	3037	1
112	153	1
112	250	1
112	296	1
112	299	1
112	736	1
112	857	1
112	914	1
112	1219	1
112	1426	1
112	1544	1
112	2335	1
112	2404	1
112	2460	1
112	2827	1
112	2961	1
112	2964	1
113	155	1
113	648	1
113	710	1
113	921	1
113	928	1
114	156	1
114	238	1
114	1349	1
114	1351	1
114	1374	1
114	1406	1
114	1783	1
114	1795	1
114	3141	1
115	158	1
115	240	1
115	393	1
115	411	1
115	1336	1
115	1464	1
115	1841	1
115	1992	1
115	2251	1
115	3006	1
115	3261	1
115	2416	1
116	161	1
116	303	1
116	425	1
116	1020	1
116	1661	1
116	2447	1
116	2595	1
116	2605	1
116	2657	1
117	162	1
117	180	1
117	835	1
117	846	1
117	1444	1
117	1486	1
117	1570	1
117	3465	1
118	165	1
118	550	1
118	706	1
118	1080	1
118	1251	1
118	1417	1
118	1651	1
118	2246	1
118	2410	1
118	2462	1
118	2678	1
118	2711	1
118	3484	1
119	166	1
119	547	1
119	1373	1
119	2143	1
119	2206	1
120	167	1
120	452	1
120	795	1
120	1555	1
120	1624	1
120	1735	1
120	1765	1
120	2830	1
120	2838	1
121	169	1
121	517	1
121	1139	1
121	1620	1
121	2277	1
122	171	1
122	663	1
122	705	1
122	1465	1
122	2090	1
122	3044	1
122	3241	1
122	3247	1
122	3283	1
123	172	1
123	356	1
123	1386	1
123	1659	1
123	1676	1
123	1833	1
124	173	1
124	173	1
124	261	1
124	1045	1
124	1277	1
124	1511	1
124	1568	1
124	2144	1
125	174	1
125	312	1
125	462	1
125	498	1
125	546	1
125	785	1
125	2823	1
126	177	1
126	977	1
126	1025	1
126	1167	1
126	1193	1
126	1675	1
127	178	1
127	490	1
127	800	1
127	993	1
127	2881	1
127	2919	1
128	178	1
128	366	1
128	432	1
128	445	1
128	671	1
128	693	1
128	834	1
128	887	1
128	920	1
128	1073	1
128	1115	1
128	1123	1
128	1463	1
128	1806	1
128	3096	1
128	3121	1
128	3383	1
129	181	1
129	354	1
129	508	1
129	1007	1
129	1415	1
129	1863	1
129	2202	1
129	2330	1
129	2342	1
130	182	1
130	187	1
130	1137	1
130	1336	1
130	3053	1
130	3129	1
131	184	1
131	202	1
131	297	1
131	496	1
131	554	1
131	634	1
131	702	1
131	754	1
131	1750	1
131	1841	1
131	1899	1
131	2932	1
132	185	1
132	243	1
132	273	1
132	280	1
132	879	1
132	1170	1
132	1246	1
132	1901	1
132	2136	1
132	2171	1
132	2224	1
132	2246	1
132	2252	1
132	2312	1
132	2316	1
132	2325	1
132	2360	1
132	2387	1
132	2401	1
132	2405	1
132	2441	1
132	2442	1
132	2582	1
132	2608	1
132	2623	1
132	2634	1
132	2635	1
132	2680	1
132	2721	1
132	2865	1
132	2866	1
132	3163	1
132	3448	1
133	185	1
133	335	1
133	429	1
133	2698	1
133	3028	1
134	186	1
134	448	1
134	582	1
134	735	1
134	1201	1
134	1478	1
134	1735	1
134	2329	1
135	194	1
135	298	1
135	330	1
135	525	1
135	995	1
136	195	1
136	638	1
136	780	1
136	826	1
136	1298	1
136	1521	1
136	2513	1
136	2566	1
137	198	1
137	844	1
137	866	1
137	1379	1
137	1670	1
137	1678	1
137	2274	1
137	2367	1
137	2611	1
138	199	1
138	2380	1
138	2996	1
138	3056	1
138	3158	1
138	3162	1
138	3295	1
138	3315	1
139	199	1
139	1097	1
139	1129	1
139	1517	1
139	1538	1
139	2491	1
139	3185	1
140	202	1
140	279	1
140	543	1
140	2472	1
140	2561	1
140	3088	1
141	203	1
141	229	1
141	348	1
141	388	1
141	1146	1
141	1185	1
141	1377	1
141	1644	1
141	2111	1
141	2165	1
141	2275	1
141	2769	1
141	3149	1
142	206	1
142	642	1
142	694	1
142	916	1
142	1058	1
143	207	1
143	248	1
143	377	1
143	379	1
143	437	1
143	1375	1
143	1373	1
143	2699	1
143	3061	1
144	208	1
144	404	1
144	482	1
144	521	1
144	547	1
144	557	1
144	1348	1
144	1602	1
144	2449	1
144	2732	1
144	2880	1
144	2899	1
145	211	1
145	513	1
145	1298	1
145	2460	1
145	2477	1
145	3089	1
146	212	1
146	1183	1
146	1335	1
146	1373	1
146	1841	1
147	213	1
147	493	1
147	911	1
147	1059	1
147	1092	1
147	1188	1
147	1225	1
147	1473	1
147	2492	1
147	3401	1
148	214	1
148	232	1
148	469	1
148	741	1
148	1718	1
148	1744	1
148	1975	1
148	2050	1
148	2447	1
149	218	1
149	863	1
149	1415	1
149	1635	1
149	1727	1
149	2097	1
149	2220	1
149	2332	1
149	3467	1
150	218	1
150	289	1
150	359	1
150	614	1
150	614	1
151	220	1
151	371	1
151	395	1
151	924	1
151	1089	1
151	1228	1
151	1378	1
151	1504	1
151	1565	1
151	1641	1
151	1645	1
151	1657	1
151	1730	1
151	1821	1
151	1823	1
151	1824	1
151	1833	1
151	1840	1
151	1841	1
151	1850	1
151	2046	1
151	2123	1
151	2460	1
151	2610	1
151	2668	1
151	2736	1
151	2846	1
151	3048	1
151	3177	1
151	3203	1
151	3229	1
151	3302	1
152	220	1
152	356	1
152	779	1
152	1171	1
152	1232	1
152	1315	1
152	1389	1
152	1399	1
152	1419	1
152	1920	1
152	2010	1
152	3132	1
152	3445	1
152	2530	1
153	221	1
153	259	1
153	673	1
153	1077	1
153	1144	1
154	222	1
154	420	1
154	518	1
154	860	1
154	951	1
154	2318	1
155	224	1
155	1793	1
155	1801	1
155	2350	1
155	2875	1
155	2970	1
155	3194	1
156	226	1
156	283	1
156	353	1
156	394	1
156	414	1
156	447	1
156	492	1
156	706	1
156	741	1
156	1197	1
156	1252	1
156	1594	1
156	1743	1
156	2303	1
156	3214	1
156	3277	1
157	229	1
157	393	1
157	523	1
157	1010	1
157	1505	1
157	1604	1
157	2348	1
157	2468	1
157	2805	1
158	234	1
158	403	1
158	668	1
158	678	1
158	1458	1
158	2251	1
159	235	1
159	294	1
159	528	1
159	548	1
159	594	1
159	853	1
159	889	1
159	924	1
159	948	1
159	968	1
159	1029	1
159	1281	1
159	1420	1
159	1596	1
159	1878	1
159	2180	1
159	2367	1
159	2381	1
159	3416	1
160	237	1
160	1982	1
160	2997	1
160	3293	1
160	3486	1
161	241	1
161	1107	1
161	1145	1
161	1281	1
161	1304	1
161	2089	1
161	2280	1
161	2426	1
161	2811	1
161	2835	1
161	2836	1
161	2839	1
161	2853	1
161	2908	1
161	2940	1
161	2976	1
161	3055	1
161	3073	1
161	3187	1
161	3193	1
162	242	1
162	431	1
162	1183	1
162	1310	1
162	1352	1
162	1392	1
163	244	1
163	588	1
163	604	1
163	1210	1
163	2721	1
163	3189	1
163	3204	1
163	3211	1
164	245	1
164	624	1
164	629	1
164	678	1
164	753	1
164	958	1
164	3289	1
165	251	1
165	819	1
165	1686	1
165	1778	1
165	2722	1
166	255	1
166	531	1
166	1026	1
166	1271	1
166	1296	1
167	257	1
167	486	1
167	680	1
167	2166	1
167	2215	1
168	258	1
168	741	1
168	746	1
168	752	1
168	822	1
168	900	1
168	940	1
168	954	1
168	986	1
168	998	1
168	1005	1
168	1013	1
168	1056	1
168	1130	1
168	1190	1
168	1211	1
168	1212	1
168	1213	1
168	1223	1
168	1248	1
168	1252	1
168	1255	1
168	1267	1
168	1301	1
168	1302	1
168	1322	1
168	1323	1
168	1354	1
168	1381	1
168	1382	1
168	1515	1
168	1537	1
168	1582	1
168	1605	1
168	1611	1
168	1623	1
168	1677	1
168	1683	1
168	1707	1
168	1738	1
168	1749	1
168	1757	1
168	1768	1
168	1776	1
168	1783	1
168	1785	1
168	1791	1
168	1851	1
168	1877	1
168	1902	1
168	1904	1
168	1931	1
168	1940	1
168	1951	1
168	1955	1
168	1955	1
168	2017	1
168	2027	1
168	2033	1
168	2037	1
168	2040	1
168	2057	1
168	2068	1
168	2085	1
168	2087	1
168	2090	1
168	2112	1
168	2126	1
168	2161	1
168	2242	1
168	2425	1
168	2655	1
168	2930	1
168	2959	1
168	956	1
169	264	1
169	821	1
169	1872	1
169	1963	1
169	2069	1
169	2370	1
169	2464	1
169	2598	1
170	269	1
170	408	1
170	958	1
170	1183	1
170	1260	1
170	1336	1
170	1566	1
170	1612	1
170	2182	1
170	2188	1
170	2423	1
170	2683	1
170	2823	1
170	2971	1
170	3047	1
170	3290	1
170	3291	1
170	3309	1
171	270	1
171	326	1
171	686	1
171	1018	1
171	1111	1
171	1282	1
171	1421	1
171	1674	1
171	1728	1
171	2251	1
171	2266	1
171	2911	1
171	3178	1
172	270	1
172	410	1
172	600	1
172	691	1
172	728	1
172	1135	1
172	1352	1
172	1466	1
172	1669	1
172	1696	1
172	1873	1
172	1959	1
172	1967	1
172	2064	1
172	2088	1
172	2163	1
172	2339	1
172	3083	1
172	3152	1
173	272	1
173	422	1
173	963	1
173	1388	1
173	1722	1
173	2067	1
173	2113	1
173	2195	1
173	2255	1
173	2404	1
173	2819	1
173	2826	1
173	3168	1
173	3453	1
174	276	1
174	491	1
174	661	1
174	933	1
174	1112	1
174	1502	1
174	2664	1
175	278	1
175	1663	1
175	1678	1
175	1733	1
175	2058	1
175	100	1
175	3338	1
176	279	1
176	387	1
176	616	1
176	624	1
176	678	1
176	703	1
176	896	1
176	2065	1
176	2586	1
177	281	1
177	1020	1
177	1161	1
177	1675	1
177	2243	1
178	284	1
178	1053	1
178	1131	1
178	1206	1
178	1338	1
178	1626	1
178	1678	1
178	2359	1
178	3003	1
178	3156	1
179	285	1
179	383	1
179	566	1
179	716	1
179	1177	1
179	265	1
180	290	1
180	613	1
180	635	1
180	733	1
180	1410	1
181	292	1
181	317	1
181	415	1
181	814	1
181	815	1
181	827	1
182	293	1
182	368	1
182	764	1
182	1355	1
182	1563	1
182	3313	1
183	295	1
183	674	1
183	725	1
183	819	1
183	836	1
183	1726	1
183	1841	1
183	2008	1
183	2543	1
183	3157	1
183	3258	1
184	300	1
184	475	1
184	2553	1
184	2747	1
184	2990	1
184	3118	1
185	301	1
185	336	1
185	400	1
185	766	1
185	834	1
185	890	1
186	301	1
186	711	1
186	1003	1
186	1018	1
186	1669	1
186	1743	1
186	1966	1
186	2008	1
186	2339	1
186	2682	1
186	2685	1
186	3010	1
186	3058	1
187	302	1
187	670	1
187	677	1
187	683	1
187	970	1
187	1126	1
187	1228	1
187	1412	1
188	303	1
188	1259	1
188	2648	1
188	2719	1
188	2738	1
188	2773	1
188	3066	1
189	308	1
189	636	1
189	637	1
189	640	1
189	698	1
189	1604	1
189	1807	1
189	2502	1
189	2516	1
189	2524	1
189	2538	1
189	2562	1
189	2708	1
189	2874	1
189	2939	1
189	2993	1
189	3077	1
189	3173	1
189	3339	1
189	3350	1
189	3351	1
189	3364	1
189	3408	1
189	3420	1
189	3420	1
189	3443	1
189	3466	1
189	3483	1
189	3489	1
190	309	1
190	356	1
190	627	1
190	1142	1
190	1357	1
190	1444	1
190	2006	1
190	2937	1
190	3191	1
191	312	1
191	548	1
191	1393	1
191	1399	1
191	2395	1
191	2742	1
192	313	1
192	825	1
192	1100	1
192	1132	1
192	1229	1
192	1330	1
192	1334	1
192	1438	1
192	1545	1
192	1675	1
192	2015	1
192	2067	1
192	2214	1
192	2370	1
192	2762	1
192	2912	1
192	2976	1
192	3012	1
192	3085	1
192	3086	1
192	3088	1
192	3095	1
192	3157	1
192	3308	1
193	314	1
193	478	1
193	692	1
193	961	1
193	2755	1
193	3042	1
193	3372	1
193	3379	1
194	315	1
194	936	1
194	937	1
194	1416	1
194	2917	1
195	316	1
195	501	1
195	534	1
195	558	1
195	570	1
195	924	1
195	960	1
195	1278	1
195	1339	1
195	1355	1
195	1371	1
195	1399	1
195	1460	1
195	3148	1
195	3205	1
195	3225	1
195	3403	1
196	319	1
196	406	1
196	1659	1
196	1687	1
196	2012	1
197	322	1
197	1113	1
197	1126	1
197	1174	1
197	1208	1
197	1227	1
197	1474	1
197	1780	1
197	1828	1
197	2382	1
197	2492	1
197	2493	1
197	2736	1
197	3024	1
197	3109	1
198	324	1
198	430	1
198	1436	1
198	1491	1
198	2528	1
198	2530	1
199	326	1
199	378	1
199	871	1
199	1087	1
199	1121	1
199	1155	1
199	1158	1
199	1545	1
199	1748	1
199	1792	1
199	1983	1
199	2079	1
199	2216	1
199	2229	1
199	2241	1
199	3333	1
200	326	1
200	1368	1
200	1700	1
200	2058	1
200	2251	1
200	2597	1
200	2660	1
200	2712	1
200	2793	1
201	326	1
201	619	1
201	2314	1
201	2483	1
201	2758	1
202	326	1
202	1033	1
202	1535	1
202	1669	1
202	2352	1
202	3237	1
202	1304	1
202	3406	1
203	326	1
203	355	1
203	1065	1
203	2251	1
203	2557	1
203	3032	1
204	327	1
204	333	1
204	497	1
204	504	1
204	1260	1
204	1370	1
204	1399	1
204	1952	1
204	2160	1
205	331	1
205	1415	1
205	1782	1
205	2494	1
205	2638	1
205	3008	1
206	331	1
206	1729	1
206	2321	1
206	2834	1
206	2834	1
207	331	1
207	506	1
207	860	1
207	1219	1
207	2423	1
207	2470	1
207	2484	1
208	331	1
208	1781	1
208	1861	1
208	2510	1
208	2809	1
209	331	1
209	512	1
209	560	1
209	982	1
209	1057	1
209	1203	1
209	1457	1
209	1495	1
209	1615	1
209	1656	1
209	1715	1
209	1852	1
209	1918	1
209	1966	1
209	1974	1
209	2183	1
209	2379	1
209	2859	1
209	3462	1
210	334	1
210	874	1
210	1160	1
210	1285	1
210	1543	1
210	2665	1
211	337	1
211	1625	1
211	1745	1
211	1844	1
211	2619	1
212	338	1
212	361	1
212	378	1
212	1028	1
212	1279	1
212	1296	1
212	1569	1
213	339	1
213	615	1
213	905	1
213	918	1
213	2745	1
214	342	1
214	360	1
214	516	1
214	589	1
214	597	1
214	605	1
214	818	1
214	829	1
214	871	1
214	1132	1
214	1200	1
214	1286	1
214	1682	1
214	1774	1
214	1777	1
214	1787	1
214	1822	1
214	1917	1
214	1979	1
215	342	1
215	675	1
215	689	1
215	1153	1
215	2109	1
215	2563	1
215	2673	1
215	2914	1
215	3250	1
215	3328	1
215	3340	1
216	345	1
216	380	1
216	427	1
216	453	1
216	539	1
216	545	1
216	1034	1
216	1066	1
217	346	1
217	374	1
217	375	1
217	657	1
217	745	1
217	811	1
217	3264	1
218	347	1
218	487	1
218	654	1
218	1513	1
218	1949	1
219	347	1
219	383	1
219	761	1
219	1110	1
219	1250	1
219	1338	1
220	347	1
220	778	1
220	787	1
220	870	1
220	935	1
220	983	1
220	1418	1
220	1598	1
220	1599	1
220	1610	1
220	2019	1
220	3343	1
221	349	1
221	426	1
221	583	1
221	713	1
221	2672	1
222	350	1
222	1293	1
222	2092	1
222	2251	1
222	2399	1
222	2554	1
223	352	1
223	505	1
223	981	1
223	1020	1
223	1306	1
223	1614	1
223	1841	1
223	2041	1
223	2231	1
223	2474	1
223	3042	1
224	355	1
224	872	1
224	1297	1
224	2500	1
224	2543	1
225	354	1
225	699	1
225	777	1
225	1536	1
225	1841	1
225	2374	1
226	354	1
226	478	1
226	872	1
226	2541	1
226	2543	1
227	354	1
227	626	1
227	674	1
227	1138	1
227	1275	1
227	2034	1
227	2251	1
228	364	1
228	817	1
228	1650	1
228	3054	1
228	3212	1
229	365	1
229	569	1
229	3107	1
229	3202	1
229	3455	1
230	369	1
230	466	1
230	468	1
230	1355	1
230	1363	1
230	3143	1
230	3422	1
231	372	1
231	474	1
231	577	1
231	609	1
231	630	1
231	631	1
231	991	1
231	1289	1
231	1319	1
231	1400	1
231	1678	1
231	1702	1
231	1788	1
231	1799	1
231	1894	1
231	2177	1
231	2306	1
231	2328	1
231	2434	1
231	2953	1
232	376	1
232	965	1
232	1283	1
232	2134	1
232	2652	1
233	378	1
233	502	1
233	688	1
233	1158	1
233	1607	1
233	2801	1
233	2804	1
233	3052	1
233	3076	1
233	3126	1
233	3142	1
234	386	1
234	1136	1
234	1593	1
234	1622	1
234	2178	1
234	2302	1
234	2640	1
234	2882	1
234	2982	1
234	3310	1
234	3488	1
235	390	1
235	1571	1
235	1678	1
235	2240	1
235	2822	1
236	390	1
236	833	1
236	871	1
236	921	1
236	2010	1
237	397	1
237	542	1
237	602	1
237	656	1
237	3361	1
238	405	1
238	600	1
238	1183	1
238	1312	1
238	2339	1
238	2476	1
238	2746	1
238	2955	1
238	3026	1
238	3050	1
238	3083	1
238	3267	1
238	3298	1
239	411	1
239	699	1
239	1619	1
239	2614	1
239	2664	1
239	2696	1
239	2710	1
239	2775	1
239	2806	1
239	2808	1
239	2861	1
240	421	1
240	1217	1
240	1312	1
240	1617	1
240	1617	1
240	1680	1
240	2021	1
240	3419	1
241	424	1
241	878	1
241	915	1
241	919	1
241	957	1
241	1133	1
241	1151	1
241	1183	1
241	1853	1
241	1923	1
241	1947	1
241	2230	1
241	2314	1
241	2392	1
241	2393	1
241	2486	1
241	3005	1
241	3123	1
241	3396	1
241	3461	1
242	434	1
242	571	1
242	746	1
242	1436	1
242	1746	1
242	2409	1
242	3353	1
242	1005	1
243	438	1
243	858	1
243	868	1
243	964	1
243	1178	1
243	1311	1
243	1336	1
243	1592	1
243	1933	1
243	1944	1
243	2173	1
243	2446	1
243	2599	1
243	2693	1
244	439	1
244	1121	1
244	1242	1
244	2189	1
244	2998	1
244	3010	1
244	3300	1
245	441	1
245	1227	1
245	3038	1
245	3182	1
245	3317	1
246	455	1
246	765	1
246	786	1
246	944	1
246	1062	1
246	1091	1
246	1999	1
246	2011	1
246	2750	1
247	459	1
247	650	1
247	1082	1
247	1123	1
247	1387	1
247	1514	1
247	1812	1
247	1987	1
247	2070	1
247	2228	1
247	2900	1
248	460	1
248	519	1
248	897	1
248	2452	1
248	2783	1
249	466	1
249	805	1
249	1819	1
249	2026	1
249	2355	1
249	2357	1
249	2431	1
250	470	1
250	1121	1
250	1642	1
250	1733	1
250	1815	1
250	1841	1
250	1998	1
250	2008	1
250	2713	1
250	2724	1
250	2737	1
250	2771	1
250	2791	1
250	2792	1
250	2892	1
250	2945	1
250	2983	1
250	3032	1
251	473	1
251	490	1
251	652	1
251	1839	1
251	2216	1
252	477	1
252	791	1
252	1039	1
252	1069	1
252	1125	1
252	1179	1
252	1262	1
252	1484	1
252	1559	1
252	2048	1
252	2170	1
253	481	1
253	532	1
253	538	1
253	580	1
253	647	1
253	687	1
253	742	1
253	824	1
253	848	1
253	962	1
253	1013	1
253	1014	1
253	1078	1
253	1080	1
253	1090	1
253	1102	1
253	1102	1
253	1125	1
253	1152	1
253	1156	1
253	1190	1
253	1223	1
253	1248	1
253	1264	1
253	1276	1
253	1301	1
253	1305	1
253	1323	1
253	1326	1
253	1354	1
253	1415	1
253	1422	1
253	1433	1
253	1446	1
253	1468	1
253	1469	1
253	1507	1
253	1548	1
253	1557	1
253	1573	1
253	1628	1
253	1665	1
253	1678	1
253	1692	1
253	1693	1
253	1719	1
253	1752	1
253	1763	1
253	1783	1
253	1786	1
253	1791	1
253	1800	1
253	1828	1
253	1835	1
253	1843	1
253	1849	1
253	1865	1
253	1876	1
253	1892	1
253	1931	1
253	1968	1
253	1984	1
253	1996	1
253	2014	1
253	2071	1
253	2126	1
253	2154	1
253	2159	1
253	2196	1
253	2208	1
253	2277	1
253	2296	1
253	2389	1
253	2588	1
253	2636	1
253	2655	1
253	2655	1
253	2779	1
253	2931	1
253	2967	1
253	3074	1
254	484	1
254	871	1
254	871	1
254	876	1
254	987	1
254	1100	1
254	2235	1
254	2254	1
254	2546	1
254	2917	1
254	3092	1
255	486	1
255	503	1
255	649	1
255	746	1
255	752	1
255	773	1
255	848	1
255	869	1
255	1005	1
255	1013	1
255	1015	1
255	1024	1
255	1082	1
255	1156	1
255	1165	1
255	1165	1
255	1190	1
255	1195	1
255	1196	1
255	1207	1
255	1231	1
255	1233	1
255	1235	1
255	1301	1
255	1315	1
255	1322	1
255	1354	1
255	1398	1
255	1623	1
255	1636	1
255	1654	1
255	1677	1
255	1684	1
255	1763	1
255	1764	1
255	1768	1
255	1783	1
255	1864	1
255	1906	1
255	1930	1
255	1941	1
255	1942	1
255	1945	1
255	1989	1
255	2032	1
255	2053	1
255	2054	1
255	2060	1
255	2103	1
255	2116	1
255	2126	1
255	2136	1
255	2150	1
255	2200	1
255	2217	1
255	2223	1
255	2288	1
255	2292	1
255	2318	1
255	2333	1
255	2479	1
255	2480	1
255	2496	1
255	2871	1
255	3017	1
255	3043	1
255	3070	1
255	3134	1
255	3351	1
255	3391	1
255	3402	1
256	487	1
256	706	1
256	817	1
256	958	1
256	969	1
256	1098	1
256	1105	1
256	1106	1
256	1126	1
256	1182	1
256	1228	1
256	1243	1
256	1279	1
256	1281	1
256	1489	1
256	1856	1
256	1885	1
256	1927	1
256	1978	1
256	2024	1
256	2095	1
256	2253	1
256	2697	1
256	3114	1
256	3236	1
256	1423	1
257	488	1
257	1049	1
257	1148	1
257	1199	1
257	1637	1
257	3352	1
258	487	1
258	611	1
258	696	1
258	724	1
258	2423	1
259	506	1
259	507	1
259	632	1
259	799	1
259	817	1
259	827	1
259	873	1
259	966	1
259	1226	1
259	1234	1
259	1303	1
259	1366	1
259	1556	1
259	1601	1
259	1655	1
259	1693	1
259	1711	1
259	1820	1
259	1993	1
259	1996	1
259	2018	1
259	2585	1
259	2842	1
259	2858	1
259	2906	1
259	3395	1
259	3471	1
260	514	1
260	622	1
260	728	1
260	1162	1
260	1214	1
260	3080	1
260	3441	1
261	515	1
261	573	1
261	1149	1
261	1150	1
261	1163	1
261	2390	1
261	2964	1
262	517	1
262	695	1
262	712	1
262	1030	1
262	3390	1
263	517	1
263	699	1
263	2055	1
263	2336	1
263	3310	1
264	521	1
264	792	1
264	839	1
264	918	1
264	1009	1
264	1173	1
264	1908	1
264	2735	1
264	2864	1
264	2938	1
264	2979	1
265	522	1
265	700	1
265	863	1
265	882	1
265	1022	1
265	1039	1
265	1118	1
265	1119	1
265	1139	1
265	1230	1
265	1252	1
265	1302	1
265	1346	1
265	1434	1
265	1646	1
265	1720	1
265	1791	1
265	1903	1
266	524	1
266	913	1
266	1042	1
266	1257	1
266	2880	1
266	2991	1
266	3138	1
266	3254	1
267	525	1
267	1474	1
267	1519	1
267	1825	1
267	2095	1
267	2778	1
267	3412	1
267	1496	1
268	529	1
268	1083	1
268	1639	1
268	1648	1
268	1944	1
268	2813	1
269	537	1
269	1071	1
269	1154	1
269	1638	1
269	1640	1
269	1662	1
270	539	1
270	568	1
270	788	1
270	1205	1
270	1209	1
270	1425	1
270	1427	1
270	1664	1
270	1962	1
270	2007	1
270	3477	1
270	3485	1
271	542	1
271	875	1
271	912	1
271	921	1
271	1001	1
271	1143	1
272	547	1
272	556	1
272	1374	1
272	2345	1
272	2507	1
272	2541	1
272	3291	1
273	547	1
273	710	1
273	1385	1
273	2000	1
273	2237	1
273	2700	1
274	552	1
274	1309	1
274	1605	1
274	1629	1
274	1639	1
274	2956	1
274	3322	1
274	3342	1
274	3436	1
275	553	1
275	556	1
275	1270	1
275	1397	1
275	1477	1
275	1613	1
275	1742	1
275	2244	1
275	2603	1
275	2972	1
276	555	1
276	744	1
276	1150	1
276	1270	1
276	2600	1
276	3215	1
277	562	1
277	757	1
277	1307	1
277	1525	1
277	1712	1
277	1990	1
277	2044	1
278	563	1
278	1383	1
278	2021	1
278	2100	1
278	2281	1
278	2291	1
278	2759	1
278	2517	1
278	3459	1
279	564	1
279	1097	1
279	1222	1
279	1803	1
279	3233	1
280	568	1
280	703	1
280	717	1
280	1561	1
280	3366	1
280	933	1
280	3410	1
281	568	1
281	726	1
281	798	1
281	810	1
281	840	1
281	1043	1
281	1447	1
281	1482	1
281	1540	1
281	1581	1
281	1591	1
281	1742	1
281	1758	1
281	1929	1
281	2065	1
281	2282	1
281	2433	1
281	2650	1
281	3200	1
281	3394	1
281	3397	1
282	568	1
282	960	1
282	2066	1
282	2627	1
282	2862	1
283	573	1
283	1759	1
283	1841	1
283	2448	1
283	2576	1
283	3307	1
283	3356	1
283	1808	1
284	575	1
284	1384	1
284	1808	1
284	1827	1
284	2192	1
284	2209	1
284	3054	1
285	575	1
285	987	1
285	1456	1
285	3367	1
285	3409	1
286	577	1
286	723	1
286	796	1
286	1121	1
286	1173	1
286	1606	1
286	1658	1
286	1760	1
286	1763	1
286	1879	1
286	1890	1
286	2820	1
286	3040	1
287	577	1
287	1334	1
287	2717	1
287	3221	1
287	815	1
288	579	1
288	1356	1
288	1536	1
288	1635	1
288	1962	1
288	2127	1
288	2905	1
288	2977	1
288	3219	1
289	587	1
289	1109	1
289	1709	1
289	1888	1
289	2047	1
289	3198	1
289	3207	1
290	591	1
290	758	1
290	1123	1
290	1157	1
290	1721	1
291	593	1
291	1194	1
291	2963	1
291	3161	1
291	3473	1
292	598	1
292	819	1
292	1290	1
292	2363	1
292	2407	1
292	2497	1
292	2508	1
292	2624	1
292	2786	1
292	3312	1
293	601	1
293	665	1
293	935	1
293	2020	1
293	2155	1
293	2203	1
294	600	1
294	802	1
294	872	1
294	997	1
294	1081	1
294	1731	1
294	1911	1
294	2084	1
294	2097	1
294	2260	1
294	2327	1
295	600	1
295	732	1
295	847	1
295	1189	1
295	1475	1
295	1743	1
295	3049	1
295	3385	1
296	606	1
296	653	1
296	1732	1
296	1862	1
296	2249	1
296	2317	1
296	3374	1
297	612	1
297	1012	1
297	1040	1
297	1365	1
297	1646	1
297	1652	1
297	1675	1
297	1708	1
297	2001	1
297	2008	1
297	2686	1
297	2933	1
297	2951	1
297	2973	1
297	3146	1
297	3291	1
297	3430	1
298	622	1
298	1533	1
298	2272	1
298	2784	1
298	3247	1
298	3311	1
299	626	1
299	639	1
299	1750	1
299	1818	1
299	1870	1
299	1881	1
300	634	1
300	850	1
300	2320	1
300	3418	1
300	3427	1
301	654	1
301	1137	1
301	2322	1
301	2968	1
301	3108	1
301	3169	1
301	3354	1
301	576	1
301	3446	1
302	662	1
302	740	1
302	2119	1
302	2194	1
302	2285	1
302	2982	1
303	674	1
303	701	1
303	788	1
303	995	1
303	1487	1
304	679	1
304	722	1
304	730	1
304	738	1
304	769	1
304	783	1
304	903	1
304	908	1
304	1444	1
304	1576	1
304	1810	1
304	1809	1
304	2077	1
304	2076	1
305	681	1
305	710	1
305	832	1
305	2131	1
305	2256	1
305	2575	1
305	2923	1
305	2947	1
305	3034	1
306	693	1
306	1108	1
306	1300	1
306	1801	1
306	1826	1
306	2146	1
306	3294	1
307	695	1
307	816	1
307	1104	1
307	1656	1
307	2158	1
307	2391	1
307	2812	1
307	3105	1
307	3209	1
307	3336	1
307	444	1
307	3355	1
308	700	1
308	1424	1
308	1883	1
308	2777	1
308	2916	1
309	699	1
309	819	1
309	2396	1
309	2573	1
309	2580	1
309	3157	1
309	3273	1
310	699	1
310	1051	1
310	1320	1
310	2010	1
310	2926	1
310	3227	1
311	704	1
311	715	1
311	741	1
311	771	1
311	772	1
311	3278	1
312	710	1
312	960	1
312	1416	1
312	1583	1
312	1630	1
312	3137	1
312	3172	1
313	712	1
313	880	1
313	1015	1
313	1900	1
313	2928	1
313	3321	1
314	714	1
314	1275	1
314	1432	1
314	1837	1
314	2205	1
315	718	1
315	1893	1
315	2209	1
315	2435	1
315	2476	1
315	2852	1
315	2922	1
315	2949	1
315	3297	1
316	720	1
316	1598	1
316	1813	1
316	1895	1
316	2118	1
316	2121	1
316	2130	1
316	2148	1
316	2149	1
316	2351	1
317	723	1
317	2212	1
317	2262	1
317	2268	1
317	2301	1
317	2688	1
317	3435	1
318	729	1
318	1341	1
318	1736	1
318	2902	1
318	2918	1
319	729	1
319	932	1
319	958	1
319	964	1
319	1118	1
319	1165	1
319	1344	1
319	1897	1
319	2091	1
319	2423	1
319	2752	1
319	2866	1
319	2994	1
320	739	1
320	973	1
320	1376	1
320	1585	1
320	2658	1
320	2884	1
320	3011	1
320	3220	1
320	3260	1
321	741	1
321	899	1
321	1925	1
321	2761	1
321	3492	1
322	750	1
322	948	1
322	2251	1
322	2411	1
322	2913	1
323	751	1
323	952	1
323	1183	1
323	1575	1
323	1713	1
323	3090	1
324	752	1
324	759	1
324	768	1
324	848	1
324	938	1
324	1013	1
324	1015	1
324	1190	1
324	1265	1
324	1301	1
324	1302	1
324	1322	1
324	1323	1
324	1354	1
324	1382	1
324	1394	1
324	1677	1
324	1768	1
324	1898	1
324	1971	1
324	3151	1
325	763	1
325	922	1
325	1239	1
325	2887	1
325	3368	1
326	776	1
326	872	1
326	1315	1
326	2423	1
326	2580	1
327	784	1
327	877	1
327	1021	1
327	1266	1
327	1488	1
327	1766	1
327	1977	1
328	785	1
328	950	1
328	979	1
328	1614	1
328	3377	1
328	3424	1
329	790	1
329	1016	1
329	1035	1
329	1589	1
329	3165	1
330	793	1
330	1442	1
330	1483	1
330	1549	1
330	1789	1
330	1818	1
330	2049	1
330	2076	1
330	2093	1
330	2178	1
330	2210	1
330	2270	1
330	2353	1
330	2353	1
330	2587	1
330	2607	1
330	2615	1
330	2616	1
330	2618	1
330	2689	1
330	2729	1
330	2764	1
330	2766	1
330	2798	1
330	3035	1
331	804	1
331	949	1
331	1020	1
331	1437	1
331	2083	1
331	2289	1
331	3217	1
331	3381	1
331	3399	1
332	806	1
332	820	1
332	845	1
332	931	1
332	972	1
332	985	1
333	809	1
333	915	1
333	947	1
333	1415	1
333	1530	1
333	1550	1
333	1567	1
333	1866	1
333	1916	1
333	2052	1
333	2101	1
334	812	1
334	1724	1
334	2461	1
334	2694	1
334	2814	1
334	2844	1
334	2947	1
334	2957	1
334	2978	1
334	3036	1
334	3199	1
334	3223	1
334	3240	1
334	3247	1
334	3280	1
334	3291	1
335	830	1
335	1269	1
335	1678	1
335	2260	1
335	2314	1
335	2482	1
336	835	1
336	1340	1
336	2083	1
336	2726	1
336	2765	1
336	2824	1
337	854	1
337	1938	1
337	2259	1
337	2300	1
337	2894	1
337	2972	1
337	3080	1
337	3091	1
337	3231	1
337	3232	1
337	3428	1
338	861	1
338	1580	1
338	1649	1
338	2377	1
338	2594	1
338	2751	1
339	863	1
339	1263	1
339	1268	1
339	1404	1
339	2830	1
340	867	1
340	1336	1
340	1675	1
340	1705	1
340	2188	1
340	3023	1
340	3039	1
340	3112	1
341	869	1
341	1524	1
341	1528	1
341	1770	1
341	2578	1
341	3148	1
341	3347	1
341	760	1
341	3407	1
342	871	1
342	1075	1
342	1775	1
342	1811	1
342	3337	1
343	892	1
343	1020	1
343	1041	1
343	1067	1
343	1409	1
343	3130	1
344	893	1
344	1103	1
344	1809	1
344	2256	1
344	2364	1
344	2497	1
345	895	1
345	1004	1
345	2697	1
345	2948	1
345	3030	1
346	898	1
346	931	1
346	967	1
346	1373	1
346	1667	1
346	2365	1
347	902	1
347	946	1
347	2954	1
347	3069	1
347	3475	1
348	904	1
348	924	1
348	1027	1
348	1336	1
348	2045	1
348	2244	1
348	2878	1
349	907	1
349	2084	1
349	2248	1
349	2620	1
349	2621	1
349	2701	1
349	2771	1
349	2826	1
350	909	1
350	918	1
350	945	1
350	1317	1
350	1318	1
350	1516	1
350	2141	1
351	930	1
351	1912	1
351	3243	1
351	3404	1
351	3414	1
351	3463	1
352	934	1
352	979	1
352	3375	1
352	3376	1
352	3387	1
353	939	1
353	1402	1
353	2036	1
353	2386	1
353	2629	1
353	2642	1
353	2669	1
354	944	1
354	1689	1
354	2107	1
354	2218	1
354	2935	1
355	955	1
355	1175	1
355	1215	1
355	1342	1
355	1743	1
355	1750	1
355	2580	1
355	2911	1
356	957	1
356	1113	1
356	1127	1
356	1314	1
356	1391	1
356	1413	1
356	1595	1
356	1946	1
356	2743	1
356	3133	1
356	3400	1
357	958	1
357	1328	1
357	1335	1
357	1372	1
357	1399	1
357	1854	1
357	2466	1
357	3015	1
358	960	1
358	1052	1
358	2472	1
358	3007	1
358	3292	1
359	964	1
359	1172	1
359	1237	1
359	1308	1
359	2831	1
359	3255	1
359	3306	1
360	970	1
360	1050	1
360	1107	1
360	1716	1
360	1727	1
360	1847	1
360	1868	1
360	1972	1
360	1981	1
360	2219	1
360	2265	1
360	2412	1
360	2484	1
360	2489	1
360	2509	1
360	2510	1
360	2530	1
360	2538	1
360	2545	1
360	2547	1
360	2551	1
360	2550	1
360	2555	1
360	3147	1
361	975	1
361	1072	1
361	1122	1
361	1220	1
361	2235	1
362	976	1
362	2451	1
362	2464	1
362	2886	1
362	3136	1
363	983	1
363	1074	1
363	1369	1
363	1724	1
363	1832	1
364	989	1
364	2286	1
364	2632	1
364	3234	1
364	2015	1
365	993	1
365	1762	1
365	1796	1
365	2192	1
365	2304	1
365	2714	1
365	2733	1
365	2802	1
365	2994	1
365	3013	1
365	3164	1
365	3167	1
365	3230	1
365	3266	1
365	3270	1
365	3282	1
365	3292	1
366	995	1
366	1054	1
366	1219	1
366	3246	1
366	3468	1
367	996	1
367	2666	1
367	3084	1
367	3095	1
367	3144	1
368	1002	1
368	2108	1
368	2135	1
368	2851	1
368	2958	1
368	3065	1
368	3281	1
368	3388	1
369	1006	1
369	1063	1
369	1219	1
369	1244	1
369	1592	1
369	2464	1
369	2622	1
370	1020	1
370	1498	1
370	1547	1
370	1924	1
370	2022	1
370	2094	1
370	2168	1
370	2226	1
370	2427	1
370	2593	1
370	2644	1
370	2706	1
370	2731	1
370	2784	1
370	2975	1
370	3206	1
371	1020	1
371	1127	1
371	1359	1
371	1584	1
371	2268	1
371	2550	1
372	1020	1
372	1960	1
372	2227	1
372	3131	1
372	3166	1
373	1036	1
373	1784	1
373	1837	1
373	1867	1
373	1869	1
373	1924	1
373	3145	1
373	3444	1
374	1038	1
374	2175	1
374	2232	1
374	2316	1
374	2460	1
374	2797	1
375	1041	1
375	1270	1
375	1660	1
375	1976	1
375	2074	1
375	2191	1
375	3423	1
375	3431	1
376	1067	1
376	1472	1
376	1723	1
376	1934	1
376	1935	1
376	3000	1
376	3174	1
376	3236	1
376	3472	1
377	1068	1
377	1353	1
377	1376	1
377	1491	1
377	2181	1
378	1070	1
378	2518	1
378	2526	1
378	2535	1
378	3059	1
379	1076	1
379	1743	1
379	2097	1
379	2221	1
379	2550	1
379	2673	1
379	2789	1
379	2873	1
380	1079	1
380	1440	1
380	1451	1
380	1678	1
380	1817	1
380	2337	1
381	1088	1
381	1093	1
381	1481	1
381	770	1
381	3370	1
381	3371	1
382	1094	1
382	1099	1
382	1224	1
382	1490	1
382	1508	1
383	1097	1
383	1127	1
383	1546	1
383	2188	1
383	2467	1
383	2471	1
383	2529	1
383	2697	1
383	3284	1
383	3357	1
383	3476	1
384	1100	1
384	2371	1
384	2841	1
384	3067	1
384	3153	1
385	1106	1
385	1542	1
385	1858	1
385	1860	1
385	1922	1
385	3140	1
385	3154	1
385	3236	1
385	3259	1
385	3154	1
386	1107	1
386	2261	1
386	2736	1
386	3009	1
386	321	1
387	1183	1
387	1337	1
387	1518	1
387	2122	1
387	2211	1
387	2373	1
388	1203	1
388	1675	1
388	1679	1
388	1871	1
388	2144	1
388	3378	1
389	1204	1
389	1496	1
389	1519	1
389	1609	1
389	1915	1
389	1953	1
389	2204	1
389	2333	1
390	1265	1
390	1570	1
390	1684	1
390	1685	1
390	1691	1
390	1739	1
390	1747	1
390	1786	1
390	1849	1
390	1986	1
390	1986	1
390	1994	1
390	1996	1
390	2014	1
390	2039	1
390	2050	1
390	2091	1
390	2091	1
390	2098	1
390	2125	1
390	2152	1
390	2184	1
390	2190	1
390	2308	1
390	2311	1
390	2319	1
390	2870	1
391	1280	1
391	1626	1
391	1681	1
391	2051	1
391	2106	1
391	2749	1
391	2825	1
391	3124	1
392	1281	1
392	1284	1
392	1618	1
392	1943	1
392	2890	1
392	2942	1
392	2966	1
393	1287	1
393	1321	1
393	1366	1
393	2674	1
393	1224	1
394	1306	1
394	3248	1
394	3249	1
394	3269	1
394	3285	1
395	1310	1
395	1374	1
395	1477	1
395	1544	1
395	2602	1
395	2902	1
395	3220	1
396	1331	1
396	1686	1
396	2001	1
396	2609	1
396	2951	1
397	1336	1
397	1503	1
397	1837	1
397	2167	1
397	2854	1
397	2963	1
397	3018	1
398	1338	1
398	3021	1
398	3332	1
398	3380	1
398	3398	1
399	1341	1
399	1373	1
399	1397	1
399	1401	1
399	1452	1
399	1491	1
399	1564	1
399	1681	1
399	1874	1
399	2029	1
399	2128	1
399	2213	1
399	2361	1
399	2481	1
399	2485	1
399	2591	1
399	2662	1
399	2781	1
399	2902	1
399	2946	1
399	380	1
399	3373	1
399	3421	1
399	3432	1
399	3447	1
399	3449	1
399	3460	1
400	1373	1
400	2331	1
400	2509	1
400	2523	1
400	2540	1
400	2548	1
400	2570	1
400	3364	1
400	3392	1
401	1380	1
401	1512	1
401	1814	1
401	1911	1
401	2025	1
401	2588	1
401	2763	1
401	2780	1
401	3184	1
402	1383	1
402	1424	1
402	2465	1
402	3249	1
402	3248	1
402	3269	1
403	1399	1
403	1401	1
403	2324	1
403	2653	1
403	3252	1
404	1399	1
404	1855	1
404	1996	1
404	2262	1
404	3417	1
405	1403	1
405	1690	1
405	1862	1
405	2122	1
405	2444	1
405	2679	1
405	2782	1
405	2885	1
405	3265	1
405	3469	1
406	1407	1
406	1458	1
406	1459	1
406	1587	1
406	1703	1
406	2043	1
406	2172	1
406	2341	1
406	3299	1
407	1416	1
407	1740	1
407	1880	1
407	1891	1
407	1995	1
407	2833	1
408	1445	1
408	2186	1
408	2310	1
408	2625	1
408	2762	1
408	2850	1
408	2984	1
408	3159	1
408	3160	1
408	3186	1
409	1465	1
409	1524	1
409	1560	1
409	1911	1
409	2307	1
409	2439	1
409	2606	1
410	1471	1
410	2366	1
410	2832	1
410	2888	1
410	3365	1
411	1522	1
411	1600	1
411	1608	1
411	1827	1
411	1984	1
412	1525	1
412	1753	1
412	1753	1
412	2038	1
412	2641	1
412	2651	1
412	2954	1
412	3188	1
412	3192	1
413	1536	1
413	1875	1
413	2002	1
413	2124	1
413	2207	1
413	2293	1
413	2375	1
413	2376	1
413	2397	1
413	2490	1
413	2612	1
413	2613	1
413	2616	1
413	2617	1
413	2659	1
413	2681	1
413	2688	1
413	2730	1
413	3382	1
414	1577	1
414	2996	1
414	3056	1
414	3224	1
414	3275	1
414	3389	1
415	1633	1
415	1957	1
415	2179	1
415	2388	1
415	2473	1
415	2488	1
415	2661	1
415	3075	1
415	3393	1
415	3433	1
415	3434	1
415	3442	1
416	1666	1
416	1701	1
416	1964	1
416	2461	1
416	2829	1
416	2837	1
416	3199	1
417	1672	1
417	1973	1
417	2257	1
417	2475	1
417	2759	1
418	1699	1
418	2004	1
418	2038	1
418	2076	1
418	2106	1
418	2284	1
418	2383	1
418	2590	1
418	2641	1
418	2649	1
418	2659	1
418	2703	1
418	2722	1
418	2748	1
418	2766	1
418	2767	1
418	2816	1
418	3348	1
419	1774	1
419	1958	1
419	2313	1
419	2589	1
419	2675	1
419	3082	1
420	1797	1
420	2086	1
420	2138	1
420	2191	1
420	3303	1
421	1809	1
421	2233	1
421	2253	1
421	2345	1
421	2507	1
421	2903	1
421	3155	1
421	3470	1
421	3474	1
421	3491	1
422	1950	1
422	2338	1
422	2339	1
422	2489	1
422	2969	1
423	2062	1
423	2269	1
423	2372	1
423	2507	1
423	2795	1
423	3135	1
424	2097	1
424	2423	1
424	2849	1
424	2950	1
424	3127	1
424	3318	1
425	2104	1
425	3034	1
425	3034	1
425	3181	1
425	3301	1
426	2132	1
426	2188	1
426	2400	1
426	2965	1
426	3226	1
427	2259	1
427	2349	1
427	2667	1
427	3104	1
427	3125	1
428	2276	1
428	2559	1
428	2564	1
428	2563	1
428	3096	1
428	3262	1
429	2378	1
429	3015	1
429	3022	1
429	3296	1
429	3405	1
430	2639	1
430	2692	1
430	2705	1
430	2723	1
430	3236	1
431	3128	1
431	3199	1
431	3239	1
431	3257	1
431	2703	1
