0	1314	1
0	1466	1
0	1496	1
0	1498	1
0	1604	1
0	1664	1
0	1675	1
0	1728	1
0	1750	1
0	1756	1
1	324	1
1	324	1
1	1184	1
1	1274	1
1	1378	1
1	1712	1
1	1777	1
1	1779	1
2	329	1
2	354	1
2	376	1
2	329	1
2	354	1
2	376	1
2	1179	1
2	1466	1
2	1545	1
2	1601	1
2	1666	1
2	1675	1
2	1687	1
2	1698	1
2	1713	1
2	1753	1
2	1828	1
2	1832	1
2	723	1
3	8	1
3	152	1
3	221	1
3	221	1
3	246	1
3	256	1
3	256	1
3	260	1
3	303	1
3	423	1
3	459	1
3	505	1
3	617	1
3	680	1
3	703	1
3	718	1
3	763	1
3	221	1
3	221	1
3	246	1
3	256	1
3	256	1
3	260	1
3	303	1
3	423	1
3	459	1
3	505	1
3	617	1
3	680	1
3	703	1
3	718	1
3	763	1
3	924	1
3	945	1
3	946	1
3	961	1
3	993	1
3	997	1
3	1021	1
3	1025	1
3	1047	1
3	1048	1
3	1321	1
3	1341	1
3	1342	1
3	1344	1
3	1374	1
3	1393	1
3	1404	1
3	1424	1
3	1425	1
3	1545	1
3	1675	1
3	1713	1
3	1757	1
3	1811	1
3	2180	1
3	2266	1
3	2270	1
3	2277	1
3	113	1
3	130	1
3	2312	1
3	2318	1
3	2327	1
3	2361	1
3	2365	1
3	2366	1
3	2385	1
3	2393	1
3	2411	1
3	2412	1
3	2420	1
3	2429	1
3	2430	1
3	494	1
3	2439	1
3	2445	1
3	2448	1
3	2453	1
3	558	1
3	2464	1
3	2466	1
3	593	1
3	2474	1
3	2516	1
3	2518	1
3	2521	1
3	707	1
3	710	1
3	2541	1
3	2548	1
3	2549	1
3	2550	1
3	2552	1
3	800	1
3	2570	1
3	803	1
3	2601	1
3	2614	1
3	2615	1
3	2618	1
3	2624	1
3	2629	1
3	1206	1
3	1208	1
3	1403	1
3	2800	1
4	1	1
4	2	1
4	3	1
4	2126	1
4	2212	1
4	2227	1
4	2249	1
5	309	1
5	570	1
5	309	1
5	570	1
5	1052	1
5	1215	1
5	1232	1
5	1433	1
5	1990	1
6	3	1
6	441	1
6	782	1
6	441	1
6	782	1
6	990	1
6	1016	1
7	1101	1
7	1112	1
7	1489	1
7	1517	1
7	1552	1
7	1690	1
8	506	1
8	623	1
8	634	1
8	692	1
8	506	1
8	623	1
8	634	1
8	692	1
8	1173	1
8	1212	1
8	1409	1
8	1457	1
8	1495	1
8	2115	1
9	1029	1
9	1097	1
9	1501	1
9	1573	1
9	1752	1
10	32	1
10	33	1
10	34	1
10	189	1
10	573	1
10	613	1
10	780	1
10	189	1
10	573	1
10	613	1
10	780	1
10	1076	1
10	1325	1
10	1508	1
10	1953	1
10	1954	1
10	1955	1
10	1956	1
10	1957	1
10	1958	1
10	1959	1
10	1961	1
10	1978	1
10	2011	1
10	2362	1
10	2533	1
10	2563	1
10	2568	1
10	2634	1
10	1960	1
11	809	1
11	2071	1
11	2443	1
11	2684	1
11	2734	1
11	2759	1
12	227	1
12	792	1
12	227	1
12	792	1
12	801	1
12	1166	1
12	1227	1
13	348	1
13	500	1
13	348	1
13	500	1
13	1057	1
13	2056	1
13	2063	1
13	2423	1
13	2765	1
14	403	1
14	464	1
14	403	1
14	464	1
14	887	1
14	888	1
14	1561	1
15	30	1
15	1001	1
15	1081	1
15	1733	1
15	2095	1
15	2403	1
16	1280	1
16	1384	1
16	1467	1
16	1658	1
16	1824	1
16	1885	1
16	1940	1
16	2015	1
17	296	1
17	782	1
17	296	1
17	782	1
17	1147	1
17	2027	1
17	2131	1
17	2137	1
18	163	1
18	614	1
18	614	1
18	2098	1
18	2233	1
19	164	1
19	200	1
19	310	1
19	353	1
19	370	1
19	411	1
19	425	1
19	476	1
19	533	1
19	690	1
19	720	1
19	164	1
19	200	1
19	310	1
19	353	1
19	370	1
19	411	1
19	425	1
19	476	1
19	533	1
19	690	1
19	720	1
19	1182	1
19	1227	1
19	1229	1
19	1229	1
19	1255	1
19	1396	1
19	1601	1
19	1641	1
19	2388	1
19	2422	1
19	1199	1
20	1203	1
20	1297	1
20	1444	1
20	1507	1
20	1584	1
20	1982	1
20	2050	1
20	2070	1
21	1138	1
21	1470	1
21	1477	1
21	1539	1
21	1969	1
21	2065	1
21	2220	1
22	782	1
22	782	1
22	929	1
22	1103	1
22	1154	1
23	447	1
23	447	1
23	935	1
23	944	1
23	1077	1
24	731	1
24	731	1
24	2372	1
24	2522	1
24	2524	1
25	899	1
25	1060	1
25	1497	1
25	1928	1
25	2069	1
25	805	1
26	244	1
26	473	1
26	474	1
26	244	1
26	473	1
26	474	1
26	1075	1
26	1641	1
26	2235	1
26	2352	1
27	440	1
27	442	1
27	443	1
27	440	1
27	442	1
27	443	1
28	1079	1
28	1601	1
28	1637	1
28	1809	1
28	1810	1
28	1840	1
28	1860	1
28	1895	1
29	119	1
29	788	1
29	788	1
29	1808	1
29	2717	1
30	666	1
30	721	1
30	666	1
30	721	1
30	818	1
30	822	1
30	1392	1
31	739	1
31	739	1
31	2539	1
31	2630	1
31	2669	1
32	2	1
32	86	1
32	144	1
32	157	1
32	294	1
32	383	1
32	294	1
32	383	1
32	859	1
32	868	1
32	936	1
32	939	1
32	940	1
32	990	1
32	1018	1
32	1024	1
32	1073	1
32	1079	1
32	1110	1
32	1120	1
32	1136	1
32	1290	1
32	1312	1
32	1321	1
32	1327	1
32	1369	1
32	1395	1
32	1523	1
32	1553	1
32	2316	1
33	1306	1
33	1383	1
33	1514	1
33	1705	1
33	1771	1
33	1787	1
33	1852	1
33	1973	1
33	1980	1
33	2054	1
33	2066	1
33	2148	1
34	46	1
34	762	1
34	762	1
34	799	1
34	1748	1
34	2119	1
35	10	1
35	562	1
35	608	1
35	647	1
35	677	1
35	562	1
35	608	1
35	647	1
35	677	1
35	1065	1
35	1140	1
35	1177	1
35	1281	1
35	1311	1
36	135	1
36	264	1
36	414	1
36	456	1
36	553	1
36	648	1
36	264	1
36	414	1
36	456	1
36	553	1
36	648	1
36	804	1
36	1206	1
37	484	1
37	484	1
37	997	1
37	1219	1
37	1574	1
38	28	1
38	94	1
38	178	1
38	178	1
38	1063	1
38	1762	1
38	1915	1
38	2370	1
38	1645	1
39	745	1
39	745	1
39	889	1
39	922	1
39	1267	1
40	616	1
40	616	1
40	819	1
40	937	1
40	938	1
40	1270	1
40	1357	1
40	1358	1
40	1401	1
40	1405	1
40	1441	1
40	1466	1
40	1495	1
40	1684	1
40	1796	1
41	96	1
41	388	1
41	388	1
41	1225	1
41	1262	1
41	1265	1
41	1311	1
41	1935	1
41	2036	1
42	1982	1
42	2006	1
42	2067	1
42	2128	1
42	2250	1
42	2646	1
42	1929	1
43	281	1
43	314	1
43	632	1
43	659	1
43	281	1
43	314	1
43	632	1
43	659	1
43	821	1
43	892	1
43	906	1
43	920	1
43	1019	1
43	1051	1
43	1072	1
43	1090	1
43	1103	1
44	116	1
44	123	1
44	151	1
44	333	1
44	398	1
44	570	1
44	702	1
44	333	1
44	398	1
44	570	1
44	702	1
44	978	1
44	1095	1
44	1095	1
44	1635	1
44	2369	1
44	2377	1
44	2538	1
45	98	1
45	504	1
45	665	1
45	504	1
45	665	1
45	1042	1
45	1460	1
45	1562	1
45	1641	1
46	350	1
46	652	1
46	350	1
46	652	1
46	1490	1
46	1601	1
47	851	1
47	1138	1
47	1304	1
47	1368	1
47	1470	1
47	1898	1
47	1902	1
48	396	1
48	596	1
48	396	1
48	596	1
48	2664	1
49	10	1
49	1065	1
49	1067	1
49	2303	1
49	2305	1
49	1066	1
50	232	1
50	461	1
50	232	1
50	461	1
50	1456	1
50	1505	1
51	35	1
51	470	1
51	524	1
51	470	1
51	524	1
51	1389	1
51	1443	1
51	1470	1
51	1475	1
51	1502	1
52	1229	1
52	1502	1
52	1631	1
52	2104	1
52	2161	1
52	2171	1
52	2172	1
52	164	1
52	2311	1
52	2314	1
52	2328	1
52	2652	1
52	2663	1
52	2698	1
53	1	1
53	1	1
53	23	1
53	25	1
53	48	1
53	48	1
53	63	1
53	107	1
53	139	1
53	150	1
53	156	1
53	157	1
53	160	1
53	177	1
53	184	1
53	199	1
53	203	1
53	206	1
53	231	1
53	251	1
53	251	1
53	257	1
53	263	1
53	269	1
53	345	1
53	349	1
53	351	1
53	354	1
53	372	1
53	374	1
53	377	1
53	428	1
53	479	1
53	489	1
53	505	1
53	506	1
53	506	1
53	506	1
53	506	1
53	531	1
53	544	1
53	544	1
53	552	1
53	559	1
53	560	1
53	560	1
53	575	1
53	575	1
53	578	1
53	581	1
53	570	1
53	608	1
53	611	1
53	614	1
53	619	1
53	621	1
53	643	1
53	651	1
53	656	1
53	656	1
53	660	1
53	668	1
53	670	1
53	675	1
53	692	1
53	699	1
53	706	1
53	709	1
53	726	1
53	737	1
53	740	1
53	743	1
53	747	1
53	755	1
53	757	1
53	765	1
53	765	1
53	790	1
53	791	1
53	177	1
53	184	1
53	199	1
53	203	1
53	206	1
53	231	1
53	251	1
53	251	1
53	257	1
53	263	1
53	269	1
53	345	1
53	349	1
53	351	1
53	354	1
53	372	1
53	374	1
53	377	1
53	428	1
53	479	1
53	489	1
53	505	1
53	506	1
53	506	1
53	506	1
53	506	1
53	531	1
53	544	1
53	544	1
53	552	1
53	559	1
53	560	1
53	560	1
53	575	1
53	575	1
53	578	1
53	581	1
53	570	1
53	608	1
53	611	1
53	614	1
53	619	1
53	621	1
53	643	1
53	651	1
53	656	1
53	656	1
53	660	1
53	668	1
53	670	1
53	675	1
53	692	1
53	699	1
53	706	1
53	709	1
53	726	1
53	737	1
53	740	1
53	743	1
53	747	1
53	755	1
53	757	1
53	765	1
53	765	1
53	790	1
53	791	1
53	807	1
53	808	1
53	814	1
53	815	1
53	818	1
53	818	1
53	822	1
53	839	1
53	852	1
53	861	1
53	865	1
53	866	1
53	869	1
53	876	1
53	882	1
53	883	1
53	890	1
53	891	1
53	892	1
53	893	1
53	896	1
53	897	1
53	900	1
53	904	1
53	906	1
53	907	1
53	909	1
53	910	1
53	910	1
53	911	1
53	912	1
53	918	1
53	919	1
53	920	1
53	920	1
53	924	1
53	929	1
53	936	1
53	965	1
53	995	1
53	1001	1
53	1003	1
53	1005	1
53	1005	1
53	1006	1
53	1023	1
53	1024	1
53	1029	1
53	1029	1
53	1030	1
53	1034	1
53	1040	1
53	1040	1
53	1041	1
53	1043	1
53	1059	1
53	1059	1
53	1061	1
53	1070	1
53	1070	1
53	1072	1
53	1084	1
53	1085	1
53	1086	1
53	1090	1
53	1098	1
53	1102	1
53	1103	1
53	1104	1
53	1111	1
53	1122	1
53	1123	1
53	1123	1
53	1134	1
53	1135	1
53	1141	1
53	1141	1
53	1149	1
53	1150	1
53	1151	1
53	1151	1
53	1164	1
53	1166	1
53	1170	1
53	1178	1
53	1179	1
53	1179	1
53	1186	1
53	1190	1
53	1193	1
53	1193	1
53	1193	1
53	1196	1
53	1197	1
53	1200	1
53	1211	1
53	1216	1
53	1221	1
53	1222	1
53	1227	1
53	1228	1
53	1229	1
53	1229	1
53	1231	1
53	1231	1
53	1238	1
53	1241	1
53	1241	1
53	1245	1
53	1245	1
53	1251	1
53	1255	1
53	1258	1
53	1259	1
53	1278	1
53	1299	1
53	1300	1
53	1305	1
53	1305	1
53	1309	1
53	1313	1
53	1318	1
53	1328	1
53	1329	1
53	1334	1
53	1343	1
53	1346	1
53	1351	1
53	1352	1
53	1353	1
53	1353	1
53	1354	1
53	1374	1
53	1374	1
53	1384	1
53	1394	1
53	1402	1
53	1413	1
53	1414	1
53	1418	1
53	1431	1
53	1446	1
53	1448	1
53	1451	1
53	1457	1
53	1459	1
53	1459	1
53	1484	1
53	1484	1
53	1484	1
53	1488	1
53	1501	1
53	1501	1
53	1502	1
53	1503	1
53	1503	1
53	1503	1
53	1503	1
53	1524	1
53	1527	1
53	1528	1
53	1529	1
53	1531	1
53	1531	1
53	1531	1
53	1532	1
53	1533	1
53	1534	1
53	1534	1
53	1543	1
53	1544	1
53	1545	1
53	1550	1
53	1568	1
53	1574	1
53	1574	1
53	1576	1
53	1592	1
53	1601	1
53	1608	1
53	1609	1
53	1628	1
53	1630	1
53	1633	1
53	1633	1
53	1639	1
53	1641	1
53	1641	1
53	1644	1
53	1655	1
53	1659	1
53	1660	1
53	1674	1
53	1675	1
53	1675	1
53	1675	1
53	1676	1
53	1676	1
53	1676	1
53	1682	1
53	1682	1
53	1685	1
53	1687	1
53	1687	1
53	1687	1
53	1688	1
53	1691	1
53	1692	1
53	1692	1
53	1700	1
53	1701	1
53	1711	1
53	1713	1
53	1713	1
53	1714	1
53	1714	1
53	1715	1
53	1715	1
53	1727	1
53	1729	1
53	1729	1
53	1730	1
53	1730	1
53	1728	1
53	1728	1
53	1731	1
53	1731	1
53	1751	1
53	1752	1
53	1768	1
53	1769	1
53	1780	1
53	1783	1
53	1783	1
53	1784	1
53	1784	1
53	1784	1
53	1784	1
53	1785	1
53	1785	1
53	1786	1
53	1786	1
53	1786	1
53	1786	1
53	1785	1
53	1785	1
53	1786	1
53	1788	1
53	1788	1
53	1805	1
53	1807	1
53	1812	1
53	1814	1
53	1816	1
53	1817	1
53	1832	1
53	1840	1
53	1840	1
53	1841	1
53	1841	1
53	1843	1
53	1843	1
53	1844	1
53	1846	1
53	1846	1
53	1850	1
53	1850	1
53	1851	1
53	1851	1
53	1851	1
53	1852	1
53	1852	1
53	1860	1
53	1865	1
53	1867	1
53	1867	1
53	1867	1
53	1868	1
53	1869	1
53	1869	1
53	1873	1
53	1874	1
53	1875	1
53	1882	1
53	1892	1
53	1908	1
53	1908	1
53	1914	1
53	1916	1
53	1926	1
53	1932	1
53	1938	1
53	1942	1
53	1956	1
53	1965	1
53	1970	1
53	1979	1
53	1978	1
53	1985	1
53	1987	1
53	1988	1
53	1988	1
53	1988	1
53	1988	1
53	1996	1
53	2000	1
53	2000	1
53	2003	1
53	2004	1
53	2004	1
53	2005	1
53	2005	1
53	2007	1
53	2025	1
53	2026	1
53	2031	1
53	2031	1
53	2032	1
53	2033	1
53	2037	1
53	2077	1
53	2077	1
53	2090	1
53	2090	1
53	2090	1
53	2090	1
53	2091	1
53	2092	1
53	2097	1
53	2104	1
53	2117	1
53	2119	1
53	2122	1
53	2127	1
53	2142	1
53	2153	1
53	2153	1
53	2154	1
53	2155	1
53	2161	1
53	2162	1
53	2167	1
53	2170	1
53	2171	1
53	2176	1
53	2178	1
53	2179	1
53	2185	1
53	2203	1
53	2206	1
53	2206	1
53	2206	1
53	2206	1
53	2207	1
53	2207	1
53	2207	1
53	2207	1
53	2208	1
53	2214	1
53	2214	1
53	2214	1
53	2219	1
53	2219	1
53	2219	1
53	2221	1
53	2221	1
53	2230	1
53	2232	1
53	2236	1
53	2236	1
53	2237	1
53	2241	1
53	2241	1
53	2242	1
53	2244	1
53	2244	1
53	2246	1
53	2247	1
53	2256	1
53	21	1
53	23	1
53	2278	1
53	2295	1
53	2301	1
53	177	1
53	201	1
53	2337	1
53	2337	1
53	544	1
53	2455	1
53	560	1
53	563	1
53	2456	1
53	2456	1
53	2457	1
53	567	1
53	614	1
53	2494	1
53	2511	1
53	2520	1
53	2526	1
53	817	1
53	900	1
53	1040	1
53	1061	1
53	1149	1
53	1524	1
53	1783	1
53	1783	1
53	1783	1
53	1784	1
53	1784	1
53	1785	1
53	2751	1
53	1954	1
53	1973	1
53	2776	1
53	2025	1
53	2026	1
53	2782	1
54	141	1
54	184	1
54	331	1
54	428	1
54	594	1
54	184	1
54	331	1
54	428	1
54	594	1
54	831	1
54	879	1
54	1044	1
54	1055	1
54	1097	1
54	1423	1
54	1580	1
54	1632	1
54	1641	1
54	1752	1
54	1989	1
54	2238	1
54	434	1
55	57	1
55	295	1
55	551	1
55	691	1
55	705	1
55	707	1
55	714	1
55	758	1
55	295	1
55	551	1
55	691	1
55	705	1
55	707	1
55	714	1
55	758	1
56	125	1
56	452	1
56	734	1
56	452	1
56	734	1
56	863	1
57	84	1
57	237	1
57	237	1
57	1042	1
57	1539	1
57	1826	1
58	877	1
58	1042	1
58	1091	1
58	1464	1
58	2038	1
58	2107	1
58	2128	1
59	262	1
59	330	1
59	774	1
59	262	1
59	330	1
59	774	1
59	1553	1
60	859	1
60	889	1
60	895	1
60	1114	1
60	1160	1
60	1162	1
60	1215	1
60	1648	1
60	2060	1
60	2110	1
60	2228	1
61	2	1
61	372	1
61	372	1
61	1321	1
61	1707	1
61	1859	1
62	270	1
62	307	1
62	570	1
62	270	1
62	307	1
62	570	1
62	1829	1
62	1895	1
62	1910	1
62	1945	1
62	2106	1
62	2259	1
63	455	1
63	534	1
63	542	1
63	581	1
63	611	1
63	675	1
63	679	1
63	687	1
63	692	1
63	455	1
63	534	1
63	542	1
63	581	1
63	611	1
63	675	1
63	679	1
63	687	1
63	692	1
63	797	1
63	802	1
63	957	1
63	1004	1
63	1042	1
63	1228	1
63	1278	1
63	1934	1
63	2172	1
64	1269	1
64	1292	1
64	1327	1
64	1337	1
64	1382	1
65	481	1
65	481	1
65	481	1
65	481	1
65	863	1
65	1742	1
65	1924	1
65	1935	1
65	2230	1
66	2	1
66	295	1
66	334	1
66	570	1
66	295	1
66	334	1
66	570	1
66	872	1
66	1042	1
66	1157	1
66	1223	1
66	1257	1
66	1678	1
66	1901	1
66	1913	1
66	2016	1
66	2070	1
66	2114	1
66	2197	1
66	2250	1
67	574	1
67	574	1
67	1080	1
67	1379	1
67	1653	1
68	103	1
68	291	1
68	323	1
68	324	1
68	407	1
68	471	1
68	482	1
68	488	1
68	504	1
68	516	1
68	517	1
68	604	1
68	612	1
68	620	1
68	684	1
68	692	1
68	291	1
68	323	1
68	324	1
68	407	1
68	471	1
68	482	1
68	488	1
68	504	1
68	516	1
68	517	1
68	604	1
68	612	1
68	620	1
68	684	1
68	692	1
68	854	1
68	884	1
68	894	1
68	913	1
68	945	1
68	987	1
68	991	1
68	1012	1
68	1066	1
68	1067	1
68	1089	1
68	1099	1
68	1184	1
68	1274	1
68	1277	1
68	1322	1
68	1340	1
68	1366	1
68	1377	1
68	1378	1
68	1385	1
68	1406	1
68	1421	1
68	1510	1
68	1513	1
68	1521	1
68	1557	1
68	1614	1
68	1616	1
68	1618	1
68	1620	1
68	1621	1
68	1622	1
68	1656	1
68	1663	1
68	1706	1
68	1747	1
68	1779	1
68	1883	1
68	235	1
68	2542	1
68	2576	1
68	971	1
68	2662	1
68	1360	1
69	655	1
69	655	1
69	989	1
69	1055	1
69	1074	1
69	1573	1
69	2659	1
69	2660	1
70	155	1
70	904	1
70	1013	1
70	1458	1
70	2141	1
71	35	1
71	1750	1
71	1770	1
71	1795	1
71	1798	1
71	1838	1
71	1864	1
71	1866	1
71	1926	1
71	1928	1
71	1974	1
71	1976	1
71	2078	1
71	2080	1
71	2081	1
71	2079	1
71	2123	1
71	2232	1
71	2405	1
71	1307	1
71	2677	1
71	2770	1
71	2791	1
71	2792	1
72	4	1
72	84	1
72	133	1
72	466	1
72	466	1
73	827	1
73	1105	1
73	1155	1
73	1278	1
73	1393	1
73	1395	1
73	1476	1
73	1494	1
73	1495	1
74	756	1
74	756	1
74	1134	1
74	1321	1
74	1382	1
74	1389	1
74	1396	1
74	1402	1
74	1434	1
74	1800	1
74	1954	1
74	1956	1
75	649	1
75	649	1
75	1211	1
75	1335	1
75	1376	1
75	1422	1
75	1440	1
75	1567	1
75	1632	1
75	1641	1
75	1789	1
75	1862	1
75	1940	1
75	2136	1
75	2735	1
75	2784	1
76	83	1
76	163	1
76	260	1
76	423	1
76	467	1
76	470	1
76	475	1
76	493	1
76	494	1
76	556	1
76	627	1
76	260	1
76	423	1
76	467	1
76	470	1
76	475	1
76	493	1
76	494	1
76	556	1
76	627	1
76	971	1
76	985	1
76	1233	1
76	214	1
76	2431	1
76	2433	1
76	2434	1
77	753	1
77	753	1
77	1117	1
77	1167	1
77	2238	1
78	153	1
78	458	1
78	458	1
78	890	1
78	1259	1
78	1502	1
78	401	1
78	738	1
78	1061	1
79	134	1
79	136	1
79	408	1
79	408	1
79	1079	1
80	248	1
80	749	1
80	248	1
80	749	1
80	968	1
80	1151	1
80	1347	1
81	607	1
81	607	1
81	862	1
81	1421	1
81	1709	1
82	154	1
82	264	1
82	487	1
82	264	1
82	487	1
82	999	1
82	1031	1
82	1132	1
82	1155	1
82	1393	1
82	1395	1
82	1781	1
82	1953	1
82	1955	1
82	1956	1
82	2270	1
82	2313	1
82	2384	1
82	423	1
82	2425	1
82	2529	1
82	871	1
82	2593	1
82	2612	1
83	1579	1
83	1695	1
83	1758	1
83	1791	1
83	2172	1
84	930	1
84	1042	1
84	1277	1
84	1535	1
84	1611	1
84	1636	1
84	1799	1
85	428	1
85	570	1
85	428	1
85	570	1
85	1165	1
86	14	1
86	44	1
86	46	1
86	47	1
86	116	1
86	180	1
86	213	1
86	216	1
86	439	1
86	180	1
86	213	1
86	216	1
86	439	1
86	447	1
87	330	1
87	380	1
87	394	1
87	585	1
87	603	1
87	654	1
87	655	1
87	330	1
87	380	1
87	394	1
87	585	1
87	603	1
87	654	1
87	655	1
87	1027	1
87	1045	1
87	1118	1
87	1180	1
87	1186	1
87	1398	1
87	1569	1
87	1671	1
88	423	1
88	423	1
88	838	1
88	881	1
88	1183	1
88	1349	1
88	1402	1
88	1546	1
88	1558	1
88	1606	1
88	1607	1
88	1613	1
88	2099	1
88	1717	1
88	1970	1
89	336	1
89	382	1
89	670	1
89	673	1
89	336	1
89	382	1
89	670	1
89	673	1
89	1023	1
89	1155	1
89	1466	1
89	1534	1
90	430	1
90	430	1
90	845	1
90	847	1
90	1035	1
90	1109	1
90	1601	1
90	1641	1
91	638	1
91	638	1
91	848	1
91	1172	1
91	2502	1
91	2536	1
91	2607	1
91	2639	1
91	1555	1
92	1379	1
92	1441	1
92	1652	1
92	1653	1
92	1746	1
93	583	1
93	728	1
93	583	1
93	728	1
93	2736	1
94	72	1
94	168	1
94	169	1
94	338	1
94	168	1
94	169	1
94	338	1
94	2327	1
95	24	1
95	390	1
95	676	1
95	695	1
95	704	1
95	390	1
95	676	1
95	695	1
95	704	1
95	1445	1
96	681	1
96	716	1
96	681	1
96	716	1
96	1387	1
97	135	1
97	335	1
97	615	1
97	335	1
97	615	1
97	986	1
97	272	1
97	274	1
97	296	1
98	70	1
98	769	1
98	769	1
98	2560	1
98	2624	1
99	155	1
99	558	1
99	564	1
99	697	1
99	558	1
99	564	1
99	697	1
99	1507	1
99	1923	1
100	90	1
100	316	1
100	316	1
100	867	1
100	1229	1
101	116	1
101	318	1
101	678	1
101	708	1
101	318	1
101	678	1
101	708	1
101	1226	1
101	1377	1
101	1379	1
101	1802	1
101	1883	1
101	2073	1
101	2670	1
101	2739	1
102	212	1
102	437	1
102	485	1
102	212	1
102	437	1
102	485	1
102	1046	1
102	1058	1
102	1359	1
102	1400	1
102	1439	1
102	1466	1
102	1490	1
102	1492	1
102	1494	1
102	1503	1
102	1526	1
102	1538	1
102	1540	1
102	1545	1
102	1578	1
102	1588	1
102	1595	1
102	1604	1
102	1665	1
102	1692	1
102	1695	1
102	1715	1
102	1726	1
102	1730	1
102	1756	1
102	1848	1
102	1895	1
102	2701	1
102	2727	1
103	101	1
103	115	1
103	128	1
103	743	1
103	743	1
103	1753	1
103	503	1
103	515	1
103	522	1
103	2449	1
104	241	1
104	375	1
104	241	1
104	375	1
104	1465	1
104	1466	1
104	1503	1
104	1675	1
104	1713	1
104	1792	1
104	2602	1
104	1398	1
105	1507	1
105	1507	1
105	1661	1
105	1667	1
105	1732	1
105	2072	1
106	371	1
106	618	1
106	736	1
106	371	1
106	618	1
106	736	1
106	973	1
106	1367	1
106	1460	1
106	1460	1
106	1476	1
107	151	1
107	908	1
107	1082	1
107	1116	1
107	1137	1
107	2130	1
107	1104	1
107	2644	1
107	1154	1
108	55	1
108	1096	1
108	1155	1
108	1229	1
108	1397	1
109	1446	1
109	1546	1
109	1928	1
109	2068	1
109	2167	1
109	2183	1
109	1936	1
109	1970	1
110	422	1
110	453	1
110	555	1
110	626	1
110	422	1
110	453	1
110	555	1
110	626	1
110	2477	1
110	2483	1
110	2501	1
111	1182	1
111	1199	1
111	1367	1
111	1382	1
111	1395	1
112	1387	1
112	1827	1
112	2021	1
112	2268	1
112	2302	1
113	1129	1
113	1539	1
113	1683	1
113	1778	1
113	1982	1
114	89	1
114	131	1
114	760	1
114	771	1
114	794	1
114	760	1
114	771	1
114	794	1
114	980	1
114	1027	1
114	1028	1
114	1595	1
114	2065	1
114	2333	1
115	391	1
115	391	1
115	802	1
115	1002	1
115	2009	1
116	173	1
116	393	1
116	173	1
116	393	1
116	862	1
116	1308	1
116	1569	1
116	1709	1
116	1976	1
116	2197	1
117	71	1
117	376	1
117	389	1
117	376	1
117	389	1
117	1315	1
117	1329	1
117	1375	1
118	1538	1
118	1591	1
118	1689	1
118	2181	1
118	2231	1
119	9	1
119	66	1
119	75	1
119	76	1
119	1087	1
119	2467	1
120	444	1
120	444	1
120	1326	1
120	1413	1
120	1883	1
120	2028	1
120	2123	1
120	2165	1
120	2271	1
120	2354	1
120	2475	1
120	1455	1
120	1602	1
121	2	1
121	296	1
121	752	1
121	296	1
121	752	1
121	872	1
121	1129	1
122	18	1
122	486	1
122	642	1
122	486	1
122	642	1
122	843	1
122	1033	1
122	1060	1
122	1178	1
122	1466	1
122	1656	1
123	195	1
123	779	1
123	195	1
123	779	1
123	1641	1
124	1091	1
124	1147	1
124	1449	1
124	1585	1
124	2143	1
124	2163	1
125	27	1
125	335	1
125	335	1
125	901	1
125	1091	1
125	1249	1
125	1327	1
125	1476	1
125	1525	1
126	238	1
126	263	1
126	238	1
126	263	1
126	1054	1
126	1870	1
127	777	1
127	777	1
127	1042	1
127	1171	1
127	1178	1
128	878	1
128	1057	1
128	1069	1
128	1077	1
128	1542	1
129	1325	1
129	1580	1
129	2014	1
129	2098	1
129	2113	1
130	386	1
130	386	1
130	1121	1
130	217	1
130	289	1
131	46	1
131	468	1
131	512	1
131	601	1
131	468	1
131	512	1
131	601	1
131	1002	1
131	1053	1
131	1396	1
131	1483	1
131	1485	1
131	2061	1
131	2089	1
131	2382	1
131	2582	1
132	254	1
132	254	1
132	1291	1
132	1312	1
132	1430	1
132	1969	1
132	1980	1
132	1992	1
132	2089	1
132	2175	1
132	2188	1
132	2196	1
132	2198	1
132	2200	1
132	2202	1
132	2213	1
132	2216	1
132	2219	1
132	2220	1
132	2221	1
132	2223	1
132	2225	1
132	2234	1
132	2240	1
132	2257	1
132	806	1
133	660	1
133	660	1
133	1136	1
133	2686	1
133	1605	1
134	37	1
134	44	1
134	58	1
134	376	1
134	435	1
134	590	1
134	784	1
134	376	1
134	435	1
134	590	1
134	784	1
134	1059	1
134	1146	1
134	1240	1
134	1279	1
134	1297	1
134	1374	1
134	1375	1
134	1416	1
134	1457	1
134	1545	1
134	1827	1
134	1852	1
135	240	1
135	240	1
135	1266	1
135	1383	1
135	1390	1
135	1819	1
136	192	1
136	192	1
136	753	1
136	192	1
136	192	1
136	753	1
136	1061	1
136	1626	1
136	1962	1
137	145	1
137	1698	1
137	1699	1
137	1757	1
137	1758	1
137	1787	1
137	1817	1
137	1818	1
137	1888	1
137	2398	1
137	2402	1
137	433	1
137	2403	1
137	2404	1
137	499	1
138	235	1
138	682	1
138	235	1
138	682	1
138	2262	1
138	2396	1
138	2595	1
139	430	1
139	553	1
139	637	1
139	430	1
139	553	1
139	637	1
139	923	1
139	966	1
139	1023	1
139	1204	1
139	1228	1
139	1229	1
139	1439	1
139	1439	1
139	1641	1
139	1845	1
139	1968	1
139	2209	1
139	2210	1
139	2247	1
139	379	1
139	2525	1
139	2603	1
139	2613	1
140	68	1
140	105	1
140	120	1
140	1601	1
140	1668	1
141	6	1
141	101	1
141	170	1
141	208	1
141	226	1
141	288	1
141	392	1
141	414	1
141	436	1
141	548	1
141	650	1
141	170	1
141	208	1
141	226	1
141	288	1
141	392	1
141	414	1
141	436	1
141	548	1
141	650	1
141	856	1
141	933	1
141	1010	1
141	1393	1
142	181	1
142	363	1
142	365	1
142	610	1
142	642	1
142	705	1
142	181	1
142	363	1
142	365	1
142	610	1
142	642	1
142	705	1
142	1502	1
143	1273	1
143	1310	1
143	1461	1
143	1505	1
143	1647	1
144	541	1
144	766	1
144	541	1
144	766	1
144	1409	1
144	1605	1
144	1733	1
145	388	1
145	420	1
145	438	1
145	690	1
145	690	1
145	388	1
145	420	1
145	438	1
145	690	1
145	690	1
145	829	1
145	872	1
145	1091	1
145	1720	1
145	2194	1
145	72	1
146	41	1
146	507	1
146	767	1
146	507	1
146	767	1
146	1097	1
146	1752	1
147	187	1
147	187	1
147	1343	1
147	1796	1
147	2673	1
147	2712	1
148	519	1
148	519	1
148	1106	1
148	1178	1
148	1182	1
149	297	1
149	311	1
149	783	1
149	297	1
149	311	1
149	783	1
149	1155	1
149	1175	1
149	1273	1
149	1612	1
149	1951	1
149	2113	1
149	2173	1
150	59	1
150	67	1
150	427	1
150	429	1
150	587	1
150	427	1
150	429	1
150	587	1
151	1153	1
151	1159	1
151	1161	1
151	1182	1
151	1278	1
152	558	1
152	558	1
152	1009	1
152	1629	1
152	1998	1
153	135	1
153	1167	1
153	1452	1
153	1503	1
153	1641	1
153	1808	1
153	2575	1
154	1223	1
154	1793	1
154	1835	1
154	2024	1
154	2023	1
155	1503	1
155	1762	1
155	1761	1
155	1763	1
155	1766	1
156	419	1
156	717	1
156	419	1
156	717	1
156	930	1
156	1099	1
156	1142	1
156	1493	1
157	174	1
157	224	1
157	174	1
157	224	1
157	2132	1
157	2175	1
158	124	1
158	129	1
158	503	1
158	522	1
158	503	1
158	522	1
158	902	1
159	533	1
159	593	1
159	533	1
159	593	1
159	1192	1
159	2473	1
160	43	1
160	86	1
160	1271	1
160	1523	1
160	2052	1
160	2121	1
160	2163	1
160	2187	1
160	2	1
160	1110	1
161	689	1
161	689	1
161	1794	1
161	2250	1
161	108	1
161	112	1
161	2622	1
161	1018	1
161	2636	1
162	21	1
162	99	1
162	751	1
162	751	1
162	1235	1
162	1318	1
162	2520	1
163	277	1
163	768	1
163	277	1
163	768	1
163	928	1
163	1505	1
163	1525	1
163	1747	1
163	1759	1
164	271	1
164	271	1
164	1229	1
164	1345	1
164	1426	1
164	1487	1
164	1503	1
164	1509	1
164	1530	1
164	1531	1
164	1575	1
164	1586	1
164	1600	1
164	1643	1
164	2013	1
165	97	1
165	299	1
165	300	1
165	299	1
165	300	1
165	1082	1
165	1250	1
165	1462	1
166	430	1
166	451	1
166	640	1
166	672	1
166	717	1
166	430	1
166	451	1
166	640	1
166	672	1
166	717	1
166	993	1
166	1022	1
166	1055	1
166	1238	1
166	1303	1
166	1319	1
166	1371	1
166	1491	1
166	1504	1
166	1508	1
166	1531	1
166	1538	1
166	1537	1
166	1578	1
166	1593	1
166	1604	1
166	1677	1
166	1677	1
166	1683	1
166	1689	1
167	445	1
167	445	1
167	818	1
167	1228	1
167	1249	1
167	1278	1
167	1402	1
167	1502	1
167	1699	1
167	1728	1
167	1731	1
167	1782	1
167	1796	1
167	1832	1
167	1951	1
168	873	1
168	873	1
168	873	1
168	1180	1
168	1248	1
169	61	1
169	99	1
169	963	1
169	1003	1
169	1593	1
169	2031	1
170	324	1
170	324	1
170	1183	1
170	1294	1
170	1505	1
170	1535	1
170	1546	1
170	1573	1
170	1929	1
171	17	1
171	662	1
171	662	1
171	1002	1
171	1624	1
171	1847	1
172	13	1
172	180	1
172	268	1
172	434	1
172	654	1
172	670	1
172	710	1
172	180	1
172	268	1
172	434	1
172	654	1
172	670	1
172	710	1
172	394	1
173	1278	1
173	1928	1
173	1946	1
173	2007	1
173	2066	1
173	2068	1
173	2177	1
173	2130	1
174	159	1
174	584	1
174	584	1
174	1186	1
174	1339	1
174	1409	1
174	1457	1
174	1629	1
174	1657	1
174	1675	1
174	1687	1
174	1698	1
174	1707	1
174	1728	1
174	1741	1
174	1762	1
174	1787	1
174	2055	1
174	2692	1
174	2761	1
175	16	1
175	338	1
175	338	1
175	993	1
175	1088	1
175	1396	1
175	329	1
176	180	1
176	537	1
176	739	1
176	180	1
176	537	1
176	739	1
176	984	1
176	1812	1
176	1904	1
177	421	1
177	583	1
177	421	1
177	583	1
177	948	1
177	1187	1
177	1272	1
177	1311	1
177	1450	1
177	1541	1
177	1542	1
177	277	1
177	2685	1
178	42	1
178	352	1
178	397	1
178	352	1
178	397	1
178	1042	1
178	1050	1
179	1134	1
179	1303	1
179	1402	1
179	1476	1
179	1509	1
179	1046	1
180	1155	1
180	1270	1
180	1285	1
180	1352	1
180	1359	1
180	1395	1
180	1397	1
180	1401	1
180	1402	1
180	1418	1
180	1438	1
180	1507	1
180	1976	1
181	1531	1
181	1575	1
181	1601	1
181	1637	1
181	1643	1
181	1675	1
181	1713	1
181	1782	1
181	2540	1
181	1609	1
181	1639	1
181	2724	1
181	2737	1
181	2741	1
181	1860	1
182	189	1
182	554	1
182	780	1
182	189	1
182	554	1
182	780	1
183	143	1
183	357	1
183	357	1
183	1438	1
183	1762	1
183	2130	1
183	2247	1
184	259	1
184	280	1
184	557	1
184	628	1
184	259	1
184	280	1
184	557	1
184	628	1
184	1037	1
184	1100	1
184	1130	1
184	1275	1
184	1276	1
184	1469	1
184	1478	1
184	1537	1
184	1538	1
184	1770	1
184	1774	1
184	1795	1
184	1905	1
184	1927	1
184	1944	1
184	2009	1
184	2152	1
184	2231	1
184	2255	1
184	2292	1
185	258	1
185	272	1
185	274	1
185	506	1
185	627	1
185	258	1
185	272	1
185	274	1
185	506	1
185	627	1
185	1672	1
185	1808	1
186	210	1
186	210	1
186	2291	1
186	2321	1
186	320	1
186	2412	1
186	2653	1
187	77	1
187	80	1
187	119	1
187	273	1
187	354	1
187	498	1
187	662	1
187	273	1
187	354	1
187	498	1
187	662	1
187	1218	1
187	1236	1
187	1476	1
187	1497	1
187	1502	1
187	1629	1
187	1713	1
188	529	1
188	743	1
188	529	1
188	743	1
188	1377	1
188	1900	1
189	782	1
189	785	1
189	782	1
189	785	1
189	944	1
189	1296	1
189	1323	1
189	1330	1
189	1332	1
189	1333	1
190	189	1
190	780	1
190	189	1
190	780	1
190	1728	1
190	1981	1
190	2180	1
191	133	1
191	579	1
191	642	1
191	579	1
191	642	1
191	1505	1
191	1799	1
191	1808	1
191	2100	1
191	2188	1
192	584	1
192	584	1
192	1004	1
192	1166	1
192	1466	1
192	1503	1
192	1698	1
192	1711	1
192	1733	1
192	1741	1
192	1800	1
192	1848	1
192	1852	1
192	1899	1
192	1906	1
192	1967	1
192	1981	1
192	1989	1
192	2046	1
192	2053	1
192	2062	1
192	2147	1
192	2221	1
192	2287	1
192	2306	1
192	2351	1
192	2497	1
192	2547	1
192	1122	1
192	1697	1
192	2766	1
193	84	1
193	302	1
193	302	1
193	814	1
193	815	1
193	897	1
193	1190	1
194	60	1
194	145	1
194	197	1
194	255	1
194	415	1
194	197	1
194	255	1
194	415	1
194	1713	1
195	854	1
195	1125	1
195	1594	1
195	1611	1
195	1642	1
195	2095	1
196	823	1
196	1264	1
196	1474	1
196	1931	1
196	2077	1
197	26	1
197	174	1
197	472	1
197	612	1
197	705	1
197	786	1
197	174	1
197	472	1
197	612	1
197	705	1
197	786	1
197	921	1
197	1207	1
197	2001	1
197	2269	1
197	29	1
197	2275	1
197	2395	1
197	2413	1
197	2416	1
197	2427	1
197	2467	1
197	2512	1
197	684	1
198	228	1
198	707	1
198	782	1
198	228	1
198	707	1
198	782	1
198	1842	1
199	321	1
199	321	1
199	1465	1
199	350	1
199	2491	1
200	930	1
200	1291	1
200	1564	1
200	1570	1
200	1683	1
201	27	1
201	27	1
201	454	1
201	687	1
201	454	1
201	687	1
201	958	1
201	960	1
201	994	1
201	1090	1
201	1181	1
201	1772	1
201	1900	1
202	523	1
202	523	1
202	930	1
202	1036	1
202	1303	1
202	1762	1
202	1764	1
202	1930	1
202	2513	1
202	1273	1
202	2658	1
203	773	1
203	773	1
203	1055	1
203	1293	1
203	1381	1
203	1421	1
203	1521	1
203	1589	1
203	1617	1
203	1618	1
203	1623	1
204	140	1
204	169	1
204	243	1
204	301	1
204	496	1
204	570	1
204	615	1
204	712	1
204	169	1
204	243	1
204	301	1
204	496	1
204	570	1
204	615	1
204	712	1
204	927	1
204	942	1
204	1186	1
204	1214	1
204	1311	1
204	1525	1
205	525	1
205	635	1
205	525	1
205	635	1
205	850	1
205	1188	1
205	1202	1
205	1280	1
205	2545	1
206	793	1
206	793	1
206	1009	1
206	1091	1
206	1128	1
206	1396	1
206	1998	1
207	293	1
207	413	1
207	501	1
207	293	1
207	413	1
207	501	1
207	1629	1
207	1634	1
207	1935	1
207	2559	1
208	191	1
208	191	1
208	1641	1
208	1741	1
208	1851	1
209	39	1
209	337	1
209	337	1
209	912	1
209	923	1
209	1043	1
209	1133	1
209	1155	1
209	1171	1
209	1223	1
209	1255	1
209	1315	1
209	1321	1
209	1370	1
209	1393	1
209	1407	1
209	1515	1
209	1605	1
209	1774	1
210	440	1
210	730	1
210	440	1
210	730	1
210	1333	1
210	1505	1
210	1601	1
210	1720	1
211	142	1
211	399	1
211	399	1
211	942	1
211	2619	1
212	419	1
212	430	1
212	776	1
212	419	1
212	430	1
212	776	1
212	847	1
212	2543	1
213	561	1
213	723	1
213	561	1
213	723	1
213	1097	1
213	1313	1
213	1752	1
213	2037	1
214	50	1
214	81	1
214	107	1
214	139	1
214	308	1
214	454	1
214	463	1
214	509	1
214	506	1
214	511	1
214	516	1
214	547	1
214	560	1
214	563	1
214	567	1
214	568	1
214	569	1
214	571	1
214	575	1
214	599	1
214	604	1
214	606	1
214	627	1
214	633	1
214	646	1
214	657	1
214	656	1
214	663	1
214	674	1
214	700	1
214	701	1
214	715	1
214	727	1
214	746	1
214	748	1
214	778	1
214	308	1
214	454	1
214	463	1
214	509	1
214	506	1
214	511	1
214	516	1
214	547	1
214	560	1
214	563	1
214	567	1
214	568	1
214	569	1
214	571	1
214	575	1
214	599	1
214	604	1
214	606	1
214	627	1
214	633	1
214	646	1
214	657	1
214	656	1
214	663	1
214	674	1
214	700	1
214	701	1
214	715	1
214	727	1
214	746	1
214	748	1
214	778	1
214	817	1
214	834	1
214	866	1
214	874	1
214	959	1
214	1108	1
214	1372	1
214	1471	1
214	1790	1
214	2025	1
214	2026	1
214	2455	1
214	2465	1
214	2470	1
214	2505	1
214	2530	1
215	883	1
215	1189	1
215	1190	1
215	1191	1
215	1395	1
216	259	1
216	654	1
216	259	1
216	654	1
216	2397	1
217	322	1
217	667	1
217	322	1
217	667	1
217	1144	1
217	1186	1
217	1295	1
217	1698	1
217	1754	1
218	78	1
218	1981	1
218	2152	1
218	2160	1
218	2167	1
218	2209	1
218	1980	1
219	31	1
219	1042	1
219	1130	1
219	1156	1
219	1247	1
219	1282	1
219	1285	1
219	1286	1
219	1298	1
219	1307	1
219	1539	1
219	2702	1
220	1156	1
220	1374	1
220	1457	1
220	1464	1
220	1507	1
220	1916	1
221	74	1
221	510	1
221	510	1
221	1165	1
221	1318	1
221	1526	1
221	1543	1
221	1582	1
221	1597	1
221	1641	1
221	1655	1
221	1710	1
221	149	1
221	2478	1
222	64	1
222	84	1
222	148	1
222	321	1
222	321	1
222	973	1
222	1023	1
222	1042	1
222	1179	1
222	1190	1
222	1239	1
222	1396	1
222	2189	1
222	2238	1
223	32	1
223	34	1
223	91	1
223	320	1
223	713	1
223	320	1
223	713	1
223	795	1
223	836	1
223	998	1
223	1386	1
223	1556	1
223	1561	1
223	1776	1
223	1957	1
223	1978	1
223	2011	1
223	2621	1
223	2623	1
224	570	1
224	570	1
224	1536	1
224	1900	1
224	1969	1
225	798	1
225	992	1
225	1099	1
225	1230	1
225	2438	1
226	193	1
226	193	1
226	1169	1
226	1894	1
226	2605	1
226	2108	1
227	205	1
227	236	1
227	546	1
227	585	1
227	609	1
227	205	1
227	236	1
227	546	1
227	585	1
227	609	1
227	839	1
227	962	1
227	1928	1
227	684	1
228	78	1
228	79	1
228	242	1
228	242	1
228	955	1
228	1003	1
228	1436	1
228	1978	1
229	234	1
229	234	1
229	824	1
229	1201	1
229	1254	1
229	1260	1
229	1274	1
229	1338	1
229	1340	1
229	1356	1
229	1441	1
229	1456	1
229	1505	1
229	1518	1
229	1535	1
229	1546	1
229	1548	1
229	1549	1
229	1641	1
230	368	1
230	412	1
230	414	1
230	368	1
230	412	1
230	414	1
230	1097	1
230	1206	1
230	1208	1
230	1228	1
230	1229	1
230	1329	1
230	1676	1
230	1752	1
230	1238	1
231	1464	1
231	1515	1
231	1602	1
231	1675	1
231	1687	1
231	1753	1
231	1762	1
232	277	1
232	485	1
232	277	1
232	485	1
232	967	1
232	1009	1
232	1049	1
232	1640	1
232	1998	1
232	2040	1
232	747	1
232	1393	1
233	2044	1
233	2204	1
233	2211	1
233	2246	1
233	2254	1
233	2650	1
234	15	1
234	224	1
234	231	1
234	303	1
234	403	1
234	416	1
234	539	1
234	708	1
234	711	1
234	224	1
234	231	1
234	303	1
234	403	1
234	416	1
234	539	1
234	708	1
234	711	1
234	846	1
234	962	1
234	976	1
234	1348	1
234	1362	1
234	1388	1
234	1403	1
234	1476	1
234	1603	1
234	1767	1
234	1820	1
234	1827	1
234	1854	1
234	1993	1
234	2140	1
234	2151	1
234	2164	1
234	2252	1
234	348	1
234	2485	1
234	2486	1
234	2586	1
234	2589	1
234	2616	1
234	2680	1
234	1495	1
234	1833	1
234	1955	1
234	1956	1
234	1958	1
235	237	1
235	670	1
235	237	1
235	670	1
235	1474	1
235	1525	1
235	2085	1
236	15	1
236	810	1
236	1087	1
236	1362	1
236	1590	1
237	259	1
237	338	1
237	340	1
237	259	1
237	338	1
237	340	1
237	1097	1
237	1599	1
237	1752	1
238	1223	1
238	1291	1
238	1312	1
238	1539	1
238	1935	1
238	1983	1
238	2191	1
239	290	1
239	456	1
239	290	1
239	456	1
239	934	1
240	199	1
240	199	1
240	1371	1
240	1474	1
240	1641	1
240	1675	1
240	1946	1
240	2098	1
241	341	1
241	367	1
241	371	1
241	570	1
241	341	1
241	367	1
241	371	1
241	570	1
241	946	1
241	1026	1
241	1609	1
241	1664	1
241	1722	1
241	1852	1
241	2041	1
241	2046	1
241	2110	1
241	2155	1
241	2215	1
241	2383	1
241	645	1
241	2515	1
241	2562	1
241	812	1
241	2647	1
241	2722	1
241	2207	1
242	1316	1
242	1649	1
242	1735	1
242	1939	1
242	2085	1
243	656	1
243	656	1
243	959	1
243	1187	1
243	1822	1
243	1858	1
243	2098	1
243	817	1
244	1042	1
244	1214	1
244	1464	1
244	2193	1
244	577	1
245	7	1
245	87	1
245	230	1
245	266	1
245	687	1
245	230	1
245	266	1
245	687	1
245	1017	1
245	1185	1
245	2307	1
246	132	1
246	182	1
246	182	1
246	914	1
246	915	1
246	916	1
246	917	1
246	1100	1
246	1133	1
246	1145	1
246	1146	1
246	1152	1
246	1153	1
246	1205	1
246	1228	1
246	1229	1
246	1276	1
246	1319	1
246	1338	1
246	1340	1
246	1393	1
246	1420	1
246	1442	1
246	1443	1
246	1504	1
246	1928	1
246	1943	1
246	1946	1
246	2088	1
247	222	1
247	223	1
247	344	1
247	222	1
247	223	1
247	344	1
247	1168	1
247	1457	1
247	1765	1
248	732	1
248	744	1
248	732	1
248	744	1
248	1015	1
248	1566	1
248	1628	1
248	1641	1
248	1682	1
248	1692	1
248	1713	1
248	1786	1
248	1852	1
249	384	1
249	384	1
249	880	1
249	1225	1
249	1504	1
250	2	1
250	159	1
250	171	1
250	400	1
250	171	1
250	400	1
250	988	1
250	1516	1
250	1796	1
250	1964	1
250	2038	1
250	2039	1
250	2067	1
250	2126	1
250	2130	1
250	2148	1
250	2172	1
250	2259	1
250	2260	1
250	2400	1
250	2460	1
250	2570	1
250	1031	1
250	1038	1
251	470	1
251	591	1
251	661	1
251	470	1
251	591	1
251	661	1
251	964	1
251	1895	1
251	1977	1
251	1978	1
251	2307	1
252	495	1
252	568	1
252	642	1
252	688	1
252	765	1
252	787	1
252	495	1
252	568	1
252	642	1
252	688	1
252	765	1
252	787	1
252	815	1
252	822	1
252	852	1
252	924	1
252	1228	1
252	1229	1
252	1479	1
252	1502	1
252	2030	1
252	2284	1
252	2326	1
252	2499	1
252	758	1
252	822	1
252	1088	1
253	190	1
253	752	1
253	190	1
253	752	1
253	1355	1
253	190	1
254	1554	1
254	1571	1
254	2710	1
254	2760	1
254	2111	1
254	2789	1
254	2797	1
254	2801	1
254	2803	1
255	949	1
255	1032	1
255	1441	1
255	1480	1
255	1546	1
255	1571	1
255	1573	1
255	1587	1
255	1641	1
255	1822	1
255	1858	1
256	303	1
256	347	1
256	400	1
256	303	1
256	347	1
256	400	1
256	1967	1
256	2435	1
256	2611	1
257	337	1
257	446	1
257	528	1
257	562	1
257	677	1
257	337	1
257	446	1
257	528	1
257	562	1
257	677	1
257	811	1
257	905	1
257	1728	1
257	1874	1
257	1956	1
257	2606	1
258	409	1
258	410	1
258	580	1
258	639	1
258	653	1
258	661	1
258	409	1
258	410	1
258	580	1
258	639	1
258	653	1
258	661	1
258	915	1
258	1236	1
258	1255	1
258	1291	1
258	1444	1
258	1519	1
258	1732	1
258	1733	1
258	1734	1
258	1943	1
259	126	1
259	1009	1
259	1908	1
259	1945	1
259	1946	1
259	1998	1
259	2018	1
259	2120	1
259	2120	1
259	2153	1
259	2172	1
259	2178	1
260	54	1
260	172	1
260	188	1
260	332	1
260	343	1
260	360	1
260	515	1
260	530	1
260	556	1
260	586	1
260	654	1
260	735	1
260	172	1
260	188	1
260	332	1
260	343	1
260	360	1
260	515	1
260	530	1
260	556	1
260	586	1
260	654	1
260	735	1
260	954	1
260	1093	1
260	2399	1
260	2440	1
260	2469	1
260	669	1
261	134	1
261	219	1
261	219	1
261	1501	1
261	1855	1
261	1896	1
261	1911	1
261	1912	1
261	1918	1
261	1984	1
261	2207	1
261	2217	1
261	2218	1
262	631	1
262	631	1
262	1396	1
262	1545	1
262	1815	1
263	198	1
263	335	1
263	615	1
263	198	1
263	335	1
263	615	1
263	1127	1
263	2263	1
263	2390	1
263	2391	1
263	2510	1
263	2522	1
263	2608	1
264	354	1
264	540	1
264	619	1
264	354	1
264	540	1
264	619	1
264	1393	1
264	1757	1
265	97	1
265	1055	1
265	1225	1
265	1262	1
265	1265	1
265	1366	1
265	1377	1
265	1419	1
265	1651	1
265	1719	1
265	1720	1
265	1743	1
265	1759	1
265	1771	1
265	2095	1
265	2705	1
266	23	1
266	152	1
266	154	1
266	200	1
266	217	1
266	216	1
266	220	1
266	224	1
266	261	1
266	289	1
266	353	1
266	492	1
266	566	1
266	648	1
266	200	1
266	217	1
266	216	1
266	220	1
266	224	1
266	261	1
266	289	1
266	353	1
266	492	1
266	566	1
266	648	1
266	796	1
266	932	1
266	969	1
266	1092	1
266	1379	1
266	1686	1
266	1776	1
266	2035	1
266	2289	1
266	131	1
266	140	1
266	2296	1
266	168	1
266	2406	1
266	2408	1
266	2462	1
266	2551	1
266	1121	1
266	2798	1
266	2802	1
267	7	1
267	673	1
267	673	1
267	1396	1
267	2020	1
267	2059	1
267	455	1
267	2424	1
267	493	1
268	287	1
268	340	1
268	457	1
268	287	1
268	340	1
268	457	1
268	844	1
268	1599	1
269	250	1
269	743	1
269	756	1
269	250	1
269	743	1
269	756	1
269	840	1
269	876	1
269	966	1
269	988	1
269	1024	1
269	1269	1
269	1728	1
269	2010	1
269	2487	1
269	2654	1
269	1246	1
269	1579	1
270	827	1
270	1361	1
270	1782	1
270	2122	1
270	2135	1
270	2480	1
270	2488	1
270	1422	1
270	2779	1
270	2780	1
271	130	1
271	167	1
271	433	1
271	490	1
271	499	1
271	167	1
271	433	1
271	490	1
271	499	1
271	983	1
271	1038	1
271	1039	1
272	1753	1
272	1796	1
272	2104	1
272	2134	1
272	2154	1
272	2251	1
272	255	1
272	640	1
272	819	1
272	1401	1
273	96	1
273	122	1
273	218	1
273	345	1
273	485	1
273	658	1
273	667	1
273	218	1
273	345	1
273	485	1
273	658	1
273	667	1
273	1003	1
273	1044	1
273	1055	1
273	1324	1
273	1325	1
273	1366	1
273	1476	1
273	1555	1
274	600	1
274	600	1
274	821	1
274	1099	1
274	1414	1
274	1601	1
274	2450	1
275	38	1
275	45	1
275	49	1
275	56	1
275	56	1
275	63	1
275	65	1
275	69	1
275	79	1
275	110	1
275	111	1
275	127	1
275	138	1
275	159	1
275	183	1
275	209	1
275	218	1
275	231	1
275	253	1
275	278	1
275	283	1
275	325	1
275	348	1
275	357	1
275	402	1
275	418	1
275	437	1
275	440	1
275	445	1
275	448	1
275	485	1
275	503	1
275	504	1
275	543	1
275	572	1
275	595	1
275	628	1
275	655	1
275	669	1
275	670	1
275	686	1
275	743	1
275	747	1
275	755	1
275	781	1
275	789	1
275	183	1
275	209	1
275	218	1
275	231	1
275	253	1
275	278	1
275	283	1
275	325	1
275	348	1
275	357	1
275	402	1
275	418	1
275	437	1
275	440	1
275	445	1
275	448	1
275	485	1
275	503	1
275	504	1
275	543	1
275	572	1
275	595	1
275	628	1
275	655	1
275	669	1
275	670	1
275	686	1
275	743	1
275	747	1
275	755	1
275	781	1
275	789	1
275	815	1
275	832	1
275	857	1
275	890	1
275	931	1
275	972	1
275	1056	1
275	1068	1
275	1071	1
275	1082	1
275	1126	1
275	1128	1
275	1158	1
275	1174	1
275	1195	1
275	1374	1
275	1407	1
275	1420	1
275	1457	1
275	1468	1
275	1495	1
275	1508	1
275	1577	1
275	1595	1
275	1596	1
275	1605	1
275	1615	1
275	1641	1
275	1645	1
275	1665	1
275	1666	1
275	1671	1
275	1696	1
275	1707	1
275	1713	1
275	1718	1
275	1722	1
275	1753	1
275	1755	1
275	1770	1
275	1773	1
275	1787	1
275	1795	1
275	1797	1
275	1798	1
275	1836	1
275	1837	1
275	1850	1
275	1852	1
275	1866	1
275	1871	1
275	1895	1
275	1905	1
275	1928	1
275	1952	1
275	1979	1
275	1989	1
275	2007	1
275	2046	1
275	2058	1
275	2064	1
275	2068	1
275	2079	1
275	2098	1
275	2146	1
275	2152	1
275	2180	1
275	227	1
275	2452	1
275	2519	1
275	699	1
275	2556	1
275	2675	1
275	2691	1
275	1582	1
275	2743	1
276	761	1
276	761	1
276	1428	1
276	1511	1
276	1563	1
276	1567	1
276	1632	1
276	1670	1
276	1703	1
276	1725	1
276	1790	1
276	1862	1
276	1885	1
276	2222	1
277	343	1
277	504	1
277	527	1
277	343	1
277	504	1
277	527	1
277	1044	1
277	1253	1
277	1284	1
277	1317	1
277	1325	1
277	1326	1
277	1419	1
277	1421	1
277	1521	1
277	1547	1
277	1580	1
277	1589	1
277	1623	1
277	1728	1
277	1850	1
277	1852	1
277	1923	1
277	1968	1
277	2020	1
277	2075	1
277	2076	1
277	2084	1
277	1322	1
277	2706	1
277	2707	1
277	2744	1
277	2775	1
278	100	1
278	292	1
278	292	1
278	849	1
278	13	1
278	262	1
279	301	1
279	430	1
279	301	1
279	430	1
279	841	1
279	1255	1
279	1278	1
279	1975	1
280	276	1
280	276	1
280	1466	1
280	1501	1
280	1503	1
280	1545	1
280	1601	1
280	1757	1
280	2356	1
280	321	1
280	2479	1
280	2587	1
280	2654	1
280	1337	1
280	2666	1
280	1397	1
280	2674	1
280	1494	1
280	1531	1
280	1533	1
280	2694	1
280	1544	1
280	1605	1
280	2711	1
280	2715	1
280	1669	1
281	85	1
281	1823	1
281	1880	1
281	1997	1
281	2015	1
281	2094	1
281	2682	1
282	723	1
282	723	1
282	1055	1
282	1326	1
282	1340	1
282	1641	1
282	1708	1
282	1720	1
282	1723	1
282	1183	1
283	96	1
283	124	1
283	130	1
283	135	1
283	151	1
283	202	1
283	227	1
283	239	1
283	442	1
283	443	1
283	482	1
283	540	1
283	202	1
283	227	1
283	239	1
283	442	1
283	443	1
283	482	1
283	540	1
283	1641	1
283	1675	1
283	1721	1
283	1764	1
284	39	1
284	110	1
284	111	1
284	898	1
284	1680	1
284	1883	1
284	2129	1
284	2308	1
284	2683	1
284	1546	1
284	2700	1
284	2753	1
285	1834	1
285	2129	1
285	2164	1
285	1440	1
285	2094	1
285	2794	1
286	405	1
286	405	1
286	981	1
286	2186	1
286	459	1
286	2691	1
286	1848	1
287	1969	1
287	1990	1
287	2207	1
287	2208	1
287	2258	1
287	2259	1
288	430	1
288	514	1
288	605	1
288	430	1
288	514	1
288	605	1
288	906	1
288	1042	1
288	1503	1
288	1583	1
288	1619	1
288	1629	1
288	1681	1
288	1707	1
288	1736	1
288	1991	1
288	2098	1
288	2130	1
289	662	1
289	662	1
289	1167	1
289	1570	1
289	1605	1
289	1610	1
289	1687	1
289	1761	1
289	1762	1
289	1763	1
289	1765	1
289	1766	1
289	1866	1
289	1928	1
289	1946	1
289	1968	1
289	1981	1
289	2082	1
289	2165	1
289	2169	1
289	2184	1
289	2247	1
289	520	1
289	2532	1
289	2733	1
289	2028	1
289	2786	1
289	2795	1
290	117	1
290	149	1
290	229	1
290	408	1
290	576	1
290	678	1
290	750	1
290	229	1
290	408	1
290	576	1
290	678	1
290	750	1
290	827	1
290	1122	1
290	1389	1
291	84	1
291	798	1
291	896	1
291	1006	1
291	1020	1
291	1189	1
291	1318	1
291	1382	1
291	1396	1
291	1775	1
291	1865	1
291	2581	1
291	893	1
292	155	1
292	1851	1
292	2055	1
292	2066	1
292	2068	1
292	2184	1
292	2355	1
292	1409	1
292	2125	1
293	29	1
293	200	1
293	215	1
293	200	1
293	215	1
293	977	1
293	977	1
294	1267	1
294	1464	1
294	1507	1
294	1683	1
294	2016	1
294	2106	1
295	327	1
295	615	1
295	327	1
295	615	1
295	2130	1
295	1104	1
296	286	1
296	674	1
296	286	1
296	674	1
296	2019	1
297	129	1
297	1494	1
297	1522	1
297	1827	1
297	1852	1
297	1886	1
297	1895	1
297	1946	1
297	1957	1
297	1967	1
297	2055	1
297	2147	1
297	2209	1
297	2224	1
297	2247	1
297	41	1
297	2320	1
297	2323	1
297	320	1
297	393	1
297	596	1
297	641	1
297	815	1
297	897	1
297	1115	1
297	2679	1
297	1442	1
297	2746	1
297	1832	1
297	1944	1
297	2120	1
297	2788	1
297	2151	1
297	2184	1
298	347	1
298	369	1
298	470	1
298	347	1
298	369	1
298	470	1
298	800	1
298	970	1
298	1947	1
298	2124	1
298	2378	1
299	277	1
299	277	1
299	866	1
299	1493	1
299	1505	1
299	1648	1
299	1744	1
299	2012	1
299	2409	1
300	62	1
300	75	1
300	196	1
300	393	1
300	417	1
300	459	1
300	759	1
300	764	1
300	196	1
300	393	1
300	417	1
300	459	1
300	759	1
300	764	1
300	943	1
300	1116	1
300	1228	1
300	1229	1
300	1287	1
300	1288	1
300	1289	1
300	1371	1
300	1396	1
300	1474	1
300	1757	1
300	1845	1
300	1933	1
300	2238	1
300	2279	1
300	2338	1
300	2389	1
301	310	1
301	310	1
301	820	1
301	1495	1
301	1687	1
301	1713	1
301	2208	1
301	2580	1
301	2721	1
301	2019	1
302	328	1
302	655	1
302	328	1
302	655	1
302	1671	1
303	645	1
303	645	1
303	1371	1
303	1438	1
303	1607	1
303	1711	1
303	1978	1
303	2329	1
303	2353	1
303	2762	1
304	483	1
304	615	1
304	483	1
304	615	1
304	1294	1
304	1480	1
304	1749	1
304	1801	1
304	1897	1
305	285	1
305	359	1
305	371	1
305	285	1
305	359	1
305	371	1
305	844	1
305	961	1
305	1956	1
305	2080	1
305	2148	1
305	2331	1
305	2347	1
305	2380	1
305	2442	1
305	2489	1
305	2506	1
305	2514	1
305	2645	1
306	88	1
306	257	1
306	588	1
306	257	1
306	588	1
306	828	1
306	1094	1
306	1143	1
307	73	1
307	233	1
307	265	1
307	275	1
307	351	1
307	355	1
307	449	1
307	467	1
307	477	1
307	513	1
307	648	1
307	683	1
307	692	1
307	725	1
307	733	1
307	776	1
307	233	1
307	265	1
307	275	1
307	351	1
307	355	1
307	449	1
307	467	1
307	477	1
307	513	1
307	648	1
307	683	1
307	692	1
307	725	1
307	733	1
307	776	1
307	812	1
307	952	1
307	1845	1
307	2379	1
307	2641	1
307	2731	1
308	903	1
308	903	1
308	903	1
308	903	1
308	903	1
308	903	1
308	903	1
308	903	1
308	903	1
308	903	1
308	903	1
308	903	1
308	903	1
308	903	1
308	903	1
308	903	1
308	903	1
308	903	1
308	903	1
308	903	1
308	903	1
308	903	1
308	903	1
308	903	1
308	903	1
308	903	1
308	903	1
308	903	1
308	903	1
308	903	1
308	903	1
308	903	1
308	903	1
308	903	1
308	903	1
308	903	1
308	903	1
308	903	1
308	903	1
308	903	1
308	903	1
308	903	1
308	903	1
308	903	1
308	1340	1
308	1364	1
308	1365	1
308	1380	1
308	1482	1
308	1512	1
308	1589	1
308	1627	1
308	1679	1
308	1712	1
308	1724	1
308	1760	1
308	1839	1
308	1856	1
308	1879	1
308	2100	1
308	903	1
308	903	1
308	903	1
308	903	1
308	903	1
308	903	1
308	903	1
308	903	1
308	2703	1
308	2726	1
308	1739	1
308	2758	1
308	2774	1
309	460	1
309	644	1
309	460	1
309	644	1
309	1702	1
309	1853	1
310	305	1
310	305	1
310	1407	1
310	1492	1
310	1769	1
310	2118	1
311	346	1
311	346	1
311	1155	1
311	1243	1
311	1417	1
311	1429	1
311	1436	1
311	1464	1
311	1472	1
311	1473	1
311	1483	1
311	1565	1
311	1571	1
311	1650	1
311	1717	1
312	260	1
312	260	1
312	1321	1
312	1457	1
312	1502	1
312	1698	1
313	508	1
313	570	1
313	508	1
313	570	1
313	1214	1
313	1252	1
314	886	1
314	1151	1
314	1220	1
314	2273	1
314	2280	1
314	2592	1
314	2594	1
314	2596	1
315	173	1
315	317	1
315	173	1
315	317	1
315	1697	1
316	855	1
316	1264	1
316	2155	1
316	2718	1
316	2719	1
316	1659	1
317	37	1
317	292	1
317	504	1
317	641	1
317	667	1
317	292	1
317	504	1
317	641	1
317	667	1
317	1124	1
317	1347	1
317	1555	1
317	1555	1
317	1821	1
317	1890	1
317	1920	1
317	2021	1
317	58	1
317	2496	1
317	2639	1
317	2655	1
317	2655	1
317	2699	1
317	2749	1
317	2754	1
318	1097	1
318	1206	1
318	1752	1
318	1798	1
318	1928	1
318	1949	1
318	1950	1
318	1951	1
318	2064	1
318	2079	1
318	2152	1
318	2743	1
319	2022	1
319	2120	1
319	2304	1
319	281	1
319	2024	1
320	772	1
320	772	1
320	1321	1
320	1407	1
320	1601	1
320	1891	1
320	1030	1
321	55	1
321	558	1
321	558	1
321	1214	1
321	1872	1
322	1096	1
322	1598	1
322	2229	1
322	2714	1
322	2257	1
323	831	1
323	2272	1
323	641	1
323	1550	1
323	1913	1
324	527	1
324	694	1
324	527	1
324	694	1
324	961	1
324	1252	1
324	1560	1
324	1737	1
324	2178	1
324	2239	1
324	2334	1
324	1034	1
324	2172	1
324	2236	1
325	1994	1
325	2016	1
325	2054	1
325	2067	1
325	2108	1
325	2125	1
325	2133	1
325	2148	1
325	2150	1
325	2153	1
325	2157	1
325	2182	1
325	2183	1
326	319	1
326	521	1
326	615	1
326	319	1
326	521	1
326	615	1
326	962	1
326	2300	1
326	2341	1
326	2407	1
327	630	1
327	685	1
327	630	1
327	685	1
327	1329	1
327	1447	1
327	1641	1
327	2091	1
328	1493	1
328	1543	1
328	1658	1
328	2736	1
328	1862	1
328	2767	1
328	2203	1
329	146	1
329	148	1
329	253	1
329	326	1
329	334	1
329	371	1
329	253	1
329	326	1
329	334	1
329	371	1
329	1021	1
329	1102	1
329	1229	1
329	336	1
330	561	1
330	561	1
330	1062	1
330	1455	1
330	1506	1
330	1693	1
330	1765	1
330	1880	1
330	1925	1
330	2109	1
330	2343	1
330	2567	1
330	2083	1
331	670	1
331	670	1
331	864	1
331	885	1
331	915	1
331	1871	1
331	1943	1
332	816	1
332	892	1
332	1014	1
332	1405	1
332	1410	1
332	1466	1
332	1499	1
332	1591	1
332	1270	1
333	439	1
333	439	1
333	1551	1
333	1852	1
333	1948	1
333	1952	1
333	1967	1
333	1972	1
333	1978	1
333	2018	1
333	2019	1
333	2033	1
333	2046	1
334	489	1
334	489	1
334	407	1
334	488	1
334	2492	1
334	2493	1
334	2495	1
334	2554	1
334	1115	1
334	2708	1
335	1360	1
335	1669	1
335	1912	1
335	1957	1
335	1999	1
335	2023	1
335	33	1
335	253	1
335	255	1
335	409	1
335	410	1
335	2597	1
335	1123	1
335	1411	1
335	1794	1
335	2768	1
335	2260	1
336	826	1
336	1116	1
336	1224	1
336	1382	1
336	1396	1
336	1782	1
336	1803	1
336	1813	1
336	1876	1
336	2546	1
336	2712	1
336	2723	1
337	260	1
337	321	1
337	335	1
337	340	1
337	532	1
337	260	1
337	321	1
337	335	1
337	340	1
337	532	1
337	803	1
337	951	1
337	1268	1
337	1599	1
337	2297	1
337	2358	1
338	259	1
338	604	1
338	660	1
338	259	1
338	604	1
338	660	1
338	972	1
338	1660	1
338	2303	1
338	2305	1
338	2346	1
338	2397	1
338	2447	1
338	2565	1
339	122	1
339	335	1
339	379	1
339	615	1
339	655	1
339	698	1
339	724	1
339	335	1
339	379	1
339	615	1
339	655	1
339	698	1
339	724	1
339	911	1
339	1019	1
339	1431	1
339	1545	1
339	1671	1
339	1762	1
339	2498	1
339	2500	1
339	1532	1
340	63	1
340	93	1
340	95	1
340	113	1
340	116	1
340	137	1
340	176	1
340	327	1
340	456	1
340	176	1
340	327	1
340	456	1
340	1463	1
340	1569	1
341	298	1
341	553	1
341	298	1
341	553	1
341	2237	1
341	2528	1
341	2591	1
342	284	1
342	284	1
342	1096	1
342	1101	1
342	1112	1
342	1180	1
342	1194	1
342	1244	1
342	1430	1
342	1444	1
342	1481	1
342	1483	1
342	1507	1
342	1572	1
342	1583	1
342	2002	1
342	2704	1
343	674	1
343	761	1
343	781	1
343	674	1
343	761	1
343	781	1
343	813	1
343	858	1
343	979	1
343	1336	1
343	1869	1
343	1921	1
343	1936	1
343	1965	1
343	2695	1
344	1278	1
344	1453	1
344	1466	1
344	1476	1
344	1610	1
344	1660	1
344	1687	1
344	1782	1
344	2640	1
344	1410	1
345	11	1
345	62	1
345	93	1
345	128	1
345	137	1
345	214	1
345	231	1
345	366	1
345	536	1
345	625	1
345	671	1
345	693	1
345	794	1
345	214	1
345	231	1
345	366	1
345	536	1
345	625	1
345	671	1
345	693	1
345	794	1
345	956	1
345	961	1
345	977	1
345	1373	1
345	1424	1
345	1645	1
345	1646	1
345	1757	1
345	1868	1
345	1986	1
345	2001	1
345	2096	1
345	2223	1
345	2322	1
345	2324	1
345	353	1
345	2373	1
345	2381	1
345	2410	1
345	2421	1
345	656	1
345	2520	1
345	2571	1
345	2579	1
345	1089	1
345	2689	1
345	2716	1
345	2738	1
346	859	1
346	1683	1
346	1990	1
346	2045	1
346	2048	1
347	64	1
347	714	1
347	714	1
347	996	1
347	1776	1
347	1825	1
347	2268	1
347	2432	1
347	2436	1
347	713	1
347	836	1
347	2621	1
347	2623	1
348	181	1
348	387	1
348	181	1
348	387	1
348	950	1
348	1097	1
348	1752	1
348	148	1
348	697	1
349	599	1
349	624	1
349	599	1
349	624	1
349	958	1
349	961	1
349	1064	1
349	1435	1
349	1929	1
349	2019	1
349	2051	1
349	2105	1
349	2116	1
349	2481	1
349	2632	1
349	2752	1
349	2763	1
349	2769	1
349	1994	1
350	629	1
350	629	1
350	1673	1
350	1907	1
350	2112	1
350	2168	1
351	339	1
351	351	1
351	359	1
351	371	1
351	373	1
351	530	1
351	656	1
351	339	1
351	351	1
351	359	1
351	371	1
351	373	1
351	530	1
351	656	1
351	906	1
351	1278	1
351	1303	1
351	1539	1
351	1756	1
351	1782	1
351	1893	1
351	1895	1
351	221	1
351	233	1
351	2332	1
351	2335	1
351	253	1
351	281	1
351	2376	1
351	659	1
351	2649	1
352	293	1
352	527	1
352	293	1
352	527	1
352	1625	1
352	1733	1
352	2392	1
353	1148	1
353	1464	1
353	1941	1
353	1983	1
353	1992	1
353	2072	1
353	2772	1
354	801	1
354	1501	1
354	2170	1
354	2172	1
354	2690	1
355	1574	1
355	2013	1
355	2034	1
355	2077	1
355	2077	1
355	1803	1
356	873	1
356	1167	1
356	1210	1
356	1745	1
356	1931	1
356	922	1
357	155	1
357	295	1
357	295	1
357	932	1
357	1139	1
357	2274	1
357	2319	1
357	207	1
357	334	1
357	2459	1
357	2472	1
357	634	1
357	2555	1
357	2631	1
357	2747	1
358	852	1
358	1082	1
358	1085	1
358	1116	1
358	1237	1
358	1304	1
358	1476	1
358	1506	1
358	1675	1
358	2471	1
359	1325	1
359	1761	1
359	1762	1
359	1764	1
359	1797	1
359	1848	1
359	1994	1
359	1766	1
359	1857	1
360	194	1
360	612	1
360	705	1
360	194	1
360	612	1
360	705	1
360	1198	1
360	1263	1
360	1492	1
360	1641	1
360	1676	1
360	1683	1
360	1713	1
360	1722	1
360	2001	1
360	2037	1
361	432	1
361	754	1
361	432	1
361	754	1
361	353	1
361	380	1
361	2534	1
362	738	1
362	738	1
362	1429	1
362	1483	1
362	1619	1
362	1638	1
362	1651	1
363	775	1
363	775	1
363	925	1
363	926	1
363	982	1
363	1713	1
363	1957	1
363	2184	1
363	2342	1
364	1605	1
364	1806	1
364	1827	1
364	1861	1
364	1863	1
364	1925	1
364	2061	1
364	2083	1
364	2129	1
364	2148	1
364	2267	1
364	2281	1
364	142	1
364	293	1
364	2367	1
364	363	1
364	374	1
364	435	1
364	2410	1
364	2668	1
364	2748	1
365	1391	1
365	1571	1
365	1587	1
365	2137	1
365	2159	1
366	61	1
366	1156	1
366	1411	1
366	1676	1
366	1694	1
366	1704	1
366	1716	1
366	1775	1
366	1794	1
366	1833	1
366	1835	1
366	1850	1
366	1852	1
366	1911	1
366	1978	1
366	1999	1
366	2019	1
366	2046	1
366	2054	1
366	2077	1
366	2102	1
366	2148	1
366	2157	1
366	2169	1
366	2206	1
366	2207	1
366	2233	1
366	2241	1
366	2243	1
366	2244	1
366	2253	1
366	2258	1
366	2260	1
366	898	1
366	1559	1
366	1685	1
366	1695	1
366	1807	1
366	1843	1
366	2755	1
366	2796	1
367	304	1
367	304	1
367	930	1
367	1128	1
367	1406	1
367	1837	1
367	1851	1
367	1852	1
367	1928	1
367	1951	1
367	1968	1
367	1978	1
367	1980	1
367	1981	1
367	2046	1
367	2102	1
367	2146	1
367	2152	1
367	2156	1
367	2172	1
367	2357	1
367	2359	1
367	963	1
367	1156	1
367	2648	1
367	1310	1
367	1309	1
367	2728	1
367	1695	1
367	2740	1
367	1874	1
367	1906	1
368	207	1
368	207	1
368	833	1
368	1945	1
368	2285	1
368	101	1
368	2294	1
368	2317	1
368	2319	1
368	2375	1
368	2401	1
368	437	1
368	2441	1
368	2463	1
368	2468	1
368	2553	1
368	2577	1
368	2620	1
368	2638	1
369	12	1
369	502	1
369	502	1
369	602	1
369	696	1
369	502	1
369	502	1
369	602	1
369	696	1
369	2531	1
369	2599	1
369	994	1
370	165	1
370	165	1
370	1466	1
370	1464	1
370	1507	1
370	1559	1
370	1584	1
370	1678	1
370	1983	1
370	2118	1
370	2139	1
371	185	1
371	185	1
371	1243	1
371	2074	1
371	2750	1
371	2783	1
372	5	1
372	82	1
372	424	1
372	424	1
372	836	1
372	927	1
372	962	1
372	1113	1
372	1689	1
372	770	1
372	2642	1
373	2046	1
373	435	1
373	1124	1
373	1348	1
373	1455	1
374	385	1
374	785	1
374	385	1
374	785	1
374	853	1
374	854	1
374	987	1
374	2557	1
374	2558	1
375	2676	1
375	1451	1
375	1528	1
375	1568	1
375	1579	1
376	1000	1
376	1292	1
376	1533	1
376	1537	1
376	1598	1
377	526	1
377	526	1
377	1520	1
377	1520	1
377	1564	1
377	1564	1
378	195	1
378	370	1
378	431	1
378	545	1
378	597	1
378	195	1
378	370	1
378	431	1
378	545	1
378	597	1
378	837	1
378	1019	1
378	1155	1
378	1300	1
378	1367	1
378	1383	1
378	1431	1
378	1437	1
378	1439	1
378	1453	1
378	1457	1
378	1490	1
378	1492	1
378	1494	1
378	1498	1
378	1534	1
378	1537	1
378	1544	1
378	1545	1
378	1588	1
378	1605	1
378	1606	1
378	1610	1
378	1675	1
378	1687	1
378	1704	1
378	1753	1
378	1828	1
378	1830	1
378	1831	1
378	1846	1
378	1852	1
378	1895	1
378	1979	1
378	2032	1
378	2171	1
378	2248	1
378	2656	1
379	92	1
379	381	1
379	426	1
379	589	1
379	664	1
379	725	1
379	381	1
379	426	1
379	589	1
379	664	1
379	725	1
379	825	1
379	827	1
379	860	1
379	1107	1
379	1672	1
379	1781	1
379	2402	1
379	2403	1
379	2417	1
379	476	1
379	2451	1
379	2458	1
380	1690	1
380	1889	1
380	2047	1
380	2192	1
380	2223	1
381	944	1
381	1115	1
381	1118	1
381	1119	1
381	1163	1
381	1260	1
381	1261	1
381	1284	1
381	1301	1
381	1408	1
381	1554	1
381	1566	1
381	1654	1
381	1738	1
381	1739	1
382	1055	1
382	1194	1
382	1412	1
382	1413	1
382	1483	1
382	1500	1
382	1502	1
382	1526	1
382	1533	1
382	1542	1
382	1564	1
382	1613	1
382	1641	1
382	1687	1
382	1722	1
382	1728	1
382	1753	1
382	1762	1
382	1815	1
382	1816	1
382	1828	1
382	1849	1
382	1850	1
382	1893	1
382	1900	1
382	1922	1
382	1967	1
382	1704	1
382	1720	1
383	186	1
383	286	1
383	750	1
383	186	1
383	286	1
383	750	1
383	959	1
383	1283	1
383	1581	1
383	1586	1
383	1632	1
383	1637	1
383	1677	1
383	1705	1
383	1644	1
384	565	1
384	565	1
384	1534	1
384	1601	1
384	1757	1
385	356	1
385	674	1
385	356	1
385	674	1
385	1007	1
385	1860	1
385	2019	1
385	2041	1
385	2309	1
385	2331	1
386	0	1
386	1	1
386	462	1
386	570	1
386	610	1
386	462	1
386	570	1
386	610	1
386	806	1
386	830	1
386	907	1
386	1073	1
386	1186	1
386	1192	1
386	1493	1
386	1963	1
386	2600	1
387	179	1
387	315	1
387	512	1
387	723	1
387	768	1
387	179	1
387	315	1
387	512	1
387	723	1
387	768	1
387	870	1
387	1010	1
387	1042	1
387	1256	1
387	1415	1
387	1562	1
387	1662	1
388	327	1
388	327	1
388	846	1
388	1187	1
388	1212	1
388	1213	1
388	1830	1
388	1888	1
388	1937	1
388	1957	1
388	1972	1
389	430	1
389	430	1
389	847	1
389	1198	1
389	1782	1
389	1850	1
389	1852	1
389	2017	1
389	2034	1
389	2087	1
390	313	1
390	313	1
390	313	1
390	313	1
390	1909	1
390	2074	1
390	2118	1
390	2119	1
390	2138	1
390	2143	1
390	2144	1
390	2163	1
391	622	1
391	622	1
391	1393	1
391	2153	1
391	2184	1
391	161	1
391	2419	1
391	2561	1
391	1394	1
391	1722	1
391	2799	1
392	1358	1
392	2008	1
392	2016	1
392	2173	1
392	2247	1
393	450	1
393	497	1
393	534	1
393	450	1
393	497	1
393	534	1
393	2635	1
394	4	1
394	738	1
394	738	1
394	873	1
394	889	1
395	201	1
395	211	1
395	201	1
395	211	1
395	1391	1
395	2201	1
396	571	1
396	598	1
396	571	1
396	598	1
396	177	1
396	2336	1
397	1097	1
397	1396	1
397	1598	1
397	1752	1
397	2315	1
397	2374	1
397	2503	1
397	1837	1
398	603	1
398	654	1
398	770	1
398	603	1
398	654	1
398	770	1
398	1078	1
398	1740	1
398	1821	1
398	2057	1
398	2079	1
398	2145	1
398	572	1
398	2504	1
398	2508	1
398	2588	1
398	1013	1
398	2661	1
398	2688	1
398	2773	1
399	306	1
399	731	1
399	306	1
399	731	1
399	1083	1
399	1391	1
399	1732	1
399	2406	1
399	2446	1
399	2665	1
399	2672	1
399	2709	1
399	2710	1
399	2720	1
399	2781	1
400	247	1
400	312	1
400	247	1
400	312	1
400	1459	1
401	953	1
401	1135	1
401	1137	1
401	1371	1
401	1474	1
401	1476	1
401	1762	1
401	1765	1
401	1845	1
401	1848	1
401	2066	1
401	2153	1
401	2172	1
401	2183	1
401	2205	1
401	2214	1
401	2219	1
401	2245	1
401	2247	1
401	2248	1
401	2687	1
401	2692	1
401	1721	1
401	2793	1
402	855	1
402	975	1
402	1641	1
402	1805	1
402	1900	1
402	2019	1
402	2043	1
402	2051	1
402	2093	1
402	2110	1
402	2199	1
402	2387	1
402	2490	1
402	2678	1
402	2718	1
403	280	1
403	280	1
403	1059	1
403	1242	1
403	2265	1
403	2344	1
403	2414	1
403	2569	1
403	2633	1
404	1302	1
404	1712	1
404	1719	1
404	1747	1
404	1799	1
404	1884	1
404	2174	1
405	56	1
405	430	1
405	645	1
405	430	1
405	645	1
405	1255	1
405	1457	1
405	1605	1
405	1634	1
405	1641	1
405	1733	1
405	1756	1
405	1787	1
405	1319	1
406	118	1
406	159	1
406	1605	1
406	1848	1
406	1852	1
406	1951	1
406	1953	1
406	1954	1
406	1955	1
406	1956	1
406	1957	1
406	1958	1
406	1959	1
406	1960	1
406	1961	1
406	1966	1
406	1978	1
406	1979	1
406	2007	1
406	2040	1
406	2046	1
406	2086	1
406	2102	1
406	2120	1
406	2732	1
407	184	1
407	204	1
407	506	1
407	529	1
407	549	1
407	550	1
407	582	1
407	619	1
407	719	1
407	184	1
407	204	1
407	506	1
407	529	1
407	549	1
407	550	1
407	582	1
407	619	1
407	719	1
407	839	1
407	862	1
407	1141	1
407	1168	1
407	1709	1
407	2310	1
407	2470	1
408	1989	1
408	2007	1
408	2085	1
408	2153	1
408	2226	1
408	2237	1
408	2693	1
409	166	1
409	175	1
409	166	1
409	175	1
409	1753	1
409	1881	1
409	2517	1
410	1082	1
410	1176	1
410	1846	1
410	1850	1
410	1857	1
410	1910	1
410	1978	1
410	1989	1
410	2671	1
411	309	1
411	480	1
411	575	1
411	309	1
411	480	1
411	575	1
411	1044	1
411	1177	1
411	1186	1
411	1377	1
411	1427	1
411	1623	1
411	1971	1
411	2101	1
411	2103	1
411	2111	1
411	1566	1
411	2076	1
412	17	1
412	104	1
412	108	1
412	109	1
412	112	1
412	121	1
412	342	1
412	351	1
412	355	1
412	356	1
412	358	1
412	359	1
412	359	1
412	361	1
412	364	1
412	373	1
412	371	1
412	378	1
412	395	1
412	404	1
412	406	1
412	429	1
412	436	1
412	577	1
412	589	1
412	342	1
412	351	1
412	355	1
412	356	1
412	358	1
412	359	1
412	359	1
412	361	1
412	364	1
412	373	1
412	371	1
412	378	1
412	395	1
412	404	1
412	406	1
412	429	1
412	436	1
412	577	1
412	589	1
412	926	1
412	947	1
412	2119	1
412	2283	1
412	2288	1
412	123	1
412	2293	1
412	2299	1
412	2339	1
412	2340	1
412	298	1
412	2418	1
412	473	1
412	2426	1
412	590	1
412	2476	1
412	2482	1
412	2484	1
412	2507	1
412	2574	1
412	2583	1
412	2585	1
412	2625	1
412	2626	1
412	1038	1
413	1044	1
413	1420	1
413	1504	1
413	1799	1
413	2657	1
414	806	1
414	1877	1
414	1893	1
414	2067	1
414	2190	1
415	921	1
415	2184	1
415	2207	1
415	1991	1
415	2790	1
416	102	1
416	106	1
416	114	1
416	163	1
416	225	1
416	245	1
416	252	1
416	267	1
416	415	1
416	478	1
416	491	1
416	648	1
416	683	1
416	741	1
416	742	1
416	759	1
416	772	1
416	225	1
416	245	1
416	252	1
416	267	1
416	415	1
416	478	1
416	491	1
416	648	1
416	683	1
416	741	1
416	742	1
416	759	1
416	772	1
416	805	1
416	837	1
416	871	1
416	941	1
416	949	1
416	952	1
416	974	1
416	979	1
416	988	1
416	1229	1
416	1234	1
416	1543	1
416	1545	1
416	1545	1
416	1840	1
416	2290	1
416	2394	1
416	2454	1
416	2461	1
416	2628	1
416	2696	1
416	2697	1
416	2731	1
416	2745	1
417	22	1
417	51	1
417	52	1
417	161	1
417	162	1
417	188	1
417	465	1
417	613	1
417	636	1
417	188	1
417	465	1
417	613	1
417	636	1
417	942	1
417	1008	1
417	1023	1
417	1131	1
417	1246	1
417	1350	1
417	1371	1
417	1387	1
417	1413	1
417	1486	1
417	1488	1
417	1497	1
417	1711	1
417	1878	1
417	1953	1
417	1956	1
417	1957	1
417	1960	1
417	1979	1
417	2527	1
418	207	1
418	671	1
418	693	1
418	207	1
418	671	1
418	693	1
418	1217	1
418	2106	1
418	2147	1
418	2160	1
418	2183	1
418	2184	1
418	2317	1
418	2319	1
418	327	1
418	2360	1
418	597	1
418	826	1
418	2590	1
418	2598	1
418	1308	1
418	2667	1
419	854	1
419	243	1
419	785	1
419	2584	1
419	987	1
420	2118	1
420	2195	1
420	2255	1
420	2258	1
420	2335	1
421	19	1
421	20	1
421	36	1
421	40	1
421	76	1
421	147	1
421	158	1
421	245	1
421	249	1
421	279	1
421	362	1
421	370	1
421	401	1
421	419	1
421	518	1
421	520	1
421	554	1
421	592	1
421	614	1
421	659	1
421	674	1
421	722	1
421	729	1
421	748	1
421	245	1
421	249	1
421	279	1
421	362	1
421	370	1
421	401	1
421	419	1
421	518	1
421	520	1
421	554	1
421	592	1
421	614	1
421	659	1
421	674	1
421	722	1
421	729	1
421	748	1
421	835	1
421	842	1
421	1011	1
421	1023	1
421	1105	1
421	1209	1
421	1235	1
421	1325	1
421	1331	1
421	1363	1
421	1412	1
421	1432	1
421	1456	1
421	1480	1
421	1522	1
421	1567	1
421	1601	1
421	1609	1
421	1782	1
421	1908	1
421	1995	1
421	2049	1
421	2098	1
422	930	1
422	1306	1
422	1374	1
422	1731	1
422	1895	1
422	1981	1
422	2169	1
423	798	1
423	799	1
423	964	1
423	2046	1
423	2345	1
424	232	1
424	232	1
424	1415	1
424	1470	1
424	1687	1
424	1804	1
424	1887	1
424	1903	1
424	1917	1
424	1919	1
424	1928	1
424	2029	1
424	2725	1
424	2764	1
425	53	1
425	2129	1
425	2147	1
425	2149	1
425	2276	1
425	513	1
425	2610	1
425	1843	1
425	1966	1
425	2771	1
425	2777	1
425	2133	1
425	2150	1
425	2183	1
426	282	1
426	352	1
426	282	1
426	352	1
426	1177	1
426	1957	1
426	2070	1
426	2119	1
426	2224	1
426	2274	1
426	2294	1
426	2298	1
426	182	1
426	183	1
426	191	1
426	203	1
426	2325	1
426	2330	1
426	2339	1
426	2348	1
426	287	1
426	2350	1
426	329	1
426	2364	1
426	343	1
426	2368	1
426	2371	1
426	366	1
426	372	1
426	383	1
426	396	1
426	395	1
426	2386	1
426	428	1
426	505	1
426	531	1
426	2468	1
426	613	1
426	2509	1
426	2523	1
426	2537	1
426	2544	1
426	2564	1
426	2573	1
426	2577	1
426	2578	1
426	826	1
426	1022	1
426	2643	1
426	1139	1
426	1169	1
426	1189	1
426	1301	1
426	1358	1
426	2681	1
426	2689	1
426	2713	1
426	1684	1
426	2729	1
426	2730	1
426	1733	1
426	2742	1
426	2756	1
426	2757	1
426	1878	1
426	1987	1
426	2008	1
426	2023	1
426	2778	1
426	2785	1
426	2787	1
427	1117	1
427	1320	1
427	1337	1
427	1399	1
427	1454	1
427	1464	1
427	1507	1
427	1548	1
427	1573	1
428	231	1
428	231	1
428	1883	1
428	9	1
428	2264	1
428	2282	1
428	2286	1
428	2288	1
428	122	1
428	123	1
428	2293	1
428	131	1
428	143	1
428	244	1
428	2349	1
428	2363	1
428	365	1
428	381	1
428	2415	1
428	2437	1
428	2444	1
428	2446	1
428	546	1
428	2458	1
428	2484	1
428	2507	1
428	2535	1
428	2572	1
428	836	1
428	856	1
428	2604	1
428	932	1
428	2609	1
428	951	1
428	962	1
428	2617	1
428	997	1
428	1049	1
428	2637	1
428	2668	1
429	875	1
429	1476	1
429	2428	1
429	2436	1
429	982	1
429	1025	1
429	2651	1
429	2049	1
430	249	1
430	343	1
430	469	1
430	535	1
430	538	1
430	659	1
430	757	1
430	249	1
430	343	1
430	469	1
430	535	1
430	538	1
430	659	1
430	757	1
430	1074	1
430	1155	1
430	1978	1
430	2042	1
430	2158	1
430	2166	1
430	2174	1
430	2627	1
431	1890	1
431	1993	1
431	2151	1
431	2261	1
431	2566	1
431	1279	1
