0	0	1
0	48	1
0	237	1
0	398	1
0	751	1
0	906	1
0	1350	1
0	1600	1
0	1730	1
0	2245	1
0	2364	1
0	2977	1
0	3499	1
0	3657	1
0	3860	1
1	1	1
1	1117	1
1	1123	1
1	2233	1
1	4300	1
2	2	1
2	433	1
2	533	1
2	774	1
2	903	1
2	905	1
2	1594	1
2	1665	1
2	2489	1
3	2	1
3	164	1
3	387	1
3	601	1
3	628	1
3	698	1
3	829	1
3	858	1
3	864	1
3	865	1
3	921	1
3	1128	1
3	1306	1
3	1357	1
3	1564	1
3	1589	1
3	1627	1
3	1681	1
3	1776	1
3	1904	1
3	1905	1
3	1915	1
3	1918	1
3	1923	1
3	1964	1
3	2019	1
3	2154	1
3	2185	1
3	2276	1
3	2318	1
3	2339	1
3	2353	1
3	2458	1
3	2573	1
3	2749	1
3	2768	1
3	2783	1
3	2857	1
3	2874	1
3	2973	1
3	3041	1
3	3090	1
3	3172	1
3	3201	1
3	3413	1
3	3672	1
3	3819	1
3	3822	1
3	3875	1
3	3994	1
3	4028	1
3	4050	1
3	4147	1
3	4166	1
3	4622	1
4	2	1
4	29	1
4	258	1
4	505	1
4	756	1
4	920	1
4	1146	1
4	1525	1
4	2267	1
4	2590	1
4	2771	1
4	3166	1
4	3271	1
4	3362	1
4	4390	1
5	3	1
5	2453	1
5	2657	1
5	2775	1
5	3398	1
5	3479	1
5	4370	1
6	4	1
6	636	1
6	867	1
6	1234	1
6	1287	1
6	1395	1
6	1967	1
6	2819	1
7	5	1
7	2048	1
7	2748	1
7	3959	1
7	4177	1
7	4649	1
8	6	1
8	43	1
8	182	1
8	258	1
8	359	1
8	572	1
8	896	1
8	965	1
8	973	1
8	1061	1
8	1360	1
8	1714	1
8	1733	1
8	1761	1
8	1924	1
8	1995	1
8	2776	1
8	3876	1
9	7	1
9	656	1
9	1050	1
9	1489	1
9	3156	1
9	3409	1
9	3415	1
9	3574	1
9	3575	1
9	3992	1
9	4139	1
10	8	1
10	9	1
10	12	1
10	13	1
10	15	1
10	33	1
10	34	1
10	35	1
10	36	1
10	45	1
10	58	1
10	60	1
10	61	1
10	104	1
10	156	1
10	186	1
10	219	1
10	300	1
10	622	1
10	634	1
10	749	1
10	780	1
10	782	1
10	962	1
10	2370	1
10	2698	1
10	3185	1
10	3456	1
10	3869	1
10	4205	1
11	9	1
11	65	1
11	445	1
11	618	1
11	645	1
11	717	1
11	1192	1
11	1223	1
11	1252	1
11	1705	1
11	2084	1
11	2780	1
11	2850	1
11	3259	1
11	3265	1
11	3297	1
11	3363	1
11	3418	1
11	3910	1
11	4213	1
11	4320	1
11	4331	1
11	4461	1
11	4687	1
12	10	1
12	46	1
12	63	1
12	603	1
12	2250	1
12	2392	1
12	2393	1
12	2426	1
12	2528	1
12	4663	1
13	10	1
13	17	1
13	24	1
13	1712	1
13	2010	1
14	10	1
14	11	1
14	16	1
14	75	1
14	406	1
14	410	1
14	482	1
14	636	1
14	837	1
14	1837	1
14	1867	1
14	1941	1
14	3253	1
14	3265	1
14	4143	1
14	4403	1
15	13	1
15	49	1
15	83	1
15	132	1
15	191	1
15	212	1
15	257	1
15	263	1
15	575	1
15	606	1
15	727	1
15	730	1
15	738	1
15	889	1
15	914	1
15	928	1
15	968	1
15	1017	1
15	1045	1
15	1196	1
15	1261	1
15	1341	1
15	1357	1
15	1383	1
15	1510	1
15	1567	1
15	1782	1
15	1871	1
15	1884	1
15	1940	1
15	1943	1
15	2019	1
15	2077	1
15	2156	1
15	2265	1
15	2305	1
15	2373	1
15	2421	1
15	2499	1
15	2564	1
15	2574	1
15	2630	1
15	2709	1
15	2865	1
15	2982	1
15	3091	1
15	3136	1
15	3256	1
15	3330	1
15	4125	1
15	4143	1
15	4418	1
15	4555	1
15	1263	1
15	4739	1
16	13	1
16	41	1
16	65	1
16	66	1
16	218	1
16	315	1
16	333	1
16	917	1
16	2585	1
17	13	1
17	615	1
17	937	1
17	1397	1
17	2257	1
17	2570	1
17	2838	1
17	2909	1
17	3198	1
18	13	1
18	14	1
18	17	1
18	22	1
18	42	1
18	45	1
18	69	1
18	128	1
18	906	1
18	1724	1
18	2686	1
18	2962	1
18	4033	1
18	3779	1
19	14	1
19	486	1
19	1565	1
19	1631	1
19	1729	1
19	3778	1
19	4196	1
20	16	1
20	1759	1
20	4319	1
20	4455	1
20	4472	1
21	17	1
21	72	1
21	75	1
21	175	1
21	801	1
21	1021	1
21	1133	1
21	1180	1
21	3162	1
21	3367	1
21	3869	1
22	18	1
22	205	1
22	391	1
22	514	1
22	1178	1
22	1454	1
22	1466	1
22	1465	1
22	2542	1
23	19	1
23	80	1
23	269	1
23	283	1
23	543	1
23	544	1
23	853	1
23	1437	1
23	1574	1
23	1881	1
23	1997	1
23	2260	1
23	2674	1
23	2796	1
23	3075	1
23	3159	1
23	3641	1
23	3692	1
23	3853	1
23	4090	1
24	20	1
24	272	1
24	1057	1
24	1161	1
24	1376	1
24	2889	1
24	4481	1
24	171	1
25	21	1
25	2079	1
25	2116	1
25	2135	1
25	2249	1
25	3204	1
25	3291	1
25	3490	1
25	4467	1
25	4471	1
26	23	1
26	337	1
26	1229	1
26	1519	1
26	2657	1
27	25	1
27	44	1
27	307	1
27	1033	1
27	1071	1
27	1753	1
27	1782	1
27	1821	1
27	2893	1
28	26	1
28	167	1
28	378	1
28	1048	1
28	2363	1
28	2804	1
28	4429	1
29	27	1
29	990	1
29	1110	1
29	1166	1
29	1422	1
29	1723	1
29	1781	1
29	1870	1
29	1871	1
29	3129	1
29	3256	1
29	3580	1
29	3821	1
29	4259	1
29	4369	1
30	27	1
30	830	1
30	851	1
30	900	1
30	921	1
30	1152	1
30	1292	1
30	1490	1
30	1794	1
30	2740	1
30	2888	1
30	3208	1
30	4314	1
31	28	1
31	118	1
31	261	1
31	3789	1
31	4350	1
31	4399	1
32	30	1
32	1145	1
32	1974	1
32	1983	1
32	2034	1
32	2080	1
32	2369	1
32	2807	1
32	3095	1
32	3728	1
32	3834	1
32	4318	1
33	31	1
33	211	1
33	424	1
33	452	1
33	654	1
33	1290	1
33	1579	1
33	2204	1
33	2485	1
33	2723	1
33	2726	1
33	2971	1
34	32	1
34	43	1
34	103	1
34	221	1
34	666	1
34	1087	1
34	1506	1
34	1586	1
34	1609	1
34	1780	1
34	1805	1
34	1808	1
34	1815	1
34	2047	1
34	2551	1
34	2786	1
34	3031	1
34	3257	1
34	4288	1
34	4642	1
35	34	1
35	217	1
35	462	1
35	581	1
35	1162	1
35	1225	1
35	1298	1
35	1513	1
35	1591	1
35	4172	1
35	4175	1
36	37	1
36	619	1
36	1231	1
36	1320	1
36	1443	1
36	1444	1
36	1445	1
36	1660	1
36	1667	1
36	2064	1
36	2263	1
36	2464	1
36	2802	1
36	3117	1
36	3371	1
36	3481	1
36	3483	1
36	3567	1
36	3861	1
36	3880	1
36	3939	1
36	3956	1
36	4254	1
36	4266	1
36	4351	1
36	4382	1
36	4615	1
37	37	1
37	98	1
37	466	1
37	663	1
37	2902	1
37	3952	1
38	38	1
38	92	1
38	493	1
38	638	1
38	1227	1
38	1326	1
38	1343	1
39	39	1
39	2000	1
39	3521	1
39	3663	1
39	3855	1
40	39	1
40	48	1
40	117	1
40	134	1
40	223	1
40	353	1
40	599	1
40	617	1
40	1170	1
40	1671	1
40	2114	1
40	2435	1
40	3386	1
40	3400	1
40	3787	1
40	3810	1
40	3879	1
40	3894	1
40	3910	1
40	3916	1
40	3924	1
40	4032	1
40	4223	1
40	4379	1
41	40	1
41	54	1
41	93	1
41	112	1
41	949	1
41	1608	1
41	2262	1
41	2273	1
41	2365	1
41	2443	1
41	2515	1
41	3316	1
42	47	1
42	669	1
42	677	1
42	1156	1
42	4143	1
43	50	1
43	861	1
43	1223	1
43	1750	1
43	2878	1
43	3600	1
43	3742	1
43	4162	1
43	4460	1
43	4684	1
44	51	1
44	1142	1
44	2102	1
44	3576	1
44	3951	1
44	4035	1
44	4571	1
45	52	1
45	114	1
45	289	1
45	292	1
45	293	1
45	506	1
45	549	1
45	553	1
45	703	1
45	706	1
45	824	1
45	1120	1
45	1135	1
45	1209	1
45	1433	1
45	1498	1
45	1684	1
45	1687	1
45	1800	1
45	2036	1
45	2184	1
45	2225	1
45	2568	1
45	2571	1
45	2878	1
45	3155	1
45	3256	1
45	3373	1
45	3600	1
45	3623	1
45	3992	1
45	4019	1
45	4162	1
45	4263	1
45	4313	1
45	4413	1
46	53	1
46	259	1
46	326	1
46	428	1
46	426	1
46	556	1
46	557	1
46	714	1
46	717	1
46	873	1
46	1101	1
46	1124	1
46	1222	1
46	1498	1
46	1955	1
46	2077	1
46	2175	1
46	2246	1
46	2265	1
46	2385	1
46	2485	1
46	2584	1
46	2596	1
46	2612	1
46	2728	1
46	2858	1
46	2860	1
46	3358	1
46	3359	1
46	3365	1
46	3367	1
46	3376	1
46	3380	1
46	3383	1
46	3393	1
46	3410	1
46	3670	1
46	3709	1
46	3732	1
46	3832	1
46	4094	1
46	4143	1
46	4144	1
46	4191	1
46	4278	1
46	4418	1
46	4707	1
46	4737	1
47	53	1
47	651	1
47	761	1
47	1498	1
47	2169	1
47	2246	1
47	2349	1
47	2371	1
47	2388	1
47	2390	1
47	2795	1
47	2860	1
47	3133	1
47	3179	1
47	3254	1
47	3498	1
47	4685	1
47	4756	1
48	54	1
48	245	1
48	585	1
48	637	1
48	1116	1
48	1750	1
48	1751	1
48	1752	1
48	1866	1
48	1930	1
48	2190	1
48	2546	1
48	2834	1
48	3171	1
48	3654	1
48	3686	1
48	3869	1
48	4026	1
48	4035	1
48	4047	1
48	4077	1
48	4188	1
48	3469	1
49	55	1
49	62	1
49	308	1
49	768	1
49	781	1
49	1022	1
49	1387	1
49	1390	1
50	56	1
50	140	1
50	604	1
50	968	1
50	1302	1
50	1353	1
50	1365	1
51	57	1
51	465	1
51	480	1
51	560	1
51	1731	1
52	57	1
52	127	1
52	362	1
52	479	1
52	962	1
52	4051	1
53	59	1
53	281	1
53	450	1
53	1350	1
53	3124	1
54	64	1
54	92	1
54	206	1
54	539	1
54	916	1
54	932	1
54	1085	1
54	1209	1
54	1411	1
54	1487	1
54	1517	1
54	1723	1
54	1760	1
54	1893	1
54	2126	1
54	2292	1
54	2351	1
54	2356	1
54	2886	1
54	4525	1
55	67	1
55	115	1
55	137	1
55	153	1
55	187	1
55	192	1
55	241	1
55	260	1
55	280	1
55	389	1
55	1219	1
55	1314	1
55	1662	1
55	1806	1
55	1815	1
55	2535	1
55	3609	1
55	4488	1
55	4489	1
56	68	1
56	77	1
56	121	1
56	244	1
56	247	1
56	415	1
56	508	1
56	809	1
56	1638	1
56	1747	1
56	1978	1
56	2774	1
56	3086	1
56	3188	1
56	4043	1
56	4434	1
57	70	1
57	1295	1
57	3032	1
57	4046	1
57	4272	1
58	70	1
58	117	1
58	214	1
58	215	1
58	394	1
58	2370	1
58	3456	1
58	4074	1
58	4552	1
58	4682	1
58	4704	1
58	4746	1
58	4752	1
59	71	1
59	82	1
59	122	1
59	136	1
59	685	1
59	783	1
59	1539	1
59	2051	1
59	2155	1
59	2424	1
59	3180	1
59	3673	1
59	3704	1
59	3825	1
59	3937	1
60	73	1
60	151	1
60	260	1
60	2471	1
60	4457	1
61	74	1
61	437	1
61	1103	1
61	2781	1
61	2738	1
62	76	1
62	971	1
62	1075	1
62	1113	1
62	1313	1
62	3235	1
62	4493	1
63	78	1
63	522	1
63	621	1
63	834	1
63	1118	1
63	1344	1
63	1650	1
63	1779	1
63	1784	1
63	1790	1
63	2053	1
63	2287	1
63	2317	1
63	3198	1
63	3318	1
63	4002	1
63	4363	1
64	78	1
64	993	1
64	1159	1
64	1347	1
64	1385	1
64	1598	1
64	1611	1
64	3640	1
64	4173	1
65	79	1
65	165	1
65	798	1
65	3188	1
65	3490	1
65	3630	1
65	3780	1
65	3864	1
65	3886	1
65	3985	1
65	4113	1
65	4378	1
65	4462	1
66	80	1
66	847	1
66	1857	1
66	1931	1
66	1984	1
66	2485	1
66	2690	1
66	2802	1
66	3050	1
66	3746	1
66	3936	1
67	81	1
67	700	1
67	765	1
67	2659	1
67	4641	1
68	82	1
68	500	1
68	522	1
68	787	1
68	1025	1
68	1483	1
68	1931	1
68	2058	1
68	2106	1
68	2265	1
68	2612	1
68	2833	1
68	2895	1
68	3340	1
68	3652	1
68	3722	1
68	4431	1
69	83	1
69	444	1
69	754	1
69	779	1
69	840	1
69	3560	1
70	84	1
70	141	1
70	186	1
70	262	1
70	360	1
70	367	1
70	1718	1
70	4476	1
71	85	1
71	96	1
71	109	1
71	111	1
71	168	1
71	219	1
71	361	1
71	426	1
71	439	1
71	575	1
71	626	1
71	730	1
71	770	1
71	771	1
71	833	1
71	865	1
71	873	1
71	889	1
71	919	1
71	921	1
71	928	1
71	993	1
71	1008	1
71	1013	1
71	1045	1
71	1188	1
71	1189	1
71	1200	1
71	1212	1
71	1241	1
71	1309	1
71	1325	1
71	1341	1
71	1387	1
71	1452	1
71	1495	1
71	1496	1
71	1497	1
71	1592	1
71	1603	1
71	1605	1
71	1889	1
71	1949	1
71	1953	1
71	2154	1
71	2169	1
71	2229	1
71	2278	1
71	2313	1
71	2356	1
71	2421	1
71	2437	1
71	2596	1
71	2725	1
71	2744	1
71	2801	1
71	2826	1
71	2840	1
71	2887	1
71	2979	1
71	3012	1
71	3158	1
71	3221	1
71	3232	1
71	3293	1
71	3355	1
71	3501	1
71	3808	1
71	4133	1
71	4394	1
71	4622	1
72	86	1
72	178	1
72	380	1
72	429	1
72	792	1
72	801	1
72	921	1
72	1224	1
72	1554	1
72	1686	1
72	1827	1
72	2403	1
72	2404	1
72	2486	1
72	2631	1
72	2657	1
72	3622	1
72	3848	1
72	4430	1
72	4639	1
73	86	1
73	124	1
73	195	1
73	203	1
73	584	1
73	4485	1
74	87	1
74	280	1
74	288	1
74	321	1
74	388	1
74	682	1
74	704	1
74	705	1
74	724	1
74	913	1
74	925	1
74	1190	1
74	2118	1
74	2638	1
74	3303	1
74	3518	1
75	87	1
75	785	1
75	786	1
75	1273	1
75	2502	1
76	88	1
76	89	1
76	231	1
76	249	1
76	274	1
76	311	1
76	338	1
76	383	1
76	402	1
76	484	1
76	495	1
76	570	1
76	595	1
76	598	1
76	828	1
76	853	1
76	857	1
76	885	1
76	943	1
76	982	1
76	983	1
76	989	1
76	1035	1
76	1114	1
76	1261	1
76	1263	1
76	1271	1
76	1313	1
76	1328	1
76	1352	1
76	1377	1
76	1392	1
76	1406	1
76	1494	1
76	1580	1
76	1623	1
76	1624	1
76	1670	1
76	1674	1
76	1677	1
76	1710	1
76	1721	1
76	1735	1
76	1778	1
76	1825	1
76	1828	1
76	1856	1
76	1943	1
76	1961	1
76	1963	1
76	1992	1
76	1991	1
76	2008	1
76	2310	1
76	2419	1
76	2513	1
76	2588	1
76	2611	1
76	2637	1
76	2650	1
76	2679	1
76	2779	1
76	2799	1
76	2978	1
76	3112	1
76	3115	1
76	3186	1
76	3242	1
76	3261	1
76	3299	1
76	3328	1
76	3412	1
76	3430	1
76	3441	1
76	3446	1
76	3460	1
76	3496	1
76	3504	1
76	3578	1
76	3676	1
76	3741	1
76	3895	1
76	3911	1
76	4065	1
76	4164	1
76	4414	1
76	4416	1
76	4458	1
76	701	1
77	89	1
77	309	1
77	384	1
77	392	1
77	478	1
77	726	1
77	740	1
77	802	1
77	803	1
77	882	1
77	931	1
77	961	1
77	1119	1
77	1235	1
77	1327	1
77	1349	1
77	1484	1
77	1521	1
77	1606	1
77	1651	1
77	1993	1
77	2179	1
77	2351	1
77	2939	1
77	3550	1
77	4310	1
77	4312	1
77	4406	1
78	90	1
78	327	1
78	341	1
78	569	1
78	605	1
78	908	1
78	1233	1
78	1280	1
78	1282	1
78	2121	1
78	2381	1
78	4502	1
78	589	1
78	4603	1
79	90	1
79	331	1
79	539	1
79	835	1
79	1962	1
79	2859	1
79	3677	1
80	91	1
80	811	1
80	1145	1
80	1575	1
80	2868	1
81	92	1
81	199	1
81	427	1
81	732	1
81	978	1
81	1007	1
81	1710	1
81	3050	1
82	94	1
82	144	1
82	463	1
82	488	1
82	526	1
82	639	1
82	665	1
82	780	1
82	837	1
82	871	1
82	876	1
82	905	1
82	1569	1
82	1640	1
82	1742	1
82	1771	1
82	1913	1
82	2218	1
82	2306	1
82	2333	1
82	2455	1
82	2913	1
82	3315	1
82	3427	1
82	3687	1
82	3719	1
82	3914	1
82	3927	1
82	3970	1
82	3976	1
82	4007	1
82	4087	1
82	4166	1
82	4355	1
82	4379	1
82	2981	1
83	95	1
83	381	1
83	610	1
83	756	1
83	826	1
83	1526	1
83	2435	1
83	3636	1
83	4145	1
83	4160	1
84	97	1
84	3909	1
84	4093	1
84	4472	1
84	4723	1
85	99	1
85	465	1
85	1269	1
85	3652	1
85	3902	1
85	4543	1
86	100	1
86	2901	1
86	3255	1
86	3530	1
86	3669	1
86	4140	1
86	4178	1
86	4239	1
86	4281	1
86	4758	1
87	100	1
87	369	1
87	414	1
87	434	1
87	1071	1
87	1936	1
87	4025	1
88	101	1
88	2840	1
88	3109	1
88	3138	1
88	4593	1
89	101	1
89	2316	1
89	2677	1
89	3517	1
89	3606	1
90	101	1
90	114	1
90	255	1
90	522	1
90	555	1
90	1084	1
90	2485	1
90	2719	1
90	3264	1
90	3628	1
90	3949	1
90	2968	1
91	101	1
91	339	1
91	564	1
91	693	1
91	743	1
91	932	1
91	997	1
91	1080	1
91	1318	1
91	1397	1
91	1470	1
91	1515	1
91	1560	1
91	1561	1
91	1596	1
91	1667	1
91	1820	1
91	2045	1
91	2290	1
91	2294	1
91	2551	1
91	2920	1
92	101	1
92	1172	1
92	1441	1
92	1446	1
92	1556	1
92	1560	1
92	2393	1
92	2444	1
92	2593	1
92	2607	1
93	102	1
93	418	1
93	474	1
93	1475	1
93	939	1
94	105	1
94	466	1
94	552	1
94	574	1
94	616	1
94	716	1
94	799	1
95	106	1
95	169	1
95	234	1
95	347	1
95	466	1
95	528	1
95	560	1
95	2037	1
95	2784	1
96	107	1
96	1244	1
96	1788	1
96	2009	1
96	2196	1
96	2198	1
96	2923	1
97	108	1
97	146	1
97	280	1
97	286	1
97	312	1
97	395	1
97	396	1
97	529	1
97	592	1
97	734	1
97	1148	1
97	1368	1
97	1676	1
97	1864	1
97	2401	1
98	109	1
98	475	1
98	863	1
98	1003	1
98	2130	1
98	2131	1
98	4123	1
98	4424	1
98	4564	1
99	109	1
99	287	1
99	892	1
99	2354	1
99	3702	1
99	766	1
99	4627	1
100	109	1
100	709	1
100	4550	1
100	4551	1
100	4554	1
101	109	1
101	243	1
101	409	1
101	722	1
101	1436	1
101	4482	1
101	4536	1
102	109	1
102	155	1
102	163	1
102	202	1
102	235	1
102	285	1
102	297	1
102	343	1
102	386	1
102	425	1
102	451	1
102	524	1
102	756	1
102	921	1
102	959	1
102	1023	1
102	1622	1
102	1704	1
102	2330	1
102	2363	1
102	2486	1
102	2623	1
102	2754	1
102	2831	1
102	3106	1
102	3173	1
102	3191	1
102	3195	1
102	3200	1
102	3478	1
102	3569	1
102	4499	1
103	109	1
103	125	1
103	2215	1
103	3812	1
103	4037	1
103	4120	1
103	4580	1
104	109	1
104	248	1
104	518	1
104	677	1
104	1694	1
105	109	1
105	606	1
105	867	1
105	1024	1
105	1649	1
106	109	1
106	398	1
106	2711	1
106	3088	1
106	3696	1
107	109	1
107	513	1
107	571	1
107	1830	1
107	3258	1
107	3447	1
107	3534	1
107	4447	1
107	223	1
108	109	1
108	2062	1
108	2071	1
108	2088	1
108	4058	1
108	4115	1
109	109	1
109	136	1
109	678	1
109	921	1
109	2485	1
109	2514	1
109	3156	1
110	109	1
110	887	1
110	2014	1
110	3102	1
110	4309	1
111	109	1
111	534	1
111	1063	1
111	1065	1
111	1922	1
111	1953	1
111	2056	1
111	2160	1
111	2267	1
111	2566	1
111	3547	1
111	4645	1
112	109	1
112	121	1
112	126	1
112	2133	1
112	3984	1
113	109	1
113	646	1
113	691	1
113	935	1
113	2003	1
113	2798	1
114	109	1
114	580	1
114	766	1
114	830	1
114	1095	1
114	1469	1
114	2838	1
114	2949	1
115	110	1
115	1504	1
115	2644	1
115	3465	1
115	4336	1
116	113	1
116	556	1
116	832	1
116	2252	1
116	2430	1
117	114	1
117	876	1
117	906	1
117	1041	1
117	1070	1
117	2029	1
117	2251	1
117	2485	1
117	2719	1
117	2853	1
117	3784	1
117	3900	1
117	4419	1
117	4479	1
118	116	1
118	1142	1
118	1223	1
118	2189	1
118	2694	1
118	3027	1
118	3053	1
118	3823	1
119	119	1
119	830	1
119	860	1
119	892	1
119	1060	1
119	1614	1
119	2026	1
119	2454	1
119	4559	1
119	4565	1
120	120	1
120	697	1
120	878	1
120	1772	1
120	2025	1
120	2087	1
120	2331	1
120	3982	1
120	4601	1
120	4749	1
121	123	1
121	252	1
121	905	1
121	1509	1
121	1511	1
121	1899	1
121	2875	1
121	4173	1
121	4333	1
122	129	1
122	368	1
122	3273	1
122	4170	1
122	4264	1
122	4360	1
123	130	1
123	520	1
123	2479	1
123	3647	1
123	4067	1
123	4098	1
123	4330	1
123	4520	1
124	131	1
124	154	1
124	600	1
124	1143	1
124	1144	1
124	1202	1
124	1291	1
124	2115	1
124	2238	1
124	2264	1
124	2363	1
124	3839	1
125	132	1
125	849	1
125	1319	1
125	3704	1
125	4287	1
125	4367	1
125	4402	1
126	133	1
126	546	1
126	579	1
126	868	1
126	2109	1
127	135	1
127	2441	1
127	3248	1
127	3585	1
127	4341	1
127	4741	1
128	137	1
128	322	1
128	565	1
128	635	1
128	18	1
129	138	1
129	633	1
129	886	1
129	1228	1
129	1427	1
129	1642	1
129	2822	1
130	138	1
130	1386	1
130	1508	1
130	1586	1
130	1672	1
130	1697	1
130	1758	1
130	1774	1
130	1999	1
130	2006	1
130	2227	1
130	2583	1
130	2924	1
130	3017	1
130	3073	1
130	3082	1
130	3326	1
130	3417	1
130	3522	1
130	3584	1
130	3613	1
130	3650	1
130	3801	1
130	3802	1
130	3803	1
130	3820	1
130	3834	1
130	3854	1
130	3873	1
130	3974	1
130	4006	1
130	4008	1
130	4045	1
130	4071	1
130	4224	1
130	4318	1
131	137	1
131	176	1
131	980	1
131	1342	1
131	1477	1
131	2371	1
131	2909	1
131	2943	1
131	4267	1
132	137	1
132	244	1
132	266	1
132	796	1
132	869	1
132	2242	1
132	2254	1
133	139	1
133	155	1
133	260	1
133	271	1
133	295	1
133	447	1
133	546	1
133	657	1
134	142	1
134	278	1
134	1956	1
134	3891	1
134	312	1
134	4516	1
135	143	1
135	236	1
135	968	1
135	1881	1
135	2146	1
135	2539	1
135	3159	1
135	3903	1
136	143	1
136	314	1
136	398	1
136	1093	1
136	1840	1
136	2370	1
136	2447	1
136	3003	1
137	145	1
137	304	1
137	2432	1
137	2943	1
137	3343	1
138	147	1
138	862	1
138	1351	1
138	1720	1
138	2822	1
138	3629	1
139	148	1
139	398	1
139	1928	1
139	3148	1
139	4169	1
139	4703	1
140	149	1
140	906	1
140	2078	1
140	3658	1
140	3849	1
141	149	1
141	239	1
141	1341	1
141	1582	1
141	2178	1
141	2212	1
141	2306	1
141	2492	1
141	2555	1
141	2565	1
141	2576	1
141	2624	1
141	2669	1
141	2675	1
141	2706	1
141	2732	1
141	2738	1
141	2744	1
141	2809	1
141	2844	1
141	2884	1
141	2933	1
141	2954	1
141	2980	1
141	3002	1
141	3045	1
141	3061	1
141	3094	1
141	3100	1
141	3103	1
141	3114	1
141	3136	1
141	3147	1
141	3243	1
141	3245	1
141	3280	1
141	3282	1
141	3302	1
141	3356	1
141	3414	1
141	3423	1
141	3431	1
141	3493	1
141	3537	1
141	3597	1
141	3608	1
141	3651	1
141	3653	1
141	3664	1
141	3706	1
141	3710	1
141	3731	1
141	3743	1
141	3747	1
141	3831	1
141	3846	1
141	3851	1
141	3906	1
141	3927	1
141	3965	1
141	3983	1
141	4092	1
141	4104	1
141	4106	1
141	4686	1
141	2981	1
142	149	1
142	213	1
142	216	1
142	220	1
142	388	1
142	497	1
142	912	1
143	150	1
143	159	1
143	160	1
143	457	1
143	758	1
143	776	1
143	820	1
143	1450	1
144	152	1
144	191	1
144	709	1
144	846	1
144	2123	1
144	2390	1
144	2533	1
144	3556	1
144	3786	1
144	3859	1
145	154	1
145	577	1
145	1260	1
145	2033	1
145	2364	1
145	2375	1
145	2478	1
145	2481	1
145	3298	1
145	3317	1
145	4347	1
145	4662	1
146	154	1
146	3918	1
146	4265	1
146	4277	1
146	4612	1
147	157	1
147	1001	1
147	1111	1
147	1402	1
147	1403	1
147	1583	1
147	4496	1
147	4521	1
147	4570	1
148	158	1
148	160	1
148	393	1
148	504	1
148	893	1
149	161	1
149	1094	1
149	1930	1
149	1931	1
149	2905	1
150	162	1
150	426	1
150	1758	1
150	1808	1
150	2075	1
150	2195	1
150	4073	1
150	4112	1
150	4217	1
151	162	1
151	212	1
151	530	1
151	677	1
151	2002	1
151	2861	1
151	3712	1
151	4298	1
151	4346	1
152	164	1
152	348	1
152	576	1
152	1169	1
152	3411	1
152	3463	1
153	166	1
153	680	1
153	686	1
153	1080	1
153	1090	1
153	1694	1
153	1750	1
153	1803	1
153	2103	1
153	2475	1
153	2900	1
154	166	1
154	226	1
154	228	1
154	471	1
154	1153	1
154	1339	1
154	4056	1
155	168	1
155	386	1
155	670	1
155	1355	1
155	1413	1
155	1752	1
155	1785	1
155	1931	1
155	2181	1
155	2698	1
155	2802	1
155	3811	1
156	169	1
156	479	1
156	786	1
156	2485	1
156	3034	1
157	169	1
157	284	1
157	350	1
157	354	1
157	954	1
157	1121	1
157	1207	1
157	1632	1
157	1910	1
157	2063	1
157	3150	1
157	3244	1
157	3304	1
157	3760	1
157	3950	1
157	3956	1
158	170	1
158	224	1
158	733	1
158	2069	1
158	2500	1
158	2550	1
158	2553	1
158	2806	1
158	3453	1
158	3896	1
159	171	1
159	189	1
159	268	1
159	1444	1
159	1756	1
159	1973	1
159	2002	1
159	2091	1
159	2369	1
159	3156	1
159	3425	1
159	3775	1
159	4044	1
160	172	1
160	836	1
160	921	1
160	1220	1
160	1228	1
161	173	1
161	620	1
161	766	1
161	851	1
161	924	1
161	1265	1
161	1647	1
161	4273	1
161	4361	1
162	173	1
162	1451	1
162	1478	1
162	2210	1
162	2256	1
162	2575	1
162	3084	1
163	174	1
163	1279	1
163	1815	1
163	2604	1
163	2616	1
163	2625	1
163	2948	1
163	3053	1
163	3256	1
163	4035	1
164	177	1
164	267	1
164	1807	1
164	1809	1
164	1838	1
164	1880	1
164	2408	1
164	2425	1
164	4206	1
165	179	1
165	3503	1
165	3531	1
165	3766	1
165	4214	1
166	180	1
166	184	1
166	430	1
166	1421	1
166	1849	1
167	181	1
167	316	1
167	970	1
167	1353	1
167	1908	1
167	2067	1
167	2366	1
167	3352	1
167	3758	1
167	3787	1
168	183	1
168	358	1
168	516	1
168	1353	1
168	2243	1
168	3286	1
168	3445	1
168	3462	1
168	3539	1
169	185	1
169	207	1
169	1090	1
169	1107	1
169	1931	1
169	1984	1
169	2106	1
169	4717	1
170	187	1
170	683	1
170	917	1
170	1425	1
170	1674	1
170	1896	1
170	2222	1
170	3044	1
170	3249	1
170	3307	1
170	3564	1
170	3615	1
170	4744	1
171	188	1
171	677	1
171	1837	1
171	2903	1
171	2989	1
172	189	1
172	558	1
172	1043	1
172	2081	1
172	2182	1
172	2345	1
172	2381	1
172	3762	1
172	3773	1
173	190	1
173	276	1
173	365	1
173	375	1
173	408	1
173	1208	1
173	1458	1
173	1759	1
173	1761	1
173	2298	1
173	2516	1
173	2594	1
173	2603	1
173	2837	1
173	2862	1
173	3442	1
173	3489	1
173	3750	1
173	3769	1
173	3777	1
173	3780	1
173	3788	1
173	3867	1
173	3890	1
173	4198	1
173	4417	1
173	4724	1
174	193	1
174	843	1
174	1401	1
174	1914	1
174	4504	1
174	4666	1
174	4681	1
175	192	1
175	861	1
175	915	1
175	1953	1
175	2824	1
175	4067	1
175	4374	1
175	4386	1
175	4426	1
176	194	1
176	195	1
176	1503	1
176	2139	1
176	2601	1
176	2723	1
176	3993	1
177	196	1
177	222	1
177	1813	1
177	1871	1
177	1885	1
178	197	1
178	303	1
178	1384	1
178	1702	1
178	2015	1
178	2101	1
178	2904	1
179	198	1
179	369	1
179	573	1
179	625	1
179	676	1
179	1029	1
179	3754	1
180	200	1
180	302	1
180	345	1
180	755	1
180	1132	1
180	2217	1
180	2662	1
181	201	1
181	1071	1
181	1146	1
181	1233	1
181	1723	1
181	4538	1
182	204	1
182	438	1
182	525	1
182	545	1
182	871	1
182	897	1
182	1089	1
182	1168	1
182	1216	1
182	1417	1
182	1493	1
182	1503	1
182	1951	1
182	2439	1
182	4142	1
182	4174	1
182	4600	1
183	208	1
183	425	1
183	637	1
183	1338	1
183	1894	1
183	2518	1
183	2985	1
183	3145	1
183	3160	1
184	209	1
184	679	1
184	846	1
184	1615	1
184	1694	1
184	1866	1
184	2030	1
184	2471	1
184	3010	1
184	3049	1
185	210	1
185	232	1
185	353	1
185	623	1
185	690	1
185	809	1
185	912	1
185	988	1
185	2363	1
185	2485	1
185	2558	1
185	3912	1
186	211	1
186	371	1
186	425	1
186	440	1
186	918	1
186	956	1
186	1576	1
187	212	1
187	274	1
187	323	1
187	330	1
187	1155	1
187	1568	1
187	1671	1
187	2559	1
187	2887	1
187	2946	1
187	3013	1
187	3044	1
187	3051	1
187	3120	1
187	3124	1
187	3135	1
187	3187	1
187	3223	1
187	3241	1
187	3245	1
187	3277	1
187	3279	1
187	3428	1
187	3466	1
187	3489	1
187	3509	1
187	3510	1
187	3571	1
187	3630	1
187	3815	1
187	3816	1
187	4245	1
187	4700	1
188	215	1
188	553	1
188	728	1
188	953	1
188	1609	1
188	1976	1
188	2345	1
188	3143	1
189	218	1
189	775	1
189	2382	1
189	2565	1
189	2569	1
189	2574	1
189	2982	1
189	2987	1
189	3002	1
189	3081	1
189	3103	1
189	3136	1
189	3137	1
189	3210	1
189	3353	1
189	3432	1
189	3528	1
189	3569	1
189	3870	1
189	3998	1
190	224	1
190	531	1
190	1586	1
190	3104	1
190	155	1
190	4494	1
190	2363	1
191	225	1
191	246	1
191	559	1
191	2150	1
191	3734	1
191	4579	1
192	227	1
192	2281	1
192	2773	1
192	3558	1
192	3803	1
192	4003	1
192	4070	1
192	4071	1
192	4081	1
192	4135	1
192	4255	1
193	229	1
193	1105	1
193	1136	1
193	1846	1
193	2253	1
193	2267	1
193	3077	1
193	3198	1
193	3469	1
194	230	1
194	272	1
194	381	1
194	452	1
194	3009	1
194	3451	1
194	4440	1
195	230	1
195	3218	1
195	3993	1
195	4086	1
195	4236	1
195	4243	1
195	4441	1
195	4474	1
196	230	1
196	1455	1
196	1509	1
196	2022	1
196	2055	1
196	3347	1
196	4280	1
197	230	1
197	677	1
197	1470	1
197	1534	1
197	1586	1
197	2714	1
197	3296	1
197	3646	1
197	4286	1
198	230	1
198	473	1
198	671	1
198	678	1
198	933	1
199	232	1
199	441	1
199	518	1
199	1921	1
199	1934	1
200	232	1
200	547	1
200	759	1
200	1247	1
200	1587	1
200	1935	1
200	4545	1
201	232	1
201	329	1
201	674	1
201	3322	1
201	3402	1
201	4128	1
202	233	1
202	259	1
202	419	1
202	469	1
202	1537	1
202	1590	1
202	1842	1
202	2214	1
202	2854	1
202	2934	1
202	3078	1
202	3687	1
202	4223	1
203	237	1
203	826	1
203	898	1
203	1210	1
203	1399	1
204	238	1
204	282	1
204	458	1
204	460	1
204	535	1
204	1839	1
204	1837	1
204	3594	1
204	4091	1
205	240	1
205	641	1
205	1734	1
205	3304	1
205	3327	1
205	4131	1
206	241	1
206	487	1
206	756	1
206	875	1
206	1321	1
206	1439	1
206	1574	1
206	2472	1
206	2646	1
206	3019	1
206	3702	1
206	4690	1
207	242	1
207	1586	1
207	1784	1
207	1837	1
207	2485	1
208	244	1
208	1876	1
208	2313	1
208	3122	1
208	4624	1
209	244	1
209	2724	1
209	4127	1
209	4461	1
209	4466	1
209	4473	1
210	244	1
210	507	1
210	678	1
210	708	1
210	720	1
210	748	1
210	1014	1
210	1138	1
210	1183	1
210	1211	1
210	1364	1
210	1714	1
210	1720	1
210	1722	1
210	1769	1
210	1770	1
210	1775	1
210	1811	1
210	1814	1
210	1959	1
210	2001	1
210	2011	1
210	2195	1
210	2262	1
210	2379	1
210	2509	1
210	2598	1
211	247	1
211	1353	1
211	1408	1
211	2166	1
211	2548	1
212	248	1
212	1130	1
212	1894	1
212	2199	1
212	2333	1
212	2834	1
212	3007	1
212	3146	1
212	4719	1
213	249	1
213	955	1
213	1185	1
213	3076	1
213	3289	1
214	250	1
214	446	1
214	476	1
214	1223	1
214	1440	1
214	1650	1
214	1845	1
214	2005	1
214	2097	1
214	2208	1
214	2215	1
214	2235	1
214	2338	1
214	2459	1
214	2462	1
214	2463	1
214	2478	1
214	2484	1
214	2485	1
214	2495	1
214	2759	1
214	2870	1
214	3304	1
214	3467	1
214	3553	1
214	3649	1
214	3785	1
214	4074	1
214	4269	1
214	4302	1
214	4352	1
214	4452	1
215	251	1
215	297	1
215	874	1
215	1423	1
215	1533	1
216	253	1
216	510	1
216	649	1
216	1123	1
216	1257	1
216	3127	1
217	254	1
217	2423	1
217	2431	1
217	3174	1
217	3829	1
217	3961	1
217	4292	1
218	256	1
218	334	1
218	423	1
218	474	1
218	501	1
218	551	1
218	615	1
218	917	1
218	968	1
218	1602	1
218	1675	1
218	2143	1
218	2354	1
218	3108	1
218	4324	1
218	4417	1
219	259	1
219	808	1
219	892	1
219	900	1
219	1053	1
219	1633	1
219	2270	1
219	4679	1
220	263	1
220	279	1
220	597	1
220	1698	1
220	3706	1
221	264	1
221	328	1
221	681	1
221	2571	1
221	4137	1
221	4560	1
222	264	1
222	489	1
222	866	1
222	880	1
222	1946	1
222	3050	1
223	265	1
223	267	1
223	269	1
223	742	1
223	1316	1
223	1364	1
223	2156	1
223	2309	1
223	2544	1
223	2922	1
223	3010	1
223	3030	1
223	3246	1
223	3251	1
223	4726	1
223	4728	1
224	266	1
224	2666	1
224	3996	1
224	4439	1
224	4747	1
225	269	1
225	2983	1
225	3075	1
225	3591	1
225	3704	1
226	269	1
226	2117	1
226	2260	1
226	3052	1
226	3276	1
226	3292	1
226	3733	1
226	3955	1
227	270	1
227	1586	1
227	1886	1
227	1966	1
227	2869	1
228	272	1
228	1471	1
228	1536	1
228	1710	1
228	1741	1
228	2822	1
228	3083	1
228	3261	1
228	3735	1
228	3770	1
228	3771	1
228	3774	1
228	3798	1
228	3874	1
228	3921	1
228	3969	1
228	4085	1
228	4105	1
228	4284	1
228	4291	1
229	273	1
229	523	1
229	1586	1
229	1750	1
229	1810	1
229	1860	1
230	275	1
230	736	1
230	762	1
230	1621	1
230	3630	1
230	4287	1
230	4304	1
230	4319	1
231	277	1
231	825	1
231	921	1
231	1453	1
231	3579	1
231	3610	1
231	3646	1
231	3992	1
231	4019	1
232	277	1
232	788	1
232	799	1
232	880	1
232	987	1
232	1265	1
232	4432	1
233	287	1
233	1072	1
233	2279	1
233	2402	1
233	3633	1
234	288	1
234	589	1
234	967	1
234	1090	1
234	1187	1
234	1308	1
234	2397	1
234	3190	1
234	3203	1
235	290	1
235	291	1
235	1459	1
235	1528	1
235	4326	1
236	294	1
236	660	1
236	1364	1
236	1696	1
236	1732	1
237	296	1
237	301	1
237	947	1
237	1518	1
237	2096	1
237	2491	1
238	298	1
238	677	1
238	687	1
238	778	1
238	810	1
238	856	1
238	1586	1
238	1959	1
238	2083	1
238	2259	1
238	2423	1
238	2443	1
238	2687	1
238	3155	1
238	3813	1
238	3992	1
239	299	1
239	823	1
239	851	1
239	892	1
239	4074	1
240	305	1
240	1074	1
240	2528	1
240	2639	1
240	2792	1
240	3205	1
240	3308	1
240	3449	1
241	306	1
241	895	1
241	1299	1
241	1574	1
241	3889	1
242	306	1
242	401	1
242	417	1
242	568	1
242	2020	1
242	3561	1
243	310	1
243	427	1
243	1685	1
243	1705	1
243	2265	1
243	2612	1
244	313	1
244	494	1
244	1265	1
244	1586	1
244	1686	1
244	1785	1
244	2099	1
244	2163	1
244	2959	1
244	2964	1
244	3256	1
244	3574	1
244	3754	1
244	3962	1
244	4072	1
244	4433	1
244	4434	1
244	4462	1
245	315	1
245	388	1
245	888	1
245	1351	1
245	1483	1
245	1711	1
245	1899	1
245	2261	1
245	2335	1
245	3050	1
245	3068	1
245	3880	1
245	4270	1
246	315	1
246	496	1
246	756	1
246	892	1
246	946	1
246	1516	1
246	1810	1
246	1954	1
246	2251	1
246	2294	1
246	2530	1
246	2635	1
246	2649	1
246	2788	1
246	2820	1
246	2932	1
246	3156	1
246	4119	1
246	4229	1
247	317	1
247	715	1
247	945	1
247	991	1
247	1400	1
247	1462	1
247	1538	1
247	1577	1
247	1604	1
247	1700	1
247	1932	1
247	3266	1
247	4567	1
248	318	1
248	324	1
248	346	1
248	693	1
248	2379	1
249	319	1
249	365	1
249	1259	1
249	2318	1
249	4343	1
250	320	1
250	512	1
250	1272	1
250	1856	1
250	2326	1
250	2791	1
250	2856	1
250	2975	1
250	3057	1
250	3244	1
250	3751	1
250	3759	1
250	4253	1
250	4706	1
251	325	1
251	597	1
251	851	1
251	1531	1
251	2698	1
251	4468	1
252	327	1
252	613	1
252	859	1
252	1236	1
252	1485	1
252	2003	1
252	3549	1
253	328	1
253	2246	1
253	2267	1
253	2342	1
253	2780	1
253	98	1
253	4506	1
254	329	1
254	468	1
254	778	1
254	788	1
254	880	1
254	913	1
254	1182	1
254	2789	1
254	3434	1
255	332	1
255	1353	1
255	1558	1
255	2262	1
255	3038	1
256	335	1
256	1009	1
256	1632	1
256	3156	1
256	3198	1
256	3899	1
256	3904	1
257	336	1
257	464	1
257	704	1
257	929	1
257	1578	1
257	307	1
258	340	1
258	774	1
258	814	1
258	951	1
258	1888	1
259	341	1
259	426	1
259	1110	1
259	2591	1
259	4512	1
260	341	1
260	378	1
260	393	1
260	427	1
260	531	1
261	342	1
261	377	1
261	503	1
261	1066	1
261	1067	1
261	1078	1
262	344	1
262	349	1
262	855	1
262	1266	1
262	2742	1
262	3880	1
263	348	1
263	876	1
263	943	1
263	1072	1
263	1092	1
263	2331	1
263	2485	1
263	2698	1
263	3385	1
263	4235	1
263	4398	1
264	351	1
264	369	1
264	905	1
264	1146	1
264	1525	1
264	2140	1
264	2267	1
264	4503	1
265	352	1
265	960	1
265	1134	1
265	1394	1
265	1645	1
265	1765	1
265	2252	1
265	2264	1
265	2337	1
265	2735	1
265	3426	1
266	353	1
266	1752	1
266	1785	1
266	1815	1
266	1902	1
266	2007	1
266	3053	1
266	4100	1
266	4240	1
266	4650	1
267	355	1
267	627	1
267	744	1
267	800	1
267	969	1
267	1388	1
267	1492	1
267	2549	1
268	355	1
268	593	1
268	3395	1
268	3661	1
268	3987	1
268	4171	1
269	356	1
269	922	1
269	1332	1
269	1351	1
269	2251	1
269	2354	1
269	2648	1
269	2698	1
269	3156	1
269	3573	1
269	3576	1
269	4019	1
269	4088	1
270	357	1
270	870	1
270	879	1
270	884	1
270	1292	1
270	1506	1
270	1650	1
270	1891	1
271	358	1
271	1661	1
271	2072	1
271	2321	1
271	2608	1
272	358	1
272	1006	1
272	1969	1
272	2378	1
272	2641	1
272	3422	1
272	4210	1
272	4557	1
273	361	1
273	815	1
273	816	1
273	821	1
273	904	1
273	2155	1
273	2440	1
273	3361	1
273	3368	1
273	3374	1
273	3382	1
273	3403	1
273	3612	1
273	3827	1
273	3920	1
273	3991	1
273	4110	1
273	4262	1
273	4509	1
273	4528	1
273	4529	1
273	4558	1
273	4636	1
273	4654	1
273	4692	1
273	4718	1
273	4742	1
273	4754	1
274	363	1
274	3715	1
274	3792	1
274	4011	1
274	4167	1
275	364	1
275	427	1
275	795	1
275	1529	1
275	1819	1
275	1931	1
275	2696	1
275	3917	1
275	4289	1
276	366	1
276	554	1
276	905	1
276	1745	1
276	1773	1
277	369	1
277	678	1
277	1861	1
277	1871	1
277	3233	1
277	3654	1
278	370	1
278	1076	1
278	1461	1
278	1512	1
278	1652	1
278	1777	1
278	1782	1
278	1922	1
278	2065	1
278	2262	1
278	2708	1
278	2791	1
278	2999	1
278	3205	1
278	3678	1
278	3881	1
278	3969	1
278	4023	1
278	4121	1
278	4122	1
278	4128	1
278	4140	1
278	4235	1
278	4461	1
279	371	1
279	597	1
279	895	1
279	1270	1
279	3671	1
279	4062	1
279	4576	1
279	4586	1
280	372	1
280	373	1
280	443	1
280	563	1
280	707	1
281	374	1
281	1239	1
281	1240	1
281	1895	1
281	3888	1
282	376	1
282	629	1
282	664	1
282	695	1
282	712	1
282	1223	1
282	1269	1
282	1703	1
282	1791	1
282	1815	1
282	1834	1
282	1871	1
282	1948	1
282	4222	1
282	4306	1
282	4340	1
282	4623	1
283	379	1
283	760	1
283	938	1
283	979	1
283	1274	1
283	1632	1
283	1824	1
283	2147	1
283	3975	1
284	379	1
284	492	1
284	2239	1
284	2280	1
284	2705	1
285	382	1
285	1487	1
285	1506	1
285	1572	1
285	1618	1
285	1649	1
285	1973	1
285	2404	1
285	2469	1
285	3219	1
285	3348	1
285	3351	1
285	3649	1
285	4038	1
285	4152	1
286	385	1
286	397	1
286	1146	1
286	1377	1
286	1506	1
286	2342	1
286	2348	1
286	2727	1
286	3407	1
286	3556	1
287	388	1
287	631	1
287	1070	1
287	1123	1
287	1177	1
287	3039	1
287	3153	1
287	4578	1
288	388	1
288	2063	1
288	2193	1
288	2337	1
288	3018	1
288	3035	1
289	388	1
289	1828	1
289	2300	1
289	2780	1
289	3050	1
289	3448	1
289	3544	1
289	3616	1
289	3716	1
290	388	1
290	781	1
290	3122	1
290	3334	1
290	3673	1
291	388	1
291	1372	1
291	2048	1
291	2251	1
291	3176	1
291	4366	1
291	1741	1
291	4633	1
292	388	1
292	906	1
292	1218	1
292	1643	1
292	2376	1
292	2810	1
292	3495	1
292	3531	1
293	388	1
293	426	1
293	1407	1
293	3050	1
293	3398	1
293	4048	1
294	390	1
294	400	1
294	624	1
294	632	1
294	1686	1
294	1833	1
294	1871	1
294	2626	1
294	2928	1
295	393	1
295	532	1
295	1006	1
295	1191	1
295	1273	1
295	2038	1
295	2150	1
295	2165	1
295	3184	1
296	397	1
296	1245	1
296	1393	1
296	1586	1
296	1749	1
296	1871	1
297	397	1
297	1840	1
297	3322	1
297	3646	1
297	3865	1
298	397	1
298	958	1
298	1081	1
298	1158	1
298	2880	1
298	4124	1
298	4665	1
299	398	1
299	1894	1
299	2407	1
299	3354	1
299	3512	1
299	4016	1
300	398	1
300	635	1
300	1123	1
300	1632	1
300	3256	1
300	3320	1
300	3335	1
301	398	1
301	640	1
301	696	1
301	1303	1
301	1398	1
301	1612	1
301	1945	1
301	1994	1
301	2168	1
301	2234	1
301	2320	1
301	2504	1
301	2579	1
301	2648	1
301	2657	1
301	2960	1
301	3217	1
301	3807	1
301	4714	1
302	399	1
302	411	1
302	435	1
302	517	1
302	521	1
302	615	1
302	938	1
302	1435	1
302	1441	1
302	1455	1
302	1499	1
302	1500	1
302	1548	1
302	1739	1
302	2892	1
303	398	1
303	1126	1
303	1822	1
303	1952	1
303	2012	1
303	2122	1
303	2869	1
303	2918	1
303	3182	1
303	3667	1
303	4646	1
304	402	1
304	1149	1
304	1555	1
304	1715	1
304	2061	1
304	3551	1
305	403	1
305	420	1
305	513	1
305	872	1
305	1070	1
305	1142	1
305	1320	1
305	2628	1
305	2629	1
305	3096	1
305	3256	1
306	404	1
306	432	1
306	459	1
306	1367	1
306	1707	1
306	1732	1
306	2105	1
307	405	1
307	777	1
307	1195	1
307	1212	1
307	3659	1
308	407	1
308	2041	1
308	3345	1
308	3456	1
308	3566	1
308	3604	1
309	412	1
309	548	1
309	2129	1
309	2991	1
309	3040	1
309	3140	1
310	413	1
310	431	1
310	647	1
310	737	1
310	750	1
310	763	1
310	1071	1
310	1082	1
310	1145	1
310	1512	1
310	1607	1
310	1716	1
310	2275	1
310	2394	1
310	2400	1
310	2415	1
310	2460	1
310	2578	1
310	2663	1
311	413	1
311	877	1
311	891	1
311	1546	1
311	2852	1
311	3404	1
311	3557	1
311	3885	1
311	4389	1
311	4484	1
311	4513	1
312	416	1
312	454	1
312	455	1
312	849	1
312	976	1
312	1063	1
312	4405	1
313	418	1
313	608	1
313	846	1
313	2017	1
313	2622	1
314	418	1
314	464	1
314	999	1
314	1481	1
314	1673	1
314	1788	1
315	418	1
315	1020	1
315	1032	1
315	1143	1
315	1237	1
315	1305	1
315	1898	1
315	2148	1
315	2149	1
315	2161	1
315	2713	1
315	4519	1
316	420	1
316	518	1
316	729	1
316	923	1
316	3555	1
317	421	1
317	1726	1
317	2827	1
317	3050	1
317	3239	1
317	3396	1
318	422	1
318	634	1
318	1302	1
318	1353	1
318	1743	1
318	2166	1
318	2485	1
318	2748	1
318	3022	1
318	3324	1
318	4062	1
319	425	1
319	499	1
319	1072	1
319	1634	1
319	2618	1
319	2710	1
319	3506	1
320	425	1
320	1096	1
320	1099	1
320	4282	1
320	4699	1
321	429	1
321	661	1
321	685	1
321	1529	1
321	3744	1
322	425	1
322	906	1
322	1019	1
322	2050	1
322	2485	1
322	3209	1
323	431	1
323	689	1
323	692	1
323	696	1
323	720	1
323	1226	1
323	1397	1
323	1694	1
323	2798	1
323	4384	1
323	4537	1
323	4542	1
323	706	1
323	4548	1
323	4596	1
323	4598	1
323	4602	1
323	4621	1
324	425	1
324	793	1
324	876	1
324	1523	1
324	1699	1
324	2737	1
324	3050	1
325	436	1
325	1070	1
325	2221	1
325	4083	1
325	4321	1
326	436	1
326	876	1
326	1777	1
326	1784	1
326	1817	1
326	2151	1
326	3330	1
327	437	1
327	710	1
327	4149	1
327	4301	1
327	4708	1
328	442	1
328	578	1
328	581	1
328	1815	1
328	1824	1
328	4208	1
328	4658	1
329	448	1
329	587	1
329	723	1
329	769	1
329	804	1
329	801	1
329	1315	1
329	1719	1
329	1762	1
329	1872	1
329	2267	1
329	2302	1
329	2416	1
329	2428	1
329	2552	1
329	2955	1
329	3113	1
329	3142	1
329	3267	1
329	3938	1
330	449	1
330	1052	1
330	1086	1
330	1164	1
330	2267	1
330	4125	1
330	4219	1
330	4377	1
331	453	1
331	842	1
331	3144	1
331	3167	1
331	3930	1
332	456	1
332	1278	1
332	1712	1
332	2885	1
332	3529	1
333	456	1
333	531	1
333	550	1
333	2563	1
333	3305	1
333	3472	1
333	3633	1
333	3668	1
333	3765	1
333	3901	1
333	4518	1
334	459	1
334	630	1
334	890	1
334	1553	1
334	2158	1
334	3725	1
334	3729	1
334	4078	1
334	4109	1
334	4183	1
334	4207	1
335	461	1
335	519	1
335	849	1
335	1077	1
335	2566	1
336	467	1
336	1519	1
336	2142	1
336	2176	1
336	2956	1
336	3107	1
336	3514	1
336	3836	1
336	3978	1
336	4463	1
336	4753	1
337	470	1
337	3405	1
337	4117	1
337	4225	1
337	4473	1
338	472	1
338	2107	1
338	2267	1
338	3036	1
338	3753	1
339	472	1
339	1087	1
339	1145	1
339	1220	1
339	2701	1
340	477	1
340	4015	1
340	4023	1
340	4024	1
340	4036	1
341	481	1
341	672	1
341	757	1
341	848	1
341	4553	1
342	483	1
342	485	1
342	486	1
342	498	1
342	630	1
342	1137	1
342	1175	1
342	1214	1
342	1217	1
342	1243	1
342	1683	1
342	1708	1
342	1919	1
342	2177	1
342	2675	1
342	2712	1
342	2771	1
342	2954	1
342	3135	1
342	3260	1
342	3314	1
342	3429	1
342	3637	1
342	3822	1
342	4294	1
343	490	1
343	502	1
343	817	1
343	1371	1
343	1412	1
343	1460	1
343	1642	1
343	1829	1
344	491	1
344	756	1
344	1586	1
344	1752	1
344	3156	1
344	3326	1
344	3660	1
344	3942	1
344	4042	1
344	4076	1
344	4119	1
344	4410	1
344	4449	1
345	499	1
345	843	1
345	852	1
345	1664	1
345	3717	1
346	499	1
346	843	1
346	1171	1
346	3724	1
346	3866	1
346	4018	1
346	4020	1
346	4095	1
346	4111	1
347	508	1
347	828	1
347	2374	1
347	3477	1
347	4605	1
348	509	1
348	642	1
348	1482	1
348	1650	1
348	4531	1
348	4534	1
348	4540	1
348	2060	1
349	511	1
349	1629	1
349	1752	1
349	2171	1
349	2272	1
349	2716	1
349	2118	1
350	514	1
350	1429	1
350	2052	1
350	2395	1
350	2475	1
350	2691	1
350	2734	1
350	2741	1
350	2763	1
350	2821	1
350	2847	1
350	2984	1
350	3177	1
350	3237	1
350	3475	1
350	3697	1
350	3739	1
350	3740	1
350	3858	1
350	3859	1
350	3977	1
351	515	1
351	1154	1
351	1209	1
351	1215	1
351	1264	1
351	1513	1
351	1544	1
351	1586	1
351	2505	1
351	2586	1
351	2620	1
351	3021	1
351	3122	1
351	3229	1
351	3230	1
351	3339	1
351	4010	1
351	4178	1
351	4616	1
351	4711	1
352	518	1
352	1070	1
352	1071	1
352	1310	1
352	1430	1
352	3405	1
352	4258	1
352	1710	1
353	520	1
353	1304	1
353	2000	1
353	2223	1
353	4415	1
353	4454	1
353	4535	1
354	527	1
354	902	1
354	1268	1
354	1501	1
354	1987	1
354	2315	1
354	2866	1
354	2882	1
354	3589	1
354	3593	1
355	530	1
355	713	1
355	977	1
355	1920	1
355	2359	1
355	3247	1
355	4539	1
355	1335	1
356	536	1
356	1122	1
356	1141	1
356	1276	1
356	1580	1
356	1751	1
356	1785	1
356	2140	1
356	2600	1
356	2616	1
356	2948	1
356	3284	1
356	3450	1
356	3587	1
357	537	1
357	1501	1
357	1667	1
357	2966	1
357	3997	1
357	4019	1
357	4451	1
358	538	1
358	540	1
358	716	1
358	2585	1
358	2885	1
358	4647	1
359	541	1
359	1649	1
359	4059	1
359	4276	1
359	4477	1
360	542	1
360	844	1
360	1233	1
360	1744	1
360	3370	1
360	3986	1
360	4240	1
360	4344	1
361	554	1
361	659	1
361	2852	1
361	3754	1
361	4216	1
361	4323	1
362	561	1
362	1004	1
362	1030	1
362	1245	1
362	1404	1
362	1442	1
362	2688	1
362	2703	1
362	3664	1
363	562	1
363	594	1
363	827	1
363	1069	1
363	1079	1
363	1226	1
363	2132	1
363	2258	1
363	2470	1
363	2497	1
363	2890	1
363	3263	1
363	3613	1
363	4659	1
364	566	1
364	614	1
364	1083	1
364	1087	1
364	1165	1
364	1416	1
364	1730	1
364	1828	1
364	1841	1
364	2042	1
364	2128	1
364	2231	1
364	2255	1
364	2336	1
364	2420	1
364	4168	1
365	567	1
365	838	1
365	1431	1
365	1503	1
365	1855	1
365	2018	1
365	2446	1
365	2672	1
365	2793	1
365	3016	1
365	3859	1
366	569	1
366	650	1
366	1184	1
366	3290	1
366	3703	1
367	582	1
367	701	1
367	1449	1
367	2110	1
367	2516	1
367	3599	1
367	3674	1
367	3682	1
368	583	1
368	1501	1
368	2209	1
368	2342	1
368	2452	1
368	2485	1
368	2687	1
368	2698	1
368	3617	1
368	3635	1
368	3650	1
368	3688	1
368	3713	1
368	3714	1
368	3848	1
368	3929	1
368	3979	1
368	4048	1
369	586	1
369	611	1
369	841	1
369	2483	1
369	3001	1
370	588	1
370	894	1
370	1369	1
370	1460	1
370	4257	1
371	590	1
371	1177	1
371	2358	1
371	2917	1
371	3123	1
371	3893	1
372	591	1
372	1291	1
372	2266	1
372	2595	1
372	2652	1
373	596	1
373	1037	1
373	1378	1
373	1410	1
373	1505	1
373	1581	1
373	1688	1
373	1982	1
373	2090	1
373	2762	1
373	2945	1
374	602	1
374	1145	1
374	1150	1
374	1310	1
374	1461	1
374	3028	1
374	3056	1
374	3388	1
374	3888	1
374	4138	1
375	606	1
375	631	1
375	837	1
375	977	1
375	986	1
375	1016	1
375	1108	1
375	1142	1
375	1335	1
375	1346	1
375	1348	1
375	1358	1
375	1431	1
375	1549	1
375	1562	1
375	1593	1
375	1598	1
375	1599	1
375	1617	1
375	1656	1
375	1657	1
375	1660	1
375	1737	1
375	1757	1
375	1767	1
375	1812	1
375	1869	1
375	2178	1
375	2200	1
375	2229	1
375	2265	1
375	2277	1
375	2379	1
375	2380	1
375	2386	1
375	2408	1
375	2519	1
375	2565	1
375	2595	1
375	2613	1
375	2614	1
375	2617	1
375	2675	1
375	2733	1
375	2774	1
375	2776	1
375	2782	1
375	2841	1
375	2860	1
375	2874	1
375	2887	1
375	2912	1
375	2981	1
375	3002	1
375	3012	1
375	3091	1
375	3097	1
375	3127	1
375	3147	1
375	3330	1
375	3331	1
375	3356	1
375	3824	1
375	4029	1
375	4065	1
375	4101	1
375	4195	1
375	4529	1
375	4609	1
375	4622	1
376	607	1
376	747	1
376	908	1
376	1039	1
376	1928	1
376	2298	1
376	4428	1
376	4448	1
376	4541	1
376	4643	1
377	608	1
377	917	1
377	1070	1
377	1265	1
377	1286	1
377	1457	1
377	1469	1
377	1470	1
377	1506	1
377	1585	1
377	1650	1
377	1668	1
377	1707	1
377	1710	1
377	1988	1
377	2510	1
377	2543	1
377	2589	1
377	2661	1
377	2720	1
377	2832	1
377	3053	1
377	3593	1
377	4166	1
377	4361	1
377	1905	1
378	609	1
378	1389	1
378	1540	1
378	1605	1
378	2201	1
378	4532	1
379	608	1
379	791	1
379	1144	1
379	1145	1
379	1761	1
379	1946	1
379	2292	1
379	3244	1
380	608	1
380	771	1
380	901	1
380	942	1
380	3256	1
381	610	1
381	2179	1
381	2332	1
381	2410	1
381	4082	1
381	4201	1
382	612	1
382	1654	1
382	3155	1
382	3951	1
382	4118	1
383	635	1
383	636	1
383	806	1
383	1047	1
383	1070	1
383	1078	1
383	1147	1
383	1281	1
383	1648	1
383	1659	1
383	1740	1
383	1829	1
383	2082	1
383	2153	1
383	2232	1
383	2288	1
383	2312	1
383	2458	1
383	2681	1
383	2684	1
383	2712	1
383	3433	1
383	3779	1
383	3806	1
383	3872	1
383	4614	1
383	4727	1
384	637	1
384	665	1
384	764	1
384	767	1
384	4132	1
385	637	1
385	921	1
385	3048	1
385	3152	1
385	3165	1
385	3611	1
385	3880	1
385	4068	1
385	4265	1
385	4475	1
386	643	1
386	784	1
386	946	1
386	1559	1
386	1625	1
386	4114	1
386	2922	1
387	644	1
387	715	1
387	1542	1
387	1543	1
387	1560	1
387	3227	1
387	3956	1
388	648	1
388	906	1
388	2777	1
388	3151	1
388	4463	1
389	649	1
389	675	1
389	998	1
389	1005	1
389	1337	1
389	4585	1
390	652	1
390	1038	1
390	1097	1
390	1212	1
390	1340	1
390	1571	1
390	2567	1
390	3648	1
390	3814	1
390	3919	1
390	3973	1
391	653	1
391	905	1
391	1130	1
391	1157	1
391	1356	1
391	1378	1
391	1496	1
391	1497	1
391	1524	1
391	1653	1
391	1675	1
391	1738	1
391	1802	1
391	1917	1
391	2216	1
391	2324	1
391	2421	1
391	2561	1
392	653	1
392	789	1
392	1337	1
392	3632	1
392	3644	1
392	3694	1
393	655	1
393	1203	1
393	1381	1
393	1682	1
393	3835	1
393	3989	1
393	4203	1
393	4395	1
394	656	1
394	1973	1
394	2024	1
394	2466	1
394	2832	1
394	3699	1
394	4640	1
394	1996	1
395	658	1
395	1432	1
395	2205	1
395	2219	1
395	2616	1
395	3738	1
396	662	1
396	1204	1
396	1756	1
396	1953	1
396	2086	1
396	3533	1
396	3650	1
396	4218	1
396	4689	1
397	667	1
397	1415	1
397	1547	1
397	2203	1
397	2207	1
397	2242	1
398	668	1
398	709	1
398	1033	1
398	1616	1
398	1620	1
398	1909	1
398	1911	1
398	2247	1
398	2638	1
398	2697	1
398	4124	1
398	4745	1
399	672	1
399	1151	1
399	1201	1
399	1220	1
399	1330	1
399	1530	1
400	673	1
400	756	1
400	2544	1
400	2765	1
400	2868	1
400	3666	1
400	3992	1
400	4012	1
400	4165	1
401	675	1
401	719	1
401	753	1
401	757	1
401	2004	1
401	4279	1
401	4735	1
401	4080	1
402	677	1
402	1811	1
402	1871	1
402	2029	1
402	2189	1
402	4495	1
402	4497	1
402	302	1
403	677	1
403	1926	1
403	2343	1
403	2605	1
403	3062	1
403	3101	1
403	4673	1
404	677	1
404	800	1
404	2399	1
404	3548	1
404	4153	1
404	4486	1
405	677	1
405	693	1
405	1838	1
405	3166	1
405	3362	1
405	3384	1
405	4434	1
406	677	1
406	972	1
406	1753	1
406	2735	1
406	3947	1
407	677	1
407	921	1
407	1853	1
407	2689	1
407	3031	1
407	3595	1
408	678	1
408	1939	1
408	2224	1
408	2838	1
408	2880	1
409	684	1
409	1109	1
409	1359	1
409	1628	1
409	4148	1
409	4200	1
409	4232	1
409	4247	1
409	4433	1
409	4434	1
410	688	1
410	1748	1
410	2156	1
410	2186	1
410	2205	1
410	3944	1
410	4480	1
410	4517	1
410	4678	1
411	689	1
411	693	1
411	1694	1
411	1868	1
411	1975	1
411	2164	1
411	2355	1
411	3040	1
411	3459	1
411	3963	1
412	690	1
412	1265	1
412	1334	1
412	1370	1
412	1437	1
412	1545	1
413	692	1
413	974	1
413	1543	1
413	1694	1
413	3454	1
413	4329	1
414	693	1
414	711	1
414	1434	1
414	1527	1
414	3990	1
415	694	1
415	720	1
415	2581	1
415	2621	1
415	2917	1
415	2930	1
415	3118	1
415	1465	1
416	695	1
416	1031	1
416	1530	1
416	1764	1
416	1816	1
416	1901	1
416	3131	1
417	699	1
417	720	1
417	938	1
417	1694	1
417	3401	1
417	3995	1
418	701	1
418	994	1
418	1746	1
418	2032	1
418	2313	1
418	2678	1
418	2756	1
419	702	1
419	1455	1
419	1639	1
419	2435	1
419	4358	1
420	709	1
420	913	1
420	930	1
420	2092	1
420	4563	1
420	1236	1
420	4638	1
421	709	1
421	944	1
421	1046	1
421	1062	1
421	1100	1
421	1382	1
421	1934	1
421	1980	1
421	2057	1
421	2120	1
421	2141	1
421	2355	1
421	2372	1
421	2592	1
421	2789	1
421	3085	1
421	3266	1
421	3526	1
421	4297	1
421	4613	1
421	4617	1
422	709	1
422	1269	1
422	2790	1
422	3494	1
422	3809	1
423	715	1
423	2373	1
423	2485	1
423	3287	1
423	3416	1
423	4460	1
423	4547	1
423	2442	1
424	718	1
424	2156	1
424	2812	1
424	2965	1
424	3124	1
424	3932	1
424	4327	1
425	720	1
425	1851	1
425	2442	1
425	2468	1
425	2970	1
425	2991	1
425	4083	1
426	720	1
426	1310	1
426	1944	1
426	965	1
426	4637	1
427	721	1
427	975	1
427	1104	1
427	1140	1
427	2027	1
427	2180	1
427	2770	1
427	2881	1
427	3099	1
427	3121	1
428	723	1
428	941	1
428	1044	1
428	1501	1
428	1571	1
428	2157	1
428	2236	1
428	2375	1
428	2379	1
428	2535	1
428	2547	1
428	3752	1
428	4061	1
429	723	1
429	1782	1
429	3624	1
429	4337	1
429	1067	1
430	723	1
430	1447	1
430	2449	1
430	4362	1
430	4498	1
431	725	1
431	1818	1
431	2050	1
431	2199	1
431	2638	1
431	2875	1
431	3871	1
431	3970	1
431	4334	1
432	731	1
432	2104	1
432	2213	1
432	2256	1
432	2322	1
432	2360	1
432	2362	1
432	2423	1
432	2529	1
432	2665	1
432	3920	1
433	735	1
433	1479	1
433	2308	1
433	2545	1
433	2761	1
433	4293	1
433	4309	1
434	739	1
434	995	1
434	1503	1
434	1552	1
434	2325	1
435	741	1
435	805	1
435	831	1
435	885	1
435	1658	1
435	1991	1
435	3322	1
435	3578	1
435	3620	1
436	745	1
436	980	1
436	1719	1
436	1722	1
436	1958	1
436	2058	1
436	2108	1
436	2205	1
436	2845	1
436	3053	1
436	3322	1
436	4181	1
437	746	1
437	1597	1
437	3953	1
437	4242	1
437	4730	1
438	752	1
438	1072	1
438	1720	1
438	3192	1
438	3246	1
438	3357	1
438	3364	1
438	3490	1
438	3708	1
438	4467	1
439	756	1
439	1049	1
439	1146	1
439	1324	1
439	1430	1
439	2339	1
439	2571	1
439	2814	1
439	2834	1
439	3063	1
439	3141	1
440	756	1
440	1749	1
440	1854	1
440	2604	1
440	3181	1
440	3295	1
441	756	1
441	1663	1
441	1901	1
441	3690	1
441	4139	1
442	756	1
442	1164	1
442	1185	1
442	2950	1
442	3024	1
443	766	1
443	994	1
443	1087	1
443	1426	1
443	2070	1
443	2140	1
443	2995	1
443	3057	1
443	3500	1
443	3568	1
443	3757	1
444	772	1
444	1345	1
444	1379	1
444	1826	1
444	2216	1
444	2225	1
444	2262	1
444	2307	1
444	2690	1
444	2698	1
444	3577	1
444	3913	1
444	3936	1
444	3964	1
444	4212	1
444	4434	1
444	4668	1
445	773	1
445	847	1
445	1058	1
445	1951	1
445	2354	1
445	3156	1
445	3314	1
445	3389	1
445	3622	1
446	784	1
446	2046	1
446	3074	1
446	3704	1
446	4386	1
446	4464	1
447	790	1
447	969	1
447	1588	1
447	1766	1
447	2127	1
447	2138	1
447	2676	1
447	2850	1
447	2855	1
447	3275	1
448	792	1
448	813	1
448	936	1
448	1409	1
448	2031	1
448	2406	1
448	2507	1
448	2629	1
448	3240	1
448	4158	1
449	794	1
449	1550	1
449	1694	1
449	2043	1
449	2798	1
449	2919	1
449	3095	1
450	793	1
450	819	1
450	2363	1
450	2457	1
450	2524	1
450	2538	1
451	797	1
451	820	1
451	1055	1
451	1163	1
451	1176	1
451	1212	1
451	1317	1
451	1363	1
451	1374	1
451	1852	1
451	2049	1
451	2086	1
451	2097	1
451	2494	1
451	2802	1
451	3224	1
452	807	1
452	1006	1
452	2876	1
452	3055	1
452	4487	1
452	2270	1
453	809	1
453	1112	1
453	3130	1
453	4651	1
453	4664	1
454	809	1
454	1153	1
454	1463	1
454	1464	1
454	1535	1
454	1698	1
454	1742	1
454	1946	1
454	2267	1
454	2271	1
454	2334	1
454	2542	1
454	2722	1
454	2780	1
454	2800	1
454	2935	1
454	2955	1
454	2957	1
454	3049	1
454	3066	1
454	3213	1
454	3283	1
454	3321	1
454	3377	1
454	3508	1
454	3805	1
454	3830	1
454	4085	1
454	4091	1
454	4108	1
454	4128	1
454	4129	1
454	4141	1
454	4157	1
454	4213	1
454	4230	1
454	4246	1
454	4250	1
454	4251	1
454	4299	1
454	4305	1
454	4391	1
454	4408	1
454	4420	1
454	4435	1
454	4453	1
454	4556	1
455	812	1
455	822	1
455	2716	1
455	3096	1
455	3183	1
456	818	1
456	900	1
456	1068	1
456	2226	1
456	2450	1
456	2488	1
456	2912	1
456	2967	1
456	3293	1
457	839	1
457	1937	1
457	2211	1
457	2282	1
457	3425	1
457	3869	1
457	4039	1
457	4402	1
457	4407	1
457	4433	1
458	845	1
458	907	1
458	1558	1
458	1656	1
458	1787	1
458	2534	1
459	846	1
459	1522	1
459	3132	1
459	3959	1
459	4150	1
459	4256	1
459	705	1
459	719	1
459	4695	1
460	849	1
460	1065	1
460	1076	1
460	1129	1
460	1288	1
460	1922	1
460	3502	1
461	850	1
461	896	1
461	899	1
461	917	1
461	946	1
461	1757	1
461	1856	1
461	1912	1
461	2776	1
461	3818	1
461	4308	1
462	853	1
462	2872	1
462	3270	1
462	3846	1
462	3968	1
462	4197	1
463	854	1
463	2295	1
463	2387	1
463	2815	1
463	3126	1
463	4024	1
464	876	1
464	911	1
464	1033	1
464	1322	1
464	1985	1
465	881	1
465	939	1
465	950	1
465	963	1
465	1010	1
465	1027	1
465	1193	1
465	1198	1
465	1931	1
465	2112	1
465	2443	1
465	2444	1
465	2803	1
465	2802	1
466	883	1
466	921	1
466	1088	1
466	2882	1
466	3058	1
466	3415	1
466	3898	1
466	3933	1
466	4052	1
467	885	1
467	1926	1
467	2354	1
467	2767	1
467	3050	1
468	892	1
468	932	1
468	1491	1
468	2434	1
468	4356	1
469	897	1
469	1476	1
469	1736	1
469	2431	1
469	2467	1
469	2908	1
469	4440	1
470	900	1
470	1068	1
470	1468	1
470	2234	1
470	2925	1
470	3228	1
470	3737	1
470	4146	1
470	4316	1
470	4500	1
470	4527	1
470	4546	1
471	905	1
471	1394	1
471	1400	1
471	1472	1
471	1655	1
471	1970	1
471	2268	1
471	2659	1
472	905	1
472	1907	1
472	2540	1
472	3698	1
472	3887	1
473	906	1
473	1391	1
473	1763	1
473	2701	1
473	4346	1
474	909	1
474	991	1
474	998	1
474	1098	1
474	1522	1
474	2091	1
475	910	1
475	2429	1
475	2465	1
475	2816	1
475	3823	1
476	911	1
476	1879	1
476	2571	1
476	2938	1
476	3065	1
476	3205	1
476	4582	1
476	4635	1
477	911	1
477	1174	1
477	1302	1
477	1365	1
477	1477	1
477	3033	1
477	3841	1
478	914	1
478	928	1
478	968	1
478	1013	1
478	1015	1
478	4418	1
479	917	1
479	1586	1
479	2013	1
479	2755	1
479	3532	1
479	3941	1
480	921	1
480	1269	1
480	1895	1
480	2125	1
480	2187	1
480	4202	1
480	4260	1
481	926	1
481	1269	1
481	2798	1
481	2863	1
481	3776	1
482	927	1
482	1699	1
482	1916	1
482	2482	1
482	2988	1
483	934	1
483	1619	1
483	1627	1
483	2085	1
483	2931	1
483	3536	1
484	935	1
484	2148	1
484	2449	1
484	2554	1
484	2864	1
484	2867	1
484	2880	1
484	2910	1
484	2911	1
484	3175	1
485	940	1
485	1907	1
485	1977	1
485	2023	1
485	2098	1
485	2120	1
485	2124	1
486	941	1
486	2996	1
486	3066	1
486	3070	1
486	3105	1
486	3581	1
486	4677	1
487	948	1
487	1798	1
487	2347	1
487	3865	1
487	3893	1
488	952	1
488	2239	1
488	2244	1
488	2341	1
488	2699	1
488	3301	1
488	3419	1
488	3431	1
489	954	1
489	1322	1
489	1488	1
489	1610	1
489	1635	1
489	1636	1
489	1637	1
489	2058	1
489	2202	1
489	2590	1
489	4393	1
490	957	1
490	1054	1
490	2398	1
490	2657	1
490	3256	1
490	4507	1
491	964	1
491	1297	1
491	1840	1
491	2131	1
491	3538	1
491	3837	1
491	4022	1
491	4335	1
491	4401	1
492	966	1
492	1720	1
492	2695	1
492	2938	1
492	2950	1
492	2974	1
492	3223	1
493	981	1
493	992	1
493	1002	1
493	3004	1
493	3484	1
493	3494	1
493	3602	1
493	3614	1
493	3621	1
493	3922	1
493	4228	1
493	4274	1
493	4371	1
494	984	1
494	1253	1
494	3050	1
494	3250	1
494	3884	1
495	985	1
495	1258	1
495	1586	1
495	2111	1
495	2314	1
495	4133	1
496	986	1
496	996	1
496	1008	1
496	1108	1
496	1241	1
496	1346	1
496	1348	1
496	1593	1
496	1690	1
496	1737	1
496	1738	1
496	1767	1
496	1768	1
496	1812	1
496	1848	1
496	1863	1
496	2265	1
496	2386	1
496	2557	1
496	2654	1
496	4226	1
497	993	1
497	1018	1
497	1701	1
497	2267	1
497	2601	1
497	3892	1
498	1000	1
498	1002	1
498	1042	1
498	1950	1
498	2198	1
499	1001	1
499	1221	1
499	1665	1
499	3842	1
499	4568	1
500	1008	1
500	1490	1
500	1678	1
500	1937	1
500	3322	1
500	3562	1
500	3944	1
500	4140	1
500	4187	1
501	1011	1
501	2751	1
501	2753	1
501	3156	1
501	4241	1
502	1012	1
502	1040	1
502	1186	1
502	2307	1
502	2680	1
503	1026	1
503	1290	1
503	1361	1
503	3040	1
503	3677	1
503	4064	1
504	1028	1
504	1153	1
504	1354	1
504	1691	1
504	1986	1
504	2384	1
504	2660	1
505	1029	1
505	1256	1
505	1301	1
505	2166	1
505	4581	1
505	4661	1
506	1034	1
506	1465	1
506	1633	1
506	1892	1
506	2144	1
506	2431	1
506	2757	1
506	2898	1
507	1036	1
507	1349	1
507	1373	1
507	2137	1
507	4248	1
508	1039	1
508	1929	1
508	1981	1
508	2074	1
508	2417	1
508	2457	1
508	2764	1
508	2802	1
508	2828	1
508	2956	1
508	2992	1
508	3072	1
508	3178	1
508	3435	1
508	3464	1
508	3476	1
508	3475	1
508	3480	1
508	3582	1
508	3642	1
508	3680	1
508	3684	1
508	3721	1
508	4053	1
509	1051	1
509	1254	1
509	1353	1
509	1921	1
509	2811	1
509	3093	1
509	4332	1
509	4587	1
509	4619	1
510	1052	1
510	1248	1
510	1336	1
510	2268	1
510	2685	1
510	2830	1
510	3484	1
510	3926	1
511	1055	1
511	2365	1
511	2823	1
511	2886	1
511	3488	1
511	3813	1
511	4013	1
511	4311	1
511	4442	1
512	1056	1
512	1073	1
512	1106	1
512	1233	1
512	1296	1
512	1307	1
513	1059	1
513	1209	1
513	1250	1
513	1894	1
513	2039	1
513	2076	1
513	2100	1
513	2520	1
513	2577	1
513	2772	1
513	2839	1
514	1064	1
514	2328	1
514	3306	1
514	3588	1
514	3741	1
514	3783	1
514	3933	1
514	3945	1
514	3971	1
514	4054	1
514	4296	1
514	4338	1
514	4373	1
514	4386	1
514	4421	1
514	4434	1
515	1064	1
515	1430	1
515	2861	1
515	3370	1
515	4508	1
515	4142	1
515	4738	1
516	1081	1
516	1832	1
516	2704	1
516	3100	1
516	4303	1
517	1081	1
517	1693	1
517	2267	1
517	3063	1
517	3122	1
517	3333	1
518	1087	1
518	2527	1
518	2914	1
518	4084	1
518	4114	1
519	1090	1
519	1815	1
519	1916	1
519	2531	1
519	2599	1
519	4180	1
520	1090	1
520	1644	1
520	3070	1
520	4136	1
520	4272	1
521	1091	1
521	1353	1
521	1853	1
521	3336	1
521	3350	1
521	1736	1
522	1090	1
522	1797	1
522	2811	1
522	3638	1
522	3683	1
522	3755	1
523	1095	1
523	1666	1
523	2418	1
523	2469	1
523	2655	1
523	3023	1
523	4305	1
524	1102	1
524	1179	1
524	1213	1
524	1230	1
524	1289	1
524	1293	1
525	1115	1
525	1473	1
525	1706	1
525	2274	1
525	2712	1
525	3541	1
525	3711	1
525	3768	1
525	4273	1
525	4688	1
525	4292	1
526	1115	1
526	2610	1
526	3062	1
526	3104	1
526	3850	1
526	3963	1
526	4114	1
526	4134	1
526	4355	1
526	4357	1
526	4666	1
527	1123	1
527	1723	1
527	2233	1
527	3856	1
527	4372	1
527	4670	1
528	1125	1
528	1181	1
528	1557	1
528	1734	1
528	2136	1
528	2399	1
528	2541	1
528	2653	1
528	3042	1
528	3491	1
528	3592	1
528	3620	1
528	3681	1
528	3941	1
528	4510	1
528	4652	1
529	1127	1
529	2119	1
529	2220	1
529	3214	1
529	3444	1
529	3665	1
530	1130	1
530	1689	1
530	1692	1
530	1878	1
530	3762	1
531	1131	1
531	2162	1
531	2165	1
531	2422	1
531	3863	1
531	4185	1
531	3456	1
531	4327	1
532	1139	1
532	1783	1
532	2174	1
532	3294	1
532	3391	1
532	4422	1
533	1140	1
533	1785	1
533	2262	1
533	2304	1
533	2964	1
533	4036	1
533	4060	1
533	4163	1
534	1142	1
534	2031	1
534	2035	1
534	2389	1
534	3420	1
534	4222	1
534	4522	1
534	997	1
534	4634	1
535	1145	1
535	1419	1
535	2397	1
535	2445	1
535	261	1
536	1150	1
536	2379	1
536	2972	1
536	3266	1
536	4591	1
537	1160	1
537	1268	1
537	2357	1
537	2976	1
537	3036	1
537	4631	1
538	1162	1
538	1586	1
538	1883	1
538	4161	1
538	4490	1
538	264	1
538	280	1
539	1162	1
539	1190	1
539	1843	1
539	1897	1
539	1906	1
539	2202	1
539	2783	1
539	3256	1
539	4145	1
540	1167	1
540	3610	1
540	3815	1
540	3923	1
540	3972	1
540	3992	1
540	4097	1
541	1170	1
541	1319	1
541	1795	1
541	1801	1
541	2059	1
541	2237	1
541	2299	1
541	2526	1
541	2609	1
541	2700	1
541	2718	1
541	2729	1
541	2736	1
541	2757	1
541	2763	1
541	2825	1
541	2842	1
541	2865	1
541	2894	1
541	2916	1
541	2989	1
541	2998	1
541	3069	1
541	3161	1
541	3285	1
541	3314	1
541	3522	1
541	3565	1
541	3631	1
541	3659	1
541	3689	1
541	3691	1
541	3705	1
541	3883	1
542	1173	1
542	1353	1
542	1380	1
542	1408	1
542	1887	1
542	4189	1
543	1177	1
543	1467	1
543	2444	1
543	3058	1
543	3193	1
543	3357	1
544	1181	1
544	1501	1
544	2344	1
544	2354	1
544	2411	1
544	3693	1
545	1181	1
545	1333	1
545	3593	1
545	3934	1
545	4046	1
546	1186	1
546	1233	1
546	1285	1
546	1837	1
546	2249	1
546	3194	1
547	1190	1
547	1249	1
547	3940	1
547	4099	1
547	4732	1
548	1194	1
548	1223	1
548	1366	1
548	1785	1
548	2758	1
548	3040	1
548	3833	1
549	1197	1
549	2814	1
549	3046	1
549	3482	1
549	3486	1
549	3596	1
549	3688	1
549	3759	1
550	1199	1
550	1212	1
550	1246	1
550	1759	1
550	1761	1
550	2021	1
550	2897	1
551	1205	1
551	1857	1
551	2337	1
551	2951	1
551	3043	1
551	3126	1
551	3461	1
552	1206	1
552	1251	1
552	2267	1
552	2830	1
552	3494	1
552	3587	1
552	3790	1
552	3797	1
552	3803	1
552	3877	1
552	4137	1
552	4220	1
552	4233	1
552	4239	1
552	4573	1
553	1210	1
553	1238	1
553	1300	1
553	1474	1
553	1609	1
553	2167	1
553	2832	1
553	4584	1
553	4736	1
554	1229	1
554	1313	1
554	1785	1
554	2556	1
554	3020	1
554	3037	1
554	3060	1
554	3231	1
554	3337	1
554	3540	1
554	3878	1
554	4000	1
554	4005	1
554	4031	1
554	4040	1
554	4075	1
554	4084	1
554	4109	1
554	4183	1
554	4192	1
554	4193	1
554	2419	1
555	1231	1
555	1284	1
555	1844	1
555	2411	1
555	3329	1
555	3372	1
555	3457	1
555	3563	1
555	3826	1
555	4264	1
556	1232	1
556	2572	1
556	4376	1
556	4625	1
556	4644	1
556	4715	1
557	1242	1
557	1874	1
557	2739	1
557	3222	1
557	3497	1
557	3516	1
557	3554	1
558	1245	1
558	2283	1
558	2849	1
558	3005	1
558	3915	1
559	1255	1
559	1501	1
559	1840	1
559	2122	1
559	2413	1
559	2414	1
559	2828	1
559	3168	1
559	3182	1
559	3257	1
559	3583	1
560	1262	1
560	1573	1
560	1626	1
560	1799	1
560	2354	1
560	2363	1
560	3425	1
560	3880	1
561	1264	1
561	1487	1
561	1507	1
561	1754	1
561	1858	1
561	1892	1
561	2144	1
561	2619	1
561	3656	1
561	4194	1
561	4620	1
562	1265	1
562	1775	1
562	1784	1
562	1835	1
562	1871	1
562	2506	1
562	3312	1
562	4027	1
563	1267	1
563	1456	1
563	1727	1
563	2391	1
563	2647	1
563	2898	1
564	1269	1
564	1392	1
564	3322	1
564	4014	1
564	4436	1
565	1274	1
565	2651	1
565	2772	1
565	3054	1
565	1576	1
565	4680	1
566	1275	1
566	1487	1
566	1541	1
566	1649	1
566	1971	1
567	1277	1
567	1618	1
567	1646	1
567	1650	1
567	3988	1
568	1276	1
568	1570	1
568	1662	1
568	1747	1
568	3763	1
568	4396	1
568	4459	1
569	1283	1
569	1586	1
569	1649	1
569	1967	1
569	2929	1
570	1292	1
570	1390	1
570	1471	1
570	2323	1
570	2333	1
570	2490	1
570	2522	1
570	2655	1
570	2664	1
570	3006	1
570	3067	1
570	3252	1
570	3335	1
570	3344	1
570	3365	1
570	3366	1
570	3378	1
570	3382	1
570	3387	1
570	3390	1
570	3394	1
570	3392	1
570	3397	1
570	4221	1
571	1294	1
571	1632	1
571	1706	1
571	2222	1
571	2433	1
571	3698	1
572	1294	1
572	3596	1
572	971	1
572	4590	1
572	4594	1
572	1513	1
572	4610	1
572	4628	1
572	4629	1
573	1299	1
573	3408	1
573	3627	1
573	3882	1
573	3888	1
573	4606	1
574	1300	1
574	3288	1
574	3308	1
574	3840	1
574	4199	1
575	1305	1
575	1418	1
575	1831	1
575	2328	1
575	2477	1
576	1311	1
576	1520	1
576	1960	1
576	3008	1
576	4599	1
577	1312	1
577	3089	1
577	3502	1
577	4359	1
577	2708	1
578	1319	1
578	2377	1
578	2426	1
578	2970	1
578	3110	1
578	3619	1
578	3646	1
578	3727	1
578	3992	1
578	4025	1
578	4247	1
578	4252	1
578	4353	1
578	4409	1
578	4412	1
578	4425	1
578	4436	1
579	1322	1
579	1396	1
579	1632	1
579	4385	1
579	4720	1
580	1323	1
580	3550	1
580	4120	1
580	4140	1
580	4209	1
581	1329	1
581	4588	1
581	4592	1
581	4595	1
581	4597	1
582	1331	1
582	2851	1
582	2886	1
582	3795	1
582	3946	1
582	4096	1
582	4423	1
582	4604	1
583	1332	1
583	1346	1
583	1489	1
583	1549	1
583	1563	1
583	1592	1
583	1875	1
583	2262	1
583	2436	1
583	3875	1
584	1336	1
584	1405	1
584	1632	1
584	1669	1
584	2140	1
584	3308	1
584	3487	1
585	1353	1
585	1998	1
585	2067	1
585	2587	1
585	2717	1
585	2829	1
585	2941	1
585	3014	1
585	3262	1
585	3443	1
585	3520	1
585	3603	1
585	3645	1
585	3704	1
585	3966	1
585	4307	1
586	1353	1
586	2636	1
586	3015	1
586	4191	1
586	4249	1
587	1362	1
587	1501	1
587	1601	1
587	1804	1
587	2148	1
587	2633	1
587	2730	1
587	2746	1
587	2766	1
587	2838	1
587	3272	1
587	3525	1
587	4159	1
588	1375	1
588	2409	1
588	2482	1
588	2521	1
588	2523	1
588	2587	1
588	4211	1
588	4693	1
589	1377	1
589	1422	1
589	1428	1
589	1695	1
589	2487	1
589	4626	1
589	4630	1
589	4653	1
590	1377	1
590	2952	1
590	3025	1
590	3124	1
590	3304	1
590	3720	1
591	1380	1
591	1501	1
591	2293	1
591	3149	1
591	3639	1
591	4236	1
592	1380	1
592	1694	1
592	2241	1
592	2659	1
592	2798	1
592	2969	1
592	4660	1
592	4672	1
593	1391	1
593	1514	1
593	1788	1
593	2327	1
593	2346	1
593	4562	1
594	1397	1
594	1480	1
594	2645	1
594	3948	1
594	4325	1
595	1408	1
595	1968	1
595	2327	1
595	2601	1
595	2602	1
595	3999	1
595	4263	1
595	4361	1
595	4729	1
596	1414	1
596	3369	1
596	3375	1
596	3381	1
596	4089	1
597	1420	1
597	2354	1
597	2834	1
597	3009	1
597	3392	1
597	3557	1
597	3711	1
597	3826	1
598	1424	1
598	1927	1
598	1941	1
598	2267	1
598	2456	1
598	3154	1
599	1438	1
599	1448	1
599	1979	1
599	4572	1
599	4574	1
599	4575	1
600	1449	1
600	1460	1
600	1641	1
600	1989	1
600	2009	1
601	1455	1
601	1507	1
601	2066	1
601	2964	1
601	3313	1
601	3321	1
601	3379	1
601	3593	1
601	4427	1
601	4549	1
601	4733	1
602	1461	1
602	2760	1
602	2798	1
602	3527	1
602	4041	1
602	4102	1
603	1470	1
603	2060	1
603	2511	1
603	2514	1
603	2585	1
603	4205	1
603	4361	1
603	4400	1
603	4743	1
604	1471	1
604	3064	1
604	3649	1
604	4017	1
604	381	1
605	1471	1
605	1486	1
605	2044	1
605	2124	1
605	2896	1
605	4483	1
606	1502	1
606	2658	1
606	3170	1
606	3494	1
606	3587	1
606	3595	1
606	3723	1
606	4055	1
606	4342	1
606	4343	1
606	4434	1
606	4460	1
607	1503	1
607	1890	1
607	2580	1
607	3626	1
607	4383	1
608	1532	1
608	3215	1
608	3438	1
608	3559	1
608	3941	1
609	1551	1
609	2292	1
609	2326	1
609	2469	1
609	2927	1
610	1566	1
610	2031	1
610	3219	1
610	4066	1
610	4156	1
610	4354	1
610	4750	1
611	1584	1
611	1882	1
611	1939	1
611	2319	1
611	2383	1
611	2643	1
612	1586	1
612	1856	1
612	2745	1
612	3702	1
612	4154	1
612	4261	1
613	1586	1
613	1662	1
613	2131	1
613	2944	1
613	3962	1
614	1586	1
614	1786	1
614	2023	1
614	2869	1
614	2994	1
614	3207	1
615	1586	1
615	2016	1
615	2068	1
615	4227	1
615	4381	1
616	1586	1
616	1938	1
616	2350	1
616	2582	1
616	2642	1
616	2794	1
616	2843	1
616	2942	1
617	1586	1
617	1836	1
617	1900	1
617	2089	1
617	2296	1
617	3834	1
618	1595	1
618	1650	1
618	2183	1
618	3351	1
618	4176	1
618	4275	1
618	1337	1
618	1633	1
618	4702	1
618	4740	1
619	1612	1
619	2262	1
619	2269	1
619	2525	1
619	2904	1
619	4583	1
620	1613	1
620	1996	1
620	2024	1
620	2160	1
620	2576	1
620	2627	1
620	2986	1
620	3147	1
621	1630	1
621	3992	1
621	4108	1
621	4375	1
621	4438	1
622	1663	1
622	1926	1
622	2240	1
622	2496	1
622	3111	1
622	4069	1
622	4431	1
622	4530	1
623	1667	1
623	1838	1
623	1966	1
623	2131	1
623	3538	1
624	1679	1
624	3349	1
624	3360	1
624	3682	1
624	3981	1
624	3988	1
624	4170	1
624	4209	1
624	4322	1
624	4544	1
625	1680	1
625	2192	1
625	2209	1
625	2230	1
625	2668	1
625	2805	1
626	1690	1
626	2106	1
626	2277	1
626	2278	1
626	2286	1
626	2352	1
626	2361	1
626	2412	1
626	2493	1
626	2670	1
626	2682	1
626	2684	1
626	2707	1
626	2744	1
626	2768	1
626	2826	1
626	2836	1
626	2873	1
626	2915	1
626	2961	1
626	2968	1
626	3114	1
626	3119	1
626	3128	1
626	3822	1
627	1709	1
627	2183	1
627	2274	1
627	2771	1
627	2847	1
627	3663	1
627	3756	1
627	4179	1
628	1710	1
628	1713	1
628	2172	1
628	2615	1
628	3847	1
628	3925	1
628	3958	1
629	1717	1
629	2228	1
629	2354	1
629	3857	1
629	4561	1
630	1725	1
630	1789	1
630	1838	1
630	2473	1
630	2786	1
630	2921	1
630	3038	1
630	3236	1
630	3274	1
630	3311	1
631	1728	1
631	2078	1
631	2348	1
631	2698	1
631	3058	1
632	1743	1
632	2715	1
632	3053	1
632	3163	1
632	3908	1
632	4253	1
632	4433	1
633	1751	1
633	1785	1
633	2002	1
633	3156	1
633	4155	1
633	4632	1
633	2604	1
634	1752	1
634	1784	1
634	2387	1
634	2390	1
634	2461	1
635	1755	1
635	1792	1
635	1903	1
635	2728	1
635	2835	1
636	1782	1
636	2191	1
636	2959	1
636	3257	1
636	3278	1
636	3523	1
636	4215	1
636	4445	1
636	4465	1
637	1784	1
637	1788	1
637	1798	1
637	2645	1
637	2702	1
637	3865	1
638	1784	1
638	4078	1
638	4372	1
638	4523	1
638	4657	1
639	1785	1
639	2004	1
639	2482	1
639	2940	1
639	3799	1
639	3953	1
639	4030	1
640	1788	1
640	4034	1
640	4492	1
640	1205	1
640	4618	1
641	1793	1
641	2262	1
641	3523	1
641	3550	1
641	2492	1
642	1796	1
642	1805	1
642	1862	1
642	1957	1
642	2093	1
642	2658	1
642	3169	1
642	3542	1
642	3596	1
642	3605	1
642	3800	1
642	4446	1
642	4713	1
643	1798	1
643	1837	1
643	1868	1
643	1873	1
643	1942	1
643	1990	1
643	2095	1
643	2274	1
643	2531	1
643	2728	1
643	2877	1
643	2997	1
643	3188	1
643	3332	1
643	3338	1
643	3440	1
643	3546	1
643	3701	1
643	3865	1
643	3931	1
643	461	1
643	4577	1
643	4656	1
643	4674	1
643	4697	1
643	4701	1
643	4710	1
644	1823	1
644	1856	1
644	3468	1
644	3707	1
644	3905	1
644	4063	1
644	4315	1
644	4365	1
644	4655	1
645	1847	1
645	2016	1
645	2451	1
645	2571	1
645	2721	1
645	3436	1
645	3679	1
645	3700	1
645	4279	1
646	1850	1
646	1907	1
646	3310	1
646	4387	1
646	4388	1
646	4411	1
647	1859	1
647	2188	1
647	2194	1
647	2291	1
647	2431	1
647	2480	1
647	2750	1
647	2776	1
647	2899	1
647	3011	1
647	3272	1
647	3455	1
647	4705	1
648	1865	1
648	2073	1
648	2200	1
648	2907	1
648	3862	1
648	3907	1
649	1871	1
649	1873	1
649	3134	1
649	3530	1
649	4393	1
650	1871	1
650	2508	1
650	2684	1
650	3066	1
650	4648	1
651	1877	1
651	2284	1
651	2517	1
651	2869	1
651	3281	1
651	3570	1
651	3702	1
651	3838	1
651	4406	1
651	4721	1
652	1881	1
652	2000	1
652	2206	1
652	2501	1
652	2671	1
652	2936	1
652	3159	1
652	3519	1
652	3791	1
653	1881	1
653	1946	1
653	1947	1
653	2134	1
653	2303	1
653	2753	1
653	2947	1
653	3159	1
653	4450	1
654	1881	1
654	1972	1
654	2311	1
654	2396	1
654	3159	1
655	1895	1
655	2353	1
655	2536	1
655	2549	1
655	2683	1
655	3767	1
656	1925	1
656	2474	1
656	2628	1
656	2673	1
656	2747	1
656	2848	1
656	2877	1
656	3079	1
656	3189	1
656	3197	1
656	3736	1
656	4533	1
656	4569	1
657	1933	1
657	2963	1
657	3116	1
657	3492	1
657	3678	1
657	3793	1
657	3980	1
657	4237	1
657	4238	1
657	4283	1
658	1942	1
658	2063	1
658	2531	1
658	2937	1
658	3931	1
659	1948	1
659	2256	1
659	2597	1
659	2787	1
659	4669	1
660	1953	1
660	2677	1
660	4023	1
660	4748	1
660	4755	1
661	1965	1
661	3196	1
661	3764	1
661	3844	1
661	918	1
662	1981	1
662	2081	1
662	2285	1
662	3511	1
662	4667	1
663	2002	1
663	2953	1
663	3042	1
663	3156	1
663	3256	1
663	3861	1
663	4244	1
663	4671	1
664	2013	1
664	2632	1
664	2755	1
664	3092	1
664	3532	1
665	2028	1
665	2152	1
665	2159	1
665	2468	1
665	2667	1
666	2032	1
666	2367	1
666	2743	1
666	3515	1
666	3527	1
666	3940	1
666	4285	1
666	4290	1
667	2037	1
667	2040	1
667	2778	1
667	2956	1
667	2984	1
667	3438	1
667	3458	1
667	3559	1
667	3678	1
667	3680	1
667	3794	1
667	3845	1
667	3852	1
667	4001	1
667	4317	1
667	4349	1
667	4364	1
667	4365	1
667	4380	1
667	4392	1
668	2050	1
668	2532	1
668	2692	1
668	2871	1
668	2990	1
668	3098	1
668	3211	1
668	3212	1
668	3234	1
668	3346	1
668	3472	1
668	3473	1
668	3475	1
668	3478	1
668	3543	1
668	3572	1
668	3581	1
668	3643	1
668	4589	1
669	2054	1
669	2173	1
669	2289	1
669	2769	1
669	2879	1
669	3000	1
669	3817	1
669	4130	1
670	2058	1
670	3244	1
670	4120	1
670	4160	1
670	4322	1
670	4437	1
670	4734	1
671	2094	1
671	2181	1
671	3052	1
671	3590	1
671	4030	1
671	718	1
672	2113	1
672	3993	1
672	4086	1
672	4339	1
672	4415	1
672	4608	1
673	2131	1
673	3139	1
673	3269	1
673	4057	1
673	4152	1
674	2145	1
674	2537	1
674	2787	1
674	3470	1
674	4234	1
675	2170	1
675	2340	1
675	2425	1
675	2560	1
675	2562	1
675	2684	1
675	2768	1
675	2797	1
675	2808	1
675	2830	1
675	3164	1
675	3185	1
675	3199	1
675	3300	1
675	3341	1
675	3430	1
675	3452	1
675	3695	1
675	3781	1
675	3782	1
675	4021	1
675	4149	1
675	4404	1
675	4470	1
676	2187	1
676	2186	1
676	2262	1
676	3058	1
676	3155	1
676	2205	1
677	2197	1
677	2634	1
677	2958	1
677	3226	1
677	3323	1
677	3343	1
677	3545	1
677	4107	1
677	4611	1
677	4675	1
677	4676	1
677	4691	1
678	2248	1
678	2301	1
678	2640	1
678	3306	1
678	3761	1
678	3772	1
678	4296	1
679	2259	1
679	2656	1
679	3059	1
679	3325	1
679	3675	1
680	2262	1
680	2818	1
680	2964	1
680	3157	1
680	3843	1
680	3903	1
680	4009	1
680	4116	1
680	4190	1
680	4419	1
680	4479	1
681	2297	1
681	2693	1
681	2743	1
681	2802	1
681	2847	1
681	3087	1
681	3220	1
681	3439	1
681	3515	1
681	3524	1
681	3543	1
681	3598	1
681	3633	1
681	3662	1
681	3684	1
681	3685	1
681	3745	1
681	4526	1
682	2329	1
682	2438	1
682	2776	1
682	3424	1
682	4524	1
683	2368	1
683	2416	1
683	2448	1
683	2926	1
683	3505	1
683	3804	1
683	4566	1
684	2387	1
684	2450	1
684	2498	1
684	2731	1
684	2752	1
684	2803	1
684	2906	1
684	3042	1
684	3437	1
684	3438	1
684	3559	1
684	3954	1
684	4683	1
684	4751	1
685	2405	1
685	2503	1
685	2507	1
685	2512	1
685	2945	1
685	4515	1
686	2406	1
686	2476	1
686	2482	1
686	4491	1
686	4501	1
686	667	1
687	2427	1
687	2817	1
687	2891	1
687	2969	1
687	4456	1
688	2444	1
688	3026	1
688	3053	1
688	3166	1
688	3362	1
688	3868	1
688	4231	1
688	4722	1
688	4731	1
688	4757	1
689	2561	1
689	2606	1
689	2950	1
689	3238	1
689	4348	1
690	2583	1
690	3202	1
690	3474	1
690	3561	1
690	3730	1
690	4607	1
690	4709	1
691	2624	1
691	3155	1
691	3156	1
691	3344	1
691	3960	1
692	2668	1
692	2805	1
692	2846	1
692	4511	1
692	4514	1
693	2698	1
693	3090	1
693	3156	1
693	3171	1
693	3421	1
694	2743	1
694	2813	1
694	2905	1
694	2965	1
694	3342	1
694	3507	1
694	3515	1
694	3618	1
694	4505	1
695	2785	1
695	3071	1
695	3206	1
695	3362	1
695	3718	1
695	4196	1
696	2834	1
696	3256	1
696	3791	1
696	3935	1
696	4184	1
696	4478	1
697	2883	1
697	2964	1
697	3240	1
697	3957	1
697	4345	1
698	2993	1
698	3053	1
698	3125	1
698	3198	1
698	3319	1
698	3625	1
698	3748	1
699	3029	1
699	3272	1
699	3655	1
699	4037	1
699	4103	1
699	4151	1
699	4247	1
700	3047	1
700	3943	1
700	4049	1
700	4183	1
700	4295	1
701	3062	1
701	3173	1
701	3552	1
701	4145	1
701	4182	1
702	3080	1
702	3399	1
702	3406	1
702	3404	1
702	4142	1
702	4403	1
703	3096	1
703	3749	1
703	3796	1
703	3967	1
703	4039	1
703	4469	1
704	3198	1
704	3257	1
704	3351	1
704	3726	1
704	3828	1
704	4079	1
704	4080	1
704	4204	1
704	4271	1
704	4328	1
704	4361	1
705	3216	1
705	4027	1
705	4035	1
705	4444	1
705	1843	1
706	3225	1
706	3485	1
706	3535	1
706	3593	1
706	3607	1
706	3694	1
707	3250	1
707	3471	1
707	4268	1
707	4712	1
707	4725	1
708	3268	1
708	4694	1
708	4696	1
708	4698	1
708	4716	1
709	3309	1
709	3928	1
709	4126	1
709	4443	1
709	2738	1
710	3357	1
710	3608	1
710	3897	1
710	4004	1
710	4138	1
711	3513	1
711	3586	1
711	3601	1
711	3634	1
711	4361	1
712	4186	1
712	4296	1
712	4368	1
712	4397	1
712	3598	1