0	1100	1
0	1247	1
0	1276	1
0	1278	1
0	1380	1
0	1437	1
0	1448	1
0	1498	1
0	1520	1
0	1526	1
1	263	1
1	976	1
1	1061	1
1	1162	1
1	1483	1
1	1547	1
1	1549	1
2	267	1
2	289	1
2	309	1
2	971	1
2	1247	1
2	1321	1
2	1377	1
2	1439	1
2	1448	1
2	1460	1
2	1470	1
2	1484	1
2	1523	1
2	1594	1
2	1598	1
2	575	1
3	7	1
3	135	1
3	186	1
3	206	1
3	215	1
3	218	1
3	251	1
3	341	1
3	370	1
3	405	1
3	492	1
3	540	1
3	559	1
3	571	1
3	602	1
3	741	1
3	760	1
3	761	1
3	776	1
3	806	1
3	810	1
3	831	1
3	835	1
3	855	1
3	856	1
3	1107	1
3	1127	1
3	1128	1
3	1130	1
3	1158	1
3	1176	1
3	1186	1
3	1206	1
3	1207	1
3	1321	1
3	1448	1
3	1484	1
3	1527	1
3	1578	1
3	1927	1
3	2016	1
3	2022	1
3	100	1
3	115	1
3	2049	1
3	2056	1
3	2062	1
3	2088	1
3	2092	1
3	2093	1
3	2105	1
3	2111	1
3	2123	1
3	2124	1
3	2131	1
3	2139	1
3	397	1
3	2147	1
3	2149	1
3	2153	1
3	443	1
3	2161	1
3	2163	1
3	2169	1
3	2202	1
3	2204	1
3	563	1
3	565	1
3	2217	1
3	2221	1
3	2222	1
3	2223	1
3	2225	1
3	626	1
3	2238	1
3	629	1
3	2268	1
3	2280	1
3	2281	1
3	2284	1
3	2289	1
3	2294	1
3	997	1
3	999	1
3	1185	1
3	2457	1
4	1	1
4	2	1
4	3	1
4	1875	1
4	1958	1
4	1973	1
4	1995	1
5	255	1
5	455	1
5	859	1
5	1006	1
5	1022	1
5	1215	1
5	1745	1
6	3	1
6	357	1
6	613	1
6	803	1
6	826	1
7	901	1
7	911	1
7	1269	1
7	1297	1
7	1328	1
7	1463	1
8	408	1
8	497	1
8	505	1
8	550	1
8	965	1
8	1003	1
8	1191	1
8	1238	1
8	1275	1
8	1864	1
9	839	1
9	897	1
9	1281	1
9	1349	1
9	1522	1
10	27	1
10	28	1
10	29	1
10	163	1
10	456	1
10	488	1
10	612	1
10	879	1
10	1111	1
10	1288	1
10	1709	1
10	1710	1
10	1711	1
10	1712	1
10	1713	1
10	1714	1
10	1715	1
10	1717	1
10	1733	1
10	1764	1
10	2089	1
10	2232	1
10	2236	1
10	2299	1
10	1716	1
11	635	1
11	1821	1
11	2350	1
11	2396	1
11	2420	1
12	284	1
12	863	1
12	1807	1
12	1813	1
12	2133	1
12	2427	1
13	327	1
13	373	1
13	707	1
13	708	1
13	1337	1
14	25	1
14	813	1
14	883	1
14	1503	1
14	1844	1
14	2118	1
15	1067	1
15	1168	1
15	1248	1
15	1431	1
15	1590	1
15	1645	1
15	1696	1
15	1768	1
16	613	1
16	943	1
16	1779	1
16	1880	1
16	1885	1
17	169	1
17	256	1
17	288	1
17	303	1
17	332	1
17	343	1
17	382	1
17	425	1
17	549	1
17	573	1
17	974	1
17	1017	1
17	1020	1
17	1043	1
17	1179	1
17	1377	1
17	1414	1
17	990	1
18	994	1
18	1083	1
18	1226	1
18	1287	1
18	1360	1
18	1737	1
18	1802	1
18	1820	1
19	935	1
19	1251	1
19	1258	1
19	1316	1
19	1724	1
19	1815	1
19	1966	1
20	719	1
20	865	1
20	1277	1
20	1684	1
20	1819	1
20	631	1
21	204	1
21	380	1
21	878	1
21	1414	1
21	1981	1
21	2081	1
22	882	1
22	1377	1
22	1410	1
22	1576	1
22	1577	1
22	1605	1
22	1623	1
22	1654	1
23	528	1
23	574	1
23	644	1
23	648	1
23	1175	1
24	2	1
24	75	1
24	127	1
24	140	1
24	316	1
24	683	1
24	690	1
24	751	1
24	754	1
24	755	1
24	803	1
24	828	1
24	834	1
24	876	1
24	882	1
24	909	1
24	919	1
24	933	1
24	1076	1
24	1098	1
24	1107	1
24	1113	1
24	1153	1
24	1178	1
24	1302	1
24	1329	1
24	2054	1
25	1092	1
25	1167	1
25	1294	1
25	1476	1
25	1541	1
25	1554	1
25	1616	1
25	1728	1
25	1735	1
25	1805	1
25	1816	1
25	1896	1
26	40	1
26	601	1
26	625	1
26	1518	1
26	1868	1
27	120	1
27	221	1
27	334	1
27	367	1
27	439	1
27	514	1
27	630	1
27	997	1
28	24	1
28	82	1
28	155	1
28	867	1
28	1532	1
28	1672	1
28	2094	1
28	1418	1
29	491	1
29	645	1
29	752	1
29	753	1
29	1057	1
29	1141	1
29	1142	1
29	1183	1
29	1187	1
29	1223	1
29	1247	1
29	1275	1
29	1457	1
29	1563	1
30	84	1
30	319	1
30	1015	1
30	1050	1
30	1053	1
30	1097	1
30	1691	1
30	1788	1
31	1737	1
31	1759	1
31	1817	1
31	1877	1
31	1996	1
31	2315	1
31	1685	1
32	235	1
32	503	1
32	522	1
32	647	1
32	712	1
32	724	1
32	738	1
32	829	1
32	858	1
32	875	1
32	891	1
32	903	1
33	86	1
33	404	1
33	851	1
33	1241	1
33	1338	1
33	1414	1
34	675	1
34	935	1
34	1090	1
34	1152	1
34	1251	1
34	1657	1
34	1660	1
35	30	1
35	378	1
35	1173	1
35	1225	1
35	1251	1
35	1256	1
35	1282	1
36	1020	1
36	1282	1
36	1405	1
36	1853	1
36	1908	1
36	1918	1
36	1919	1
36	2051	1
36	2063	1
36	2322	1
36	2332	1
36	2364	1
37	1	1
37	21	1
37	42	1
37	55	1
37	94	1
37	123	1
37	133	1
37	139	1
37	140	1
37	143	1
37	161	1
37	168	1
37	171	1
37	174	1
37	194	1
37	210	1
37	216	1
37	220	1
37	225	1
37	282	1
37	285	1
37	286	1
37	289	1
37	305	1
37	307	1
37	310	1
37	345	1
37	392	1
37	405	1
37	408	1
37	424	1
37	438	1
37	444	1
37	457	1
37	460	1
37	463	1
37	455	1
37	484	1
37	486	1
37	494	1
37	512	1
37	515	1
37	518	1
37	523	1
37	530	1
37	532	1
37	536	1
37	550	1
37	556	1
37	561	1
37	564	1
37	578	1
37	586	1
37	587	1
37	590	1
37	592	1
37	596	1
37	604	1
37	619	1
37	633	1
37	634	1
37	640	1
37	641	1
37	644	1
37	648	1
37	665	1
37	676	1
37	685	1
37	688	1
37	689	1
37	691	1
37	698	1
37	703	1
37	704	1
37	710	1
37	711	1
37	712	1
37	713	1
37	716	1
37	717	1
37	722	1
37	724	1
37	725	1
37	727	1
37	728	1
37	729	1
37	730	1
37	736	1
37	737	1
37	738	1
37	741	1
37	746	1
37	751	1
37	780	1
37	808	1
37	813	1
37	815	1
37	817	1
37	833	1
37	834	1
37	839	1
37	840	1
37	844	1
37	850	1
37	852	1
37	864	1
37	873	1
37	875	1
37	886	1
37	887	1
37	888	1
37	891	1
37	898	1
37	902	1
37	903	1
37	904	1
37	910	1
37	920	1
37	921	1
37	931	1
37	932	1
37	937	1
37	945	1
37	946	1
37	958	1
37	960	1
37	963	1
37	970	1
37	971	1
37	978	1
37	982	1
37	987	1
37	988	1
37	991	1
37	1002	1
37	1007	1
37	1011	1
37	1012	1
37	1017	1
37	1018	1
37	1020	1
37	1021	1
37	1028	1
37	1031	1
37	1039	1
37	1043	1
37	1046	1
37	1047	1
37	1065	1
37	1085	1
37	1086	1
37	1091	1
37	1095	1
37	1099	1
37	1104	1
37	1114	1
37	1115	1
37	1120	1
37	1129	1
37	1132	1
37	1137	1
37	1138	1
37	1139	1
37	1158	1
37	1168	1
37	1177	1
37	1184	1
37	1195	1
37	1196	1
37	1200	1
37	1213	1
37	1227	1
37	1229	1
37	1232	1
37	1238	1
37	1240	1
37	1268	1
37	1281	1
37	1282	1
37	1283	1
37	1305	1
37	1306	1
37	1307	1
37	1309	1
37	1310	1
37	1311	1
37	1312	1
37	1319	1
37	1320	1
37	1321	1
37	1326	1
37	1344	1
37	1350	1
37	1352	1
37	1368	1
37	1377	1
37	1384	1
37	1385	1
37	1402	1
37	1404	1
37	1407	1
37	1412	1
37	1414	1
37	1417	1
37	1428	1
37	1432	1
37	1433	1
37	1447	1
37	1448	1
37	1449	1
37	1455	1
37	1458	1
37	1460	1
37	1461	1
37	1464	1
37	1465	1
37	1472	1
37	1473	1
37	1482	1
37	1484	1
37	1485	1
37	1486	1
37	1497	1
37	1499	1
37	1500	1
37	1498	1
37	1501	1
37	1521	1
37	1522	1
37	1538	1
37	1539	1
37	1550	1
37	1553	1
37	1555	1
37	1572	1
37	1574	1
37	1579	1
37	1581	1
37	1583	1
37	1584	1
37	1598	1
37	1605	1
37	1606	1
37	1607	1
37	1608	1
37	1610	1
37	1614	1
37	1615	1
37	1616	1
37	1623	1
37	1628	1
37	1630	1
37	1631	1
37	1632	1
37	1634	1
37	1635	1
37	1636	1
37	1642	1
37	1652	1
37	1665	1
37	1671	1
37	1673	1
37	1682	1
37	1688	1
37	1694	1
37	1698	1
37	1712	1
37	1720	1
37	1725	1
37	1734	1
37	1733	1
37	1740	1
37	1742	1
37	1743	1
37	1751	1
37	1757	1
37	1758	1
37	1760	1
37	1783	1
37	1784	1
37	1785	1
37	1789	1
37	1827	1
37	1840	1
37	1841	1
37	1846	1
37	1853	1
37	1866	1
37	1868	1
37	1871	1
37	1876	1
37	1890	1
37	1900	1
37	1901	1
37	1902	1
37	1908	1
37	1909	1
37	1914	1
37	1917	1
37	1918	1
37	1923	1
37	1925	1
37	1926	1
37	1932	1
37	1949	1
37	1952	1
37	1953	1
37	1954	1
37	1960	1
37	1965	1
37	1967	1
37	1976	1
37	1978	1
37	1982	1
37	1983	1
37	1987	1
37	1988	1
37	1990	1
37	1992	1
37	1993	1
37	2002	1
37	18	1
37	20	1
37	2023	1
37	2040	1
37	2045	1
37	2055	1
37	2069	1
37	2150	1
37	2155	1
37	445	1
37	447	1
37	2156	1
37	450	1
37	489	1
37	2185	1
37	2203	1
37	2208	1
37	643	1
37	2270	1
37	2298	1
37	2313	1
37	2358	1
37	2404	1
37	2405	1
37	2413	1
37	1710	1
37	1728	1
37	2436	1
37	1777	1
37	1778	1
37	2441	1
38	125	1
38	161	1
38	269	1
38	345	1
38	657	1
38	701	1
38	853	1
38	861	1
38	897	1
38	1205	1
38	1356	1
38	1406	1
38	1414	1
38	1522	1
38	1744	1
38	1984	1
38	350	1
39	50	1
39	245	1
39	437	1
39	560	1
39	563	1
39	569	1
39	598	1
40	73	1
40	200	1
40	851	1
40	1316	1
40	1592	1
41	699	1
41	851	1
41	892	1
41	1245	1
41	1790	1
41	1856	1
41	1877	1
42	683	1
42	709	1
42	715	1
42	913	1
42	954	1
42	956	1
42	1006	1
42	1421	1
42	1811	1
42	1859	1
42	1974	1
43	2	1
43	305	1
43	1107	1
43	1478	1
43	1622	1
44	226	1
44	455	1
44	1595	1
44	1654	1
44	1667	1
44	1701	1
44	1855	1
44	2005	1
45	366	1
45	426	1
45	432	1
45	463	1
45	486	1
45	536	1
45	539	1
45	546	1
45	550	1
45	623	1
45	628	1
45	772	1
45	816	1
45	851	1
45	1018	1
45	1065	1
45	1690	1
45	1919	1
46	1056	1
46	1078	1
46	1113	1
46	1123	1
46	1166	1
47	386	1
47	687	1
47	1512	1
47	1680	1
47	1691	1
47	1976	1
48	2	1
48	245	1
48	271	1
48	455	1
48	694	1
48	851	1
48	951	1
48	1013	1
48	1045	1
48	1451	1
48	1659	1
48	1670	1
48	1769	1
48	1820	1
48	1863	1
48	1944	1
48	1996	1
49	90	1
49	262	1
49	263	1
49	387	1
49	391	1
49	404	1
49	415	1
49	416	1
49	480	1
49	487	1
49	495	1
49	543	1
49	550	1
49	678	1
49	705	1
49	714	1
49	731	1
49	760	1
49	800	1
49	804	1
49	823	1
49	869	1
49	870	1
49	890	1
49	899	1
49	976	1
49	1061	1
49	1064	1
49	1108	1
49	1126	1
49	1150	1
49	1161	1
49	1162	1
49	1169	1
49	1188	1
49	1203	1
49	1290	1
49	1293	1
49	1300	1
49	1333	1
49	1390	1
49	1392	1
49	1394	1
49	1396	1
49	1397	1
49	1398	1
49	1429	1
49	1436	1
49	1477	1
49	1517	1
49	1549	1
49	1643	1
49	198	1
49	2244	1
49	786	1
49	2331	1
49	1144	1
50	520	1
50	802	1
50	861	1
50	877	1
50	1349	1
50	2328	1
50	2329	1
51	138	1
51	722	1
51	824	1
51	1239	1
51	1889	1
52	30	1
52	1520	1
52	1540	1
52	1562	1
52	1565	1
52	1603	1
52	1627	1
52	1629	1
52	1682	1
52	1684	1
52	1729	1
52	1731	1
52	1828	1
52	1830	1
52	1831	1
52	1829	1
52	1872	1
52	1978	1
52	1093	1
52	2343	1
52	2431	1
52	2449	1
52	2450	1
53	653	1
53	905	1
53	949	1
53	1065	1
53	1176	1
53	1178	1
53	1257	1
53	1274	1
53	1275	1
54	597	1
54	931	1
54	1107	1
54	1166	1
54	1173	1
54	1179	1
54	1184	1
54	1216	1
54	1567	1
54	1710	1
54	1712	1
55	1002	1
55	1121	1
55	1160	1
55	1204	1
55	1222	1
55	1343	1
55	1406	1
55	1414	1
55	1556	1
55	1625	1
55	1696	1
55	1884	1
55	2397	1
55	2442	1
56	72	1
56	146	1
56	218	1
56	341	1
56	375	1
56	378	1
56	381	1
56	396	1
56	397	1
56	441	1
56	786	1
56	799	1
56	1023	1
56	180	1
56	2140	1
56	2142	1
57	136	1
57	369	1
57	710	1
57	1047	1
57	1282	1
57	325	1
58	207	1
58	594	1
58	783	1
58	946	1
58	1133	1
59	137	1
59	221	1
59	390	1
59	812	1
59	841	1
59	929	1
59	949	1
59	1176	1
59	1178	1
59	1551	1
59	1709	1
59	1711	1
59	1712	1
59	2016	1
59	2050	1
59	2104	1
59	341	1
59	2135	1
59	2211	1
59	693	1
59	2260	1
59	2278	1
60	1355	1
60	1468	1
60	1528	1
60	1558	1
60	1919	1
61	747	1
61	851	1
61	1064	1
61	1313	1
61	1387	1
61	1409	1
61	1566	1
62	12	1
62	38	1
62	40	1
62	41	1
62	103	1
62	157	1
62	179	1
62	181	1
62	355	1
63	268	1
63	313	1
63	323	1
63	467	1
63	479	1
63	517	1
63	520	1
63	837	1
63	854	1
63	917	1
63	972	1
63	978	1
63	1181	1
63	1345	1
63	1444	1
64	341	1
64	664	1
64	702	1
64	975	1
64	1135	1
64	1184	1
64	1322	1
64	1334	1
64	1382	1
64	1383	1
64	1389	1
64	1848	1
64	1488	1
64	1725	1
65	273	1
65	315	1
65	532	1
65	534	1
65	833	1
65	949	1
65	1247	1
65	1312	1
66	347	1
66	671	1
66	673	1
66	845	1
66	908	1
66	1377	1
66	1414	1
67	1163	1
67	1223	1
67	1425	1
67	1426	1
67	1516	1
68	61	1
68	148	1
68	149	1
68	276	1
68	2062	1
69	138	1
69	443	1
69	448	1
69	554	1
69	1287	1
69	1679	1
70	103	1
70	259	1
70	538	1
70	562	1
70	1016	1
70	1161	1
70	1163	1
70	1569	1
70	1643	1
70	1823	1
70	2337	1
70	2401	1
71	88	1
71	102	1
71	113	1
71	590	1
71	1523	1
71	403	1
71	414	1
71	419	1
72	202	1
72	308	1
72	1246	1
72	1247	1
72	1283	1
72	1448	1
72	1484	1
72	1559	1
72	2269	1
72	1181	1
73	1287	1
73	1434	1
73	1440	1
73	1502	1
73	1822	1
74	304	1
74	493	1
74	585	1
74	788	1
74	1151	1
74	1241	1
74	1257	1
75	134	1
75	726	1
75	884	1
75	915	1
75	934	1
75	1879	1
75	904	1
75	2311	1
75	2314	1
76	48	1
76	896	1
76	949	1
76	1020	1
76	1180	1
77	1227	1
77	1322	1
77	1684	1
77	1818	1
77	1914	1
77	1930	1
77	1692	1
77	1725	1
78	340	1
78	365	1
78	499	1
78	2173	1
78	2178	1
78	2190	1
79	974	1
79	990	1
79	1151	1
79	1166	1
79	1178	1
80	1171	1
80	1593	1
80	1774	1
80	2013	1
80	2046	1
81	926	1
81	1316	1
81	1456	1
81	1548	1
81	1737	1
82	78	1
82	116	1
82	620	1
82	794	1
82	837	1
82	838	1
82	1371	1
82	1815	1
83	152	1
83	322	1
83	686	1
83	1094	1
83	1345	1
83	1480	1
83	1731	1
83	1944	1
84	309	1
84	320	1
84	1101	1
84	1115	1
84	1159	1
85	1315	1
85	1367	1
85	1462	1
85	1928	1
85	1977	1
86	8	1
86	58	1
86	64	1
86	65	1
86	889	1
86	2164	1
87	360	1
87	1112	1
87	1195	1
87	1643	1
87	1780	1
87	1872	1
87	1912	1
87	2017	1
87	2083	1
87	2172	1
87	1236	1
87	1378	1
88	15	1
88	511	1
88	669	1
88	843	1
88	865	1
88	970	1
88	1247	1
88	1429	1
89	892	1
89	943	1
89	1230	1
89	1361	1
89	1891	1
89	1910	1
90	23	1
90	272	1
90	720	1
90	892	1
90	1037	1
90	1113	1
90	1257	1
90	1303	1
91	700	1
91	863	1
91	872	1
91	880	1
91	1318	1
92	1111	1
92	1356	1
92	1767	1
92	1847	1
92	1862	1
93	40	1
93	376	1
93	411	1
93	477	1
93	814	1
93	860	1
93	1179	1
93	1264	1
93	1265	1
93	1812	1
93	1839	1
93	2250	1
94	213	1
94	1077	1
94	1098	1
94	1212	1
94	1724	1
94	1735	1
94	1747	1
94	1839	1
94	1922	1
94	1935	1
94	1943	1
94	1945	1
94	1947	1
94	1948	1
94	1959	1
94	1962	1
94	1965	1
94	1966	1
94	1967	1
94	1969	1
94	1971	1
94	1980	1
94	1986	1
94	2003	1
94	632	1
95	32	1
95	38	1
95	51	1
95	309	1
95	351	1
95	471	1
95	864	1
95	942	1
95	1030	1
95	1066	1
95	1083	1
95	1158	1
95	1159	1
95	1198	1
95	1238	1
95	1321	1
95	1593	1
95	1616	1
96	128	1
96	1470	1
96	1471	1
96	1527	1
96	1528	1
96	1554	1
96	1584	1
96	1585	1
96	1648	1
96	2117	1
96	349	1
96	2118	1
96	400	1
97	198	1
97	541	1
97	2008	1
97	2113	1
97	2262	1
98	347	1
98	439	1
98	508	1
98	740	1
98	781	1
98	833	1
98	995	1
98	1018	1
98	1020	1
98	1221	1
98	1414	1
98	1609	1
98	1723	1
98	1955	1
98	1956	1
98	1993	1
98	312	1
98	2207	1
98	2271	1
98	2279	1
99	59	1
99	92	1
99	107	1
99	1377	1
99	1441	1
100	5	1
100	88	1
100	176	1
100	191	1
100	242	1
100	321	1
100	334	1
100	352	1
100	435	1
100	680	1
100	750	1
100	821	1
100	1176	1
101	158	1
101	296	1
101	298	1
101	485	1
101	511	1
101	560	1
101	1282	1
102	1060	1
102	1096	1
102	1242	1
102	1285	1
102	1420	1
103	319	1
103	354	1
103	549	1
103	655	1
103	694	1
103	892	1
103	1491	1
103	1941	1
103	61	1
104	36	1
104	406	1
104	605	1
104	897	1
104	1522	1
105	257	1
105	614	1
105	949	1
105	967	1
105	1060	1
105	1388	1
105	1707	1
105	1862	1
105	1920	1
106	948	1
106	953	1
106	955	1
106	974	1
106	1065	1
107	120	1
107	961	1
107	1233	1
107	1283	1
107	1414	1
107	1575	1
107	2243	1
108	1013	1
108	1560	1
108	1600	1
108	1776	1
108	1775	1
109	1283	1
109	1532	1
109	1531	1
109	1533	1
109	1536	1
110	339	1
110	570	1
110	747	1
110	899	1
110	938	1
110	1273	1
111	110	1
111	114	1
111	403	1
111	419	1
111	721	1
112	37	1
112	75	1
112	1058	1
112	1302	1
112	1804	1
112	1870	1
112	1910	1
112	1934	1
112	2	1
112	909	1
113	548	1
113	1561	1
113	1996	1
113	95	1
113	99	1
113	2287	1
113	828	1
113	2301	1
114	18	1
114	87	1
114	1025	1
114	1104	1
114	2203	1
115	231	1
115	606	1
115	745	1
115	1285	1
115	1303	1
115	1517	1
115	1529	1
116	227	1
116	1020	1
116	1131	1
116	1208	1
116	1267	1
116	1283	1
116	1289	1
116	1308	1
116	1309	1
116	1351	1
116	1362	1
116	1376	1
116	1416	1
116	1766	1
117	85	1
117	247	1
117	248	1
117	884	1
117	1038	1
117	1243	1
118	347	1
118	364	1
118	510	1
118	570	1
118	806	1
118	832	1
118	861	1
118	1028	1
118	1089	1
118	1105	1
118	1155	1
118	1270	1
118	1284	1
118	1288	1
118	1309	1
118	1315	1
118	1314	1
118	1354	1
118	1369	1
118	1380	1
118	1450	1
118	1456	1
118	1462	1
119	53	1
119	87	1
119	778	1
119	815	1
119	1369	1
119	1783	1
120	263	1
120	975	1
120	1080	1
120	1285	1
120	1313	1
120	1322	1
120	1349	1
120	1685	1
121	14	1
121	525	1
121	814	1
121	1400	1
121	1611	1
122	11	1
122	157	1
122	224	1
122	350	1
122	517	1
122	532	1
122	565	1
122	323	1
123	1065	1
123	1684	1
123	1702	1
123	1760	1
123	1816	1
123	1818	1
123	1924	1
123	1879	1
124	142	1
124	466	1
124	978	1
124	1125	1
124	1191	1
124	1238	1
124	1403	1
124	1430	1
124	1448	1
124	1460	1
124	1470	1
124	1478	1
124	1498	1
124	1511	1
124	1532	1
124	1554	1
124	1806	1
124	2357	1
124	2422	1
125	157	1
125	429	1
125	798	1
125	1579	1
125	1662	1
126	465	1
126	763	1
126	979	1
126	1059	1
126	1097	1
126	1231	1
126	1317	1
126	1318	1
126	231	1
126	2351	1
127	931	1
127	1089	1
127	1184	1
127	1257	1
127	1289	1
127	2300	1
128	949	1
128	1057	1
128	1071	1
128	1138	1
128	1143	1
128	1178	1
128	1180	1
128	1183	1
128	1184	1
128	1200	1
128	1220	1
128	1287	1
128	1731	1
129	1309	1
129	1351	1
129	1377	1
129	1410	1
129	1416	1
129	1448	1
129	1484	1
129	1552	1
129	2216	1
129	1385	1
129	1412	1
129	2387	1
129	2399	1
129	2403	1
129	1623	1
130	126	1
130	292	1
130	1220	1
130	1532	1
130	1879	1
130	1993	1
131	217	1
131	234	1
131	442	1
131	500	1
131	847	1
131	900	1
131	927	1
131	1062	1
131	1063	1
131	1250	1
131	1259	1
131	1314	1
131	1315	1
131	1540	1
131	1544	1
131	1562	1
131	1663	1
131	1683	1
131	1700	1
131	1762	1
131	1899	1
131	1977	1
131	2001	1
131	2036	1
132	178	1
132	2035	1
132	260	1
132	2124	1
132	2323	1
133	66	1
133	69	1
133	106	1
133	228	1
133	289	1
133	525	1
133	1009	1
133	1026	1
133	1257	1
133	1277	1
133	1282	1
133	1403	1
133	1484	1
134	613	1
134	615	1
134	759	1
134	1082	1
134	1109	1
134	1116	1
134	1118	1
134	1119	1
135	163	1
135	612	1
135	1498	1
135	1736	1
135	1927	1
136	118	1
136	461	1
136	511	1
136	1285	1
136	1566	1
136	1575	1
136	1849	1
136	1935	1
137	73	1
137	250	1
137	640	1
137	641	1
137	717	1
137	982	1
138	52	1
138	128	1
138	214	1
138	335	1
138	1484	1
139	678	1
139	922	1
139	1370	1
139	1387	1
139	1415	1
139	1844	1
140	649	1
140	1052	1
140	1255	1
140	1687	1
140	1827	1
141	22	1
141	153	1
141	379	1
141	487	1
141	560	1
141	616	1
141	739	1
141	998	1
141	1755	1
141	2014	1
141	2015	1
141	2021	1
141	2127	1
141	2137	1
141	2164	1
141	2198	1
141	543	1
142	747	1
142	1077	1
142	1340	1
142	1346	1
142	1456	1
143	23	1
143	546	1
143	773	1
143	775	1
143	807	1
143	891	1
143	973	1
143	1542	1
143	1658	1
144	747	1
144	846	1
144	1089	1
144	1532	1
144	1534	1
144	1686	1
144	2199	1
144	1060	1
144	2327	1
145	608	1
145	861	1
145	1079	1
145	1165	1
145	1203	1
145	1300	1
145	1365	1
145	1393	1
145	1394	1
145	1399	1
146	124	1
146	149	1
146	249	1
146	399	1
146	455	1
146	490	1
146	567	1
146	744	1
146	757	1
146	978	1
146	1005	1
146	1097	1
146	1303	1
147	506	1
147	674	1
147	980	1
147	993	1
147	1067	1
147	2220	1
148	244	1
148	401	1
148	1403	1
148	1408	1
148	1691	1
149	34	1
149	274	1
149	730	1
149	740	1
149	852	1
149	930	1
149	949	1
149	964	1
149	1013	1
149	1043	1
149	1101	1
149	1107	1
149	1154	1
149	1176	1
149	1189	1
149	1295	1
149	1381	1
149	1544	1
150	356	1
150	581	1
150	1119	1
150	1285	1
150	1377	1
150	1491	1
151	339	1
151	347	1
151	610	1
151	673	1
151	2218	1
152	575	1
152	897	1
152	1099	1
152	1522	1
152	1789	1
153	44	1
153	70	1
153	94	1
153	123	1
153	372	1
153	407	1
153	408	1
153	410	1
153	415	1
153	445	1
153	447	1
153	450	1
153	451	1
153	452	1
153	453	1
153	457	1
153	475	1
153	480	1
153	482	1
153	504	1
153	519	1
153	518	1
153	526	1
153	535	1
153	557	1
153	558	1
153	579	1
153	591	1
153	593	1
153	611	1
153	643	1
153	660	1
153	689	1
153	696	1
153	774	1
153	907	1
153	1156	1
153	1252	1
153	1557	1
153	1777	1
153	1778	1
153	2155	1
153	2162	1
153	2167	1
154	704	1
154	981	1
154	982	1
154	983	1
154	1178	1
155	529	1
155	940	1
155	978	1
155	1081	1
155	1470	1
155	1524	1
156	67	1
156	1736	1
156	1899	1
156	1907	1
156	1914	1
156	1955	1
156	1735	1
157	26	1
157	851	1
157	927	1
157	950	1
157	1036	1
157	1068	1
157	1071	1
157	1072	1
157	1084	1
157	1093	1
157	1316	1
157	2366	1
158	950	1
158	1158	1
158	1238	1
158	1245	1
158	1287	1
158	1673	1
159	63	1
159	409	1
159	959	1
159	1104	1
159	1304	1
159	1319	1
159	1358	1
159	1373	1
159	1414	1
159	1428	1
159	1481	1
159	132	1
159	2174	1
160	56	1
160	73	1
160	131	1
160	261	1
160	788	1
160	833	1
160	851	1
160	971	1
160	982	1
160	1029	1
160	1179	1
160	1936	1
160	1984	1
161	27	1
161	29	1
161	79	1
161	260	1
161	568	1
161	621	1
161	662	1
161	811	1
161	1170	1
161	1332	1
161	1337	1
161	1546	1
161	1713	1
161	1733	1
161	1764	1
161	2286	1
161	2288	1
162	624	1
162	805	1
162	899	1
162	1019	1
162	2145	1
163	173	1
163	199	1
163	434	1
163	467	1
163	483	1
163	665	1
163	777	1
163	1684	1
163	543	1
164	67	1
164	68	1
164	203	1
164	770	1
164	815	1
164	1218	1
164	1733	1
165	197	1
165	650	1
165	992	1
165	1042	1
165	1048	1
165	1061	1
165	1124	1
165	1126	1
165	1140	1
165	1223	1
165	1237	1
165	1285	1
165	1298	1
165	1313	1
165	1322	1
165	1324	1
165	1325	1
165	1414	1
166	301	1
166	333	1
166	334	1
166	897	1
166	997	1
166	999	1
166	1018	1
166	1020	1
166	1115	1
166	1449	1
166	1522	1
166	1028	1
167	1245	1
167	1295	1
167	1378	1
167	1448	1
167	1460	1
167	1523	1
167	1532	1
168	231	1
168	389	1
168	782	1
168	820	1
168	857	1
168	1413	1
168	1753	1
168	1792	1
168	592	1
168	1176	1
169	1796	1
169	1950	1
169	1957	1
169	1992	1
169	2000	1
169	2320	1
170	13	1
170	189	1
170	194	1
170	251	1
170	327	1
170	336	1
170	430	1
170	562	1
170	566	1
170	672	1
170	777	1
170	791	1
170	1134	1
170	1146	1
170	1172	1
170	1185	1
170	1257	1
170	1379	1
170	1537	1
170	1586	1
170	1593	1
170	1617	1
170	1748	1
170	1888	1
170	1898	1
170	1911	1
170	1998	1
170	284	1
170	2253	1
170	2256	1
170	2282	1
170	2346	1
170	1275	1
170	1599	1
170	1711	1
170	1712	1
170	1714	1
171	200	1
171	532	1
171	1255	1
171	1303	1
171	1835	1
172	13	1
172	636	1
172	889	1
172	1146	1
172	1366	1
173	217	1
173	276	1
173	277	1
173	897	1
173	1375	1
173	1522	1
174	1013	1
174	1077	1
174	1098	1
174	1316	1
174	1691	1
174	1738	1
174	1938	1
175	168	1
175	1155	1
175	1255	1
175	1414	1
175	1448	1
175	1702	1
175	1847	1
176	278	1
176	300	1
176	304	1
176	455	1
176	761	1
176	836	1
176	1385	1
176	1437	1
176	1493	1
176	1616	1
176	1793	1
176	1798	1
176	1859	1
176	1902	1
176	1961	1
176	2103	1
176	513	1
176	2201	1
176	638	1
176	2316	1
176	2385	1
176	1953	1
177	1102	1
177	1422	1
177	1505	1
177	1695	1
177	1835	1
178	518	1
178	774	1
178	979	1
178	1588	1
178	1621	1
178	1847	1
178	643	1
179	851	1
179	1005	1
179	1245	1
179	1940	1
179	459	1
180	6	1
180	76	1
180	193	1
180	546	1
180	827	1
180	977	1
180	2047	1
181	117	1
181	159	1
181	732	1
181	733	1
181	734	1
181	735	1
181	900	1
181	930	1
181	941	1
181	942	1
181	947	1
181	948	1
181	996	1
181	1018	1
181	1020	1
181	1063	1
181	1105	1
181	1124	1
181	1126	1
181	1176	1
181	1202	1
181	1224	1
181	1225	1
181	1284	1
181	1684	1
181	1699	1
181	1702	1
181	1838	1
182	187	1
182	188	1
182	281	1
182	962	1
182	1238	1
182	1535	1
183	2	1
183	142	1
183	150	1
183	801	1
183	1296	1
183	1563	1
183	1719	1
183	1790	1
183	1791	1
183	1817	1
183	1875	1
183	1879	1
183	1896	1
183	1919	1
183	2005	1
183	2006	1
183	2115	1
183	2158	1
183	2238	1
183	841	1
183	848	1
184	378	1
184	472	1
184	524	1
184	779	1
184	1654	1
184	1732	1
184	1733	1
184	2047	1
185	398	1
185	451	1
185	511	1
185	547	1
185	604	1
185	617	1
185	641	1
185	676	1
185	741	1
185	1018	1
185	1020	1
185	1260	1
185	1282	1
185	1782	1
185	2029	1
185	2061	1
185	2188	1
185	598	1
185	648	1
185	2304	1
186	1330	1
186	1347	1
186	2374	1
186	2421	1
186	1860	1
186	2447	1
186	2454	1
186	2458	1
186	2460	1
187	764	1
187	842	1
187	1223	1
187	1261	1
187	1322	1
187	1347	1
187	1349	1
187	1363	1
187	1414	1
187	1588	1
187	1621	1
188	251	1
188	283	1
188	1722	1
188	2143	1
188	2277	1
189	274	1
189	421	1
189	446	1
189	537	1
189	637	1
189	723	1
189	1498	1
189	1635	1
189	1712	1
189	2273	1
190	331	1
190	462	1
190	509	1
190	516	1
190	524	1
190	733	1
190	1026	1
190	1043	1
190	1077	1
190	1226	1
190	1299	1
190	1502	1
190	1503	1
190	1504	1
190	1699	1
191	111	1
191	820	1
191	1665	1
191	1701	1
191	1702	1
191	1753	1
191	1771	1
191	1869	1
191	1900	1
191	1919	1
191	1925	1
192	47	1
192	151	1
192	162	1
192	270	1
192	280	1
192	294	1
192	414	1
192	423	1
192	441	1
192	468	1
192	517	1
192	584	1
192	769	1
192	894	1
192	2166	1
192	531	1
193	119	1
193	184	1
193	1281	1
193	1618	1
193	1655	1
193	1668	1
193	1669	1
193	1675	1
193	1739	1
193	1953	1
193	1963	1
193	1964	1
194	167	1
194	272	1
194	490	1
194	924	1
194	2009	1
194	2109	1
194	2110	1
194	2197	1
194	2205	1
194	2275	1
195	289	1
195	431	1
195	494	1
195	1176	1
195	1527	1
196	85	1
196	861	1
196	1015	1
196	1050	1
196	1053	1
196	1150	1
196	1161	1
196	1201	1
196	1424	1
196	1490	1
196	1491	1
196	1513	1
196	1529	1
196	1541	1
196	1844	1
196	2369	1
197	20	1
197	135	1
197	137	1
197	169	1
197	182	1
197	181	1
197	185	1
197	189	1
197	219	1
197	243	1
197	288	1
197	395	1
197	449	1
197	514	1
197	622	1
197	749	1
197	784	1
197	893	1
197	1163	1
197	1459	1
197	1546	1
197	1787	1
197	2033	1
197	116	1
197	124	1
197	2042	1
197	148	1
197	2119	1
197	2120	1
197	2159	1
197	2224	1
197	2308	1
197	2455	1
197	2459	1
198	6	1
198	534	1
198	1179	1
198	1773	1
198	1810	1
198	366	1
198	2134	1
198	396	1
199	241	1
199	277	1
199	368	1
199	670	1
199	1375	1
200	209	1
200	590	1
200	597	1
200	666	1
200	698	1
200	781	1
200	801	1
200	834	1
200	1056	1
200	1498	1
200	1763	1
200	2180	1
200	2324	1
200	1035	1
200	1355	1
201	653	1
201	1145	1
201	1552	1
201	1871	1
201	1883	1
201	2176	1
201	2181	1
201	1204	1
201	2438	1
201	2439	1
202	115	1
202	349	1
202	393	1
202	400	1
202	797	1
202	848	1
202	849	1
203	1523	1
203	1563	1
203	1853	1
203	1882	1
203	1901	1
203	1997	1
203	214	1
203	510	1
203	645	1
203	1183	1
204	84	1
204	109	1
204	183	1
204	282	1
204	389	1
204	521	1
204	529	1
204	815	1
204	853	1
204	861	1
204	1110	1
204	1111	1
204	1150	1
204	1257	1
204	1331	1
205	476	1
205	647	1
205	899	1
205	1196	1
205	1377	1
206	33	1
206	39	1
206	43	1
206	49	1
206	55	1
206	57	1
206	60	1
206	68	1
206	97	1
206	98	1
206	112	1
206	122	1
206	142	1
206	160	1
206	177	1
206	183	1
206	194	1
206	212	1
206	232	1
206	237	1
206	264	1
206	284	1
206	292	1
206	326	1
206	338	1
206	353	1
206	356	1
206	361	1
206	362	1
206	389	1
206	403	1
206	404	1
206	433	1
206	454	1
206	473	1
206	500	1
206	520	1
206	531	1
206	532	1
206	545	1
206	590	1
206	592	1
206	596	1
206	618	1
206	641	1
206	658	1
206	681	1
206	710	1
206	748	1
206	787	1
206	862	1
206	871	1
206	874	1
206	884	1
206	923	1
206	925	1
206	952	1
206	966	1
206	986	1
206	1158	1
206	1189	1
206	1202	1
206	1238	1
206	1249	1
206	1275	1
206	1288	1
206	1353	1
206	1371	1
206	1372	1
206	1381	1
206	1391	1
206	1414	1
206	1418	1
206	1438	1
206	1439	1
206	1444	1
206	1469	1
206	1478	1
206	1484	1
206	1489	1
206	1493	1
206	1523	1
206	1525	1
206	1540	1
206	1543	1
206	1554	1
206	1562	1
206	1564	1
206	1565	1
206	1601	1
206	1602	1
206	1614	1
206	1616	1
206	1629	1
206	1633	1
206	1654	1
206	1663	1
206	1684	1
206	1708	1
206	1734	1
206	1744	1
206	1760	1
206	1798	1
206	1809	1
206	1814	1
206	1818	1
206	1829	1
206	1847	1
206	1894	1
206	1899	1
206	1927	1
206	2152	1
206	556	1
206	2229	1
206	2341	1
206	2356	1
206	1358	1
206	2407	1
207	600	1
207	1210	1
207	1291	1
207	1339	1
207	1343	1
207	1406	1
207	1443	1
207	1474	1
207	1496	1
207	1557	1
207	1625	1
207	1645	1
207	1968	1
208	280	1
208	404	1
208	420	1
208	853	1
208	1041	1
208	1070	1
208	1103	1
208	1111	1
208	1112	1
208	1201	1
208	1203	1
208	1300	1
208	1323	1
208	1356	1
208	1365	1
208	1399	1
208	1498	1
208	1614	1
208	1616	1
208	1679	1
208	1723	1
208	1773	1
208	1825	1
208	1826	1
208	1834	1
208	1108	1
208	2370	1
208	2371	1
208	2408	1
208	2435	1
209	249	1
209	347	1
209	667	1
209	1043	1
209	1065	1
209	1730	1
210	230	1
210	1247	1
210	1281	1
210	1283	1
210	1321	1
210	1377	1
210	1527	1
210	2084	1
210	261	1
210	2175	1
210	2254	1
210	2324	1
210	1123	1
210	2334	1
210	1180	1
210	2340	1
210	1274	1
210	1309	1
210	1311	1
210	2360	1
210	1320	1
210	1381	1
210	2375	1
210	2379	1
210	1442	1
211	74	1
211	1589	1
211	1641	1
211	1752	1
211	1768	1
211	1843	1
211	2348	1
212	575	1
212	861	1
212	1112	1
212	1126	1
212	1414	1
212	1479	1
212	1491	1
212	1494	1
212	975	1
213	84	1
213	110	1
213	115	1
213	120	1
213	134	1
213	170	1
213	201	1
213	358	1
213	359	1
213	387	1
213	431	1
213	1414	1
213	1448	1
213	1492	1
213	1534	1
214	34	1
214	97	1
214	98	1
214	718	1
214	1453	1
214	1643	1
214	1878	1
214	2349	1
214	1322	1
214	2365	1
214	2415	1
215	795	1
215	1933	1
215	370	1
215	2356	1
215	1612	1
216	1724	1
216	1745	1
216	1953	1
216	1954	1
216	2004	1
216	2005	1
217	347	1
217	413	1
217	481	1
217	724	1
217	851	1
217	1283	1
217	1359	1
217	1395	1
217	1403	1
217	1454	1
217	1478	1
217	1506	1
217	1746	1
217	1847	1
217	1879	1
218	525	1
218	961	1
218	1346	1
218	1381	1
218	1386	1
218	1460	1
218	1531	1
218	1532	1
218	1533	1
218	1535	1
218	1536	1
218	1629	1
218	1684	1
218	1702	1
218	1723	1
218	1736	1
218	1832	1
218	1912	1
218	1916	1
218	1931	1
218	1993	1
218	418	1
218	2213	1
218	2395	1
218	1780	1
218	2444	1
218	2452	1
219	104	1
219	132	1
219	192	1
219	330	1
219	458	1
219	538	1
219	595	1
219	653	1
219	920	1
219	1173	1
220	73	1
220	624	1
220	716	1
220	817	1
220	830	1
220	981	1
220	1104	1
220	1166	1
220	1179	1
220	1545	1
220	1628	1
220	2249	1
220	713	1
221	138	1
221	1615	1
221	1806	1
221	1816	1
221	1818	1
221	1931	1
221	1191	1
221	1874	1
222	1054	1
222	1245	1
222	1287	1
222	1456	1
222	1769	1
222	1855	1
223	114	1
223	1274	1
223	1301	1
223	1593	1
223	1616	1
223	1646	1
223	1654	1
223	1702	1
223	1713	1
223	1722	1
223	1806	1
223	1895	1
223	1955	1
223	1970	1
223	1993	1
223	36	1
223	2058	1
223	2059	1
223	260	1
223	322	1
223	2171	1
223	2182	1
223	641	1
223	717	1
223	914	1
223	2345	1
223	1224	1
223	2410	1
223	1598	1
223	1700	1
223	1869	1
223	2446	1
223	1898	1
223	1931	1
224	283	1
224	302	1
224	378	1
224	626	1
224	785	1
224	1703	1
224	1873	1
224	2098	1
225	231	1
225	689	1
225	1273	1
225	1285	1
225	1421	1
225	1514	1
225	1765	1
225	2121	1
226	54	1
226	64	1
226	166	1
226	322	1
226	337	1
226	370	1
226	599	1
226	603	1
226	758	1
226	915	1
226	1018	1
226	1020	1
226	1073	1
226	1074	1
226	1075	1
226	1155	1
226	1179	1
226	1255	1
226	1527	1
226	1609	1
226	1689	1
226	1984	1
226	2024	1
226	2070	1
226	2108	1
227	256	1
227	646	1
227	1275	1
227	1460	1
227	1484	1
227	1954	1
227	2248	1
227	2384	1
227	1772	1
228	513	1
228	1155	1
228	1220	1
228	1383	1
228	1482	1
228	1733	1
228	2082	1
228	2423	1
229	388	1
229	490	1
229	1080	1
229	1261	1
229	1519	1
229	1568	1
229	1656	1
230	239	1
230	293	1
230	304	1
230	670	1
230	776	1
230	1712	1
230	1830	1
230	1896	1
230	2065	1
230	2077	1
230	2100	1
230	2193	1
230	2200	1
230	2312	1
231	77	1
231	216	1
231	469	1
231	654	1
231	895	1
231	939	1
232	62	1
232	196	1
232	222	1
232	229	1
232	286	1
232	290	1
232	363	1
232	375	1
232	383	1
232	412	1
232	514	1
232	542	1
232	550	1
232	577	1
232	583	1
232	610	1
232	638	1
232	767	1
232	1609	1
232	2099	1
232	2306	1
232	2393	1
233	1126	1
233	1148	1
233	1149	1
233	1164	1
233	1263	1
233	1292	1
233	1365	1
233	1401	1
233	1452	1
233	1483	1
233	1495	1
233	1530	1
233	1604	1
233	1619	1
233	1640	1
233	1849	1
233	2367	1
233	2389	1
233	1509	1
233	2419	1
233	2434	1
234	253	1
234	1189	1
234	1272	1
234	1539	1
234	1867	1
235	949	1
235	1033	1
235	1199	1
235	1211	1
235	1218	1
235	1245	1
235	1253	1
235	1254	1
235	1264	1
235	1341	1
235	1347	1
235	1423	1
235	1488	1
236	218	1
236	1107	1
236	1238	1
236	1282	1
236	1470	1
237	706	1
237	946	1
237	1010	1
237	2019	1
237	2025	1
237	2259	1
237	2261	1
237	2263	1
238	679	1
238	1052	1
238	1902	1
238	2381	1
238	2382	1
238	1432	1
239	897	1
239	997	1
239	1522	1
239	1565	1
239	1684	1
239	1705	1
239	1706	1
239	1707	1
239	1814	1
239	1829	1
239	1899	1
239	2407	1
240	607	1
240	1107	1
240	1189	1
240	1377	1
240	1651	1
240	840	1
241	896	1
241	1374	1
241	1975	1
241	2378	1
241	2003	1
242	657	1
242	2018	1
242	2182	1
242	1326	1
242	1670	1
243	420	1
243	552	1
243	776	1
243	1040	1
243	1336	1
243	1507	1
243	1925	1
243	1985	1
243	2067	1
243	844	1
243	1919	1
243	1982	1
244	1749	1
244	1769	1
244	1805	1
244	1817	1
244	1857	1
244	1874	1
244	1881	1
244	1896	1
244	1897	1
244	1900	1
244	1904	1
244	1929	1
244	1930	1
245	502	1
245	544	1
245	1115	1
245	1228	1
245	1414	1
245	1840	1
246	1273	1
246	1319	1
246	1431	1
246	2398	1
246	1625	1
246	2428	1
246	1949	1
247	129	1
247	131	1
247	212	1
247	265	1
247	271	1
247	304	1
247	831	1
247	902	1
247	1020	1
247	273	1
248	866	1
248	1236	1
248	1286	1
248	1466	1
248	1535	1
248	1641	1
248	1681	1
248	1858	1
248	2073	1
248	1833	1
249	642	1
249	712	1
249	825	1
249	1187	1
249	1192	1
249	1247	1
249	1279	1
249	1367	1
249	1057	1
250	355	1
250	1327	1
250	1616	1
250	1704	1
250	1708	1
250	1722	1
250	1727	1
250	1733	1
250	1771	1
250	1772	1
250	1785	1
250	1798	1
251	392	1
251	391	1
251	2183	1
251	2184	1
251	2186	1
251	2227	1
251	914	1
251	2372	1
252	1144	1
252	1442	1
252	1669	1
252	1713	1
252	1754	1
252	1775	1
252	28	1
252	212	1
252	214	1
252	331	1
252	2264	1
252	921	1
252	1193	1
252	1561	1
252	2429	1
252	2006	1
253	652	1
253	915	1
253	1014	1
253	1166	1
253	1179	1
253	1552	1
253	1570	1
253	1580	1
253	1637	1
253	2376	1
253	2386	1
254	218	1
254	261	1
254	272	1
254	277	1
254	629	1
254	766	1
254	1055	1
254	1375	1
254	2043	1
254	2086	1
255	217	1
255	480	1
255	523	1
255	787	1
255	1433	1
255	2076	1
255	2114	1
255	2234	1
256	109	1
256	272	1
256	312	1
256	490	1
256	520	1
256	555	1
256	576	1
256	729	1
256	829	1
256	1213	1
256	1321	1
256	1444	1
256	1532	1
256	2187	1
256	2189	1
256	1310	1
257	55	1
257	81	1
257	83	1
257	100	1
257	103	1
257	121	1
257	154	1
257	266	1
257	367	1
257	1244	1
257	1345	1
258	246	1
258	439	1
258	1983	1
258	2210	1
258	2258	1
259	238	1
259	896	1
259	901	1
259	911	1
259	972	1
259	985	1
259	1034	1
259	1212	1
259	1226	1
259	1262	1
259	1264	1
259	1287	1
259	1348	1
259	1359	1
259	1756	1
259	2368	1
260	535	1
260	600	1
260	639	1
260	682	1
260	793	1
260	1122	1
260	1632	1
260	1677	1
260	1692	1
260	1720	1
260	2361	1
261	1065	1
261	1234	1
261	1247	1
261	1257	1
261	1386	1
261	1433	1
261	1460	1
261	1552	1
261	2305	1
261	1192	1
262	9	1
262	54	1
262	81	1
262	113	1
262	121	1
262	180	1
262	194	1
262	299	1
262	428	1
262	498	1
262	533	1
262	551	1
262	620	1
262	771	1
262	776	1
262	792	1
262	1157	1
262	1206	1
262	1418	1
262	1419	1
262	1527	1
262	1631	1
262	1741	1
262	1755	1
262	1845	1
262	1969	1
262	2060	1
262	288	1
262	2101	1
262	2122	1
262	2132	1
262	518	1
262	2203	1
262	2239	1
262	2247	1
262	890	1
262	2354	1
262	2380	1
262	2400	1
263	683	1
263	1456	1
263	1745	1
263	1797	1
263	1800	1
264	56	1
264	569	1
264	809	1
264	1546	1
264	1591	1
264	2013	1
264	2141	1
264	568	1
264	662	1
264	2286	1
264	2288	1
265	158	1
265	318	1
265	765	1
265	897	1
265	1522	1
265	131	1
265	554	1
266	475	1
266	773	1
266	776	1
266	868	1
266	1217	1
266	1685	1
266	1772	1
266	1803	1
266	1854	1
266	1865	1
266	2177	1
266	2296	1
266	2414	1
266	2424	1
266	2430	1
266	1749	1
267	501	1
267	1446	1
267	1664	1
267	1861	1
267	1915	1
268	275	1
268	286	1
268	293	1
268	304	1
268	306	1
268	423	1
268	518	1
268	724	1
268	1065	1
268	1089	1
268	1316	1
268	1526	1
268	1552	1
268	1653	1
268	1654	1
268	186	1
268	196	1
268	2066	1
268	2068	1
268	212	1
268	235	1
268	2097	1
268	522	1
268	2319	1
269	944	1
269	1245	1
269	1697	1
269	1738	1
269	1747	1
269	1822	1
269	2432	1
270	627	1
270	1281	1
270	1917	1
270	1919	1
270	2355	1
271	1350	1
271	1766	1
271	1786	1
271	1827	1
271	1570	1
272	695	1
272	961	1
272	1001	1
272	1515	1
272	1687	1
272	2274	1
273	138	1
273	245	1
273	749	1
273	936	1
273	2020	1
273	2057	1
273	175	1
273	271	1
273	2170	1
273	505	1
273	2228	1
273	2295	1
273	2411	1
274	676	1
274	884	1
274	887	1
274	915	1
274	1027	1
274	1090	1
274	1257	1
274	1286	1
274	1448	1
274	2168	1
275	1111	1
275	1531	1
275	1532	1
275	1534	1
275	1564	1
275	1612	1
275	1749	1
275	1536	1
275	1620	1
276	164	1
276	487	1
276	560	1
276	989	1
276	1051	1
276	1272	1
276	1414	1
276	1449	1
276	1456	1
276	1484	1
276	1493	1
276	1755	1
276	1789	1
277	1211	1
277	1264	1
277	1395	1
277	1411	1
277	1424	1
278	609	1
278	742	1
278	743	1
278	796	1
278	1484	1
278	1713	1
278	1931	1
278	2072	1
279	1381	1
279	1573	1
279	1593	1
279	1624	1
279	1626	1
279	1681	1
279	1812	1
279	1833	1
279	1878	1
279	1896	1
279	2012	1
279	2026	1
279	2041	1
279	244	1
279	296	1
279	307	1
279	351	1
279	2122	1
279	2336	1
279	2412	1
280	1174	1
280	1347	1
280	1363	1
280	1885	1
280	1906	1
281	53	1
281	950	1
281	1193	1
281	1449	1
281	1467	1
281	1475	1
281	1487	1
281	1545	1
281	1561	1
281	1599	1
281	1600	1
281	1614	1
281	1616	1
281	1668	1
281	1733	1
281	1754	1
281	1772	1
281	1798	1
281	1805	1
281	1827	1
281	1851	1
281	1896	1
281	1904	1
281	1916	1
281	1952	1
281	1953	1
281	1979	1
281	1987	1
281	1989	1
281	1990	1
281	1999	1
281	2004	1
281	2006	1
281	718	1
281	1335	1
281	1458	1
281	1468	1
281	1574	1
281	1607	1
281	2416	1
281	2453	1
282	252	1
282	747	1
282	925	1
282	1188	1
282	1602	1
282	1615	1
282	1616	1
282	1684	1
282	1707	1
282	1723	1
282	1733	1
282	1735	1
282	1736	1
282	1798	1
282	1851	1
282	1894	1
282	1899	1
282	1903	1
282	1919	1
282	2085	1
282	2087	1
282	778	1
282	950	1
282	2318	1
282	1096	1
282	1095	1
282	2390	1
282	1468	1
282	2402	1
282	1635	1
282	2425	1
283	175	1
283	659	1
283	1701	1
283	2030	1
283	88	1
283	2039	1
283	2057	1
283	2096	1
283	2116	1
283	353	1
283	2146	1
283	2160	1
283	2165	1
283	2226	1
283	2245	1
283	2285	1
283	2303	1
284	10	1
284	402	1
284	478	1
284	553	1
284	2212	1
284	2266	1
284	807	1
285	147	1
285	1247	1
285	1245	1
285	1287	1
285	1335	1
285	1360	1
285	1451	1
285	1738	1
285	1867	1
285	1887	1
286	4	1
286	71	1
286	342	1
286	662	1
286	744	1
286	777	1
286	912	1
286	1462	1
286	2307	1
287	1798	1
287	351	1
287	2309	1
287	1134	1
287	1236	1
288	317	1
288	615	1
288	677	1
288	678	1
288	800	1
288	2230	1
289	2342	1
289	1232	1
289	1306	1
289	1344	1
289	1355	1
290	165	1
290	303	1
290	348	1
290	474	1
290	663	1
290	829	1
290	949	1
290	1086	1
290	1151	1
290	1167	1
290	1213	1
290	1219	1
290	1221	1
290	1234	1
290	1238	1
290	1271	1
290	1272	1
290	1274	1
290	1278	1
290	1312	1
290	1314	1
290	1320	1
290	1321	1
290	1364	1
290	1381	1
290	1382	1
290	1386	1
290	1448	1
290	1460	1
290	1475	1
290	1523	1
290	1594	1
290	1596	1
290	1597	1
290	1610	1
290	1616	1
290	1654	1
290	1734	1
290	1784	1
290	1918	1
290	1994	1
290	2325	1
291	80	1
291	314	1
291	344	1
291	470	1
291	527	1
291	577	1
291	651	1
291	653	1
291	684	1
291	906	1
291	1445	1
291	1551	1
291	2117	1
291	2118	1
291	2128	1
291	382	1
291	2151	1
291	2157	1
292	1463	1
292	1649	1
292	1799	1
292	1939	1
292	1969	1
293	759	1
293	914	1
293	917	1
293	918	1
293	957	1
293	1048	1
293	1049	1
293	1070	1
293	1087	1
293	1190	1
293	1330	1
293	1342	1
293	1427	1
293	1508	1
293	1509	1
294	861	1
294	985	1
294	1194	1
294	1195	1
294	1264	1
294	1280	1
294	1282	1
294	1304	1
294	1311	1
294	1318	1
294	1340	1
294	1389	1
294	1414	1
294	1460	1
294	1493	1
294	1498	1
294	1523	1
294	1532	1
294	1582	1
294	1583	1
294	1594	1
294	1613	1
294	1614	1
294	1653	1
294	1658	1
294	1678	1
294	1722	1
294	1475	1
294	1491	1
295	240	1
295	595	1
295	774	1
295	1069	1
295	1357	1
295	1362	1
295	1406	1
295	1410	1
295	1450	1
295	1476	1
295	1417	1
296	291	1
296	535	1
296	818	1
296	1623	1
296	1772	1
296	1793	1
296	2048	1
296	2065	1
297	0	1
297	1	1
297	371	1
297	455	1
297	485	1
297	632	1
297	656	1
297	725	1
297	876	1
297	978	1
297	984	1
297	1273	1
297	1718	1
297	2267	1
298	156	1
298	258	1
298	411	1
298	575	1
298	606	1
298	692	1
298	821	1
298	851	1
298	1044	1
298	1197	1
298	1338	1
298	1435	1
299	266	1
299	672	1
299	979	1
299	1003	1
299	1004	1
299	1596	1
299	1648	1
299	1693	1
299	1713	1
299	1727	1
300	347	1
300	673	1
300	989	1
300	1552	1
300	1614	1
300	1616	1
300	1770	1
300	1786	1
300	1837	1
301	1666	1
301	1824	1
301	1867	1
301	1868	1
301	1886	1
301	1891	1
301	1892	1
301	1910	1
302	496	1
302	1176	1
302	1900	1
302	1931	1
302	144	1
302	2130	1
302	2231	1
302	1177	1
302	1493	1
302	2456	1
303	1142	1
303	1761	1
303	1769	1
303	1920	1
303	1993	1
304	897	1
304	1179	1
304	1374	1
304	1522	1
304	2053	1
304	2191	1
304	1602	1
305	479	1
305	517	1
305	881	1
305	1510	1
305	1587	1
305	1808	1
305	1829	1
305	1893	1
305	454	1
305	2192	1
305	2195	1
305	2255	1
305	824	1
305	2330	1
305	2353	1
305	2433	1
306	254	1
306	582	1
306	885	1
306	1174	1
306	1502	1
306	2119	1
306	2148	1
306	2333	1
306	2339	1
306	2373	1
306	2374	1
306	2383	1
306	2440	1
307	768	1
307	932	1
307	934	1
307	1155	1
307	1255	1
307	1257	1
307	1532	1
307	1535	1
307	1609	1
307	1612	1
307	1816	1
307	1900	1
307	1919	1
307	1930	1
307	1951	1
307	1960	1
307	1965	1
307	1991	1
307	1993	1
307	1994	1
307	2352	1
307	2357	1
307	1492	1
307	2451	1
308	679	1
308	790	1
308	1414	1
308	1572	1
308	1658	1
308	1772	1
308	1795	1
308	1803	1
308	1842	1
308	1859	1
308	1946	1
308	2107	1
308	2344	1
308	2381	1
309	234	1
309	864	1
309	1032	1
309	2011	1
309	2074	1
309	2125	1
309	2237	1
309	2297	1
310	1088	1
310	1483	1
310	1490	1
310	1517	1
310	1566	1
310	1644	1
310	1921	1
311	49	1
311	347	1
311	513	1
311	1043	1
311	1238	1
311	1381	1
311	1408	1
311	1414	1
311	1503	1
311	1526	1
311	1554	1
311	1105	1
312	105	1
312	142	1
312	1381	1
312	1612	1
312	1616	1
312	1707	1
312	1709	1
312	1710	1
312	1711	1
312	1712	1
312	1713	1
312	1714	1
312	1715	1
312	1716	1
312	1717	1
312	1721	1
312	1733	1
312	1734	1
312	1760	1
312	1792	1
312	1798	1
312	1836	1
312	1851	1
312	1869	1
312	2394	1
313	161	1
313	172	1
313	408	1
313	422	1
313	436	1
313	464	1
313	494	1
313	572	1
313	665	1
313	686	1
313	937	1
313	962	1
313	1480	1
313	2167	1
314	1744	1
314	1760	1
314	1835	1
314	1900	1
314	1972	1
314	1983	1
314	2359	1
315	884	1
315	968	1
315	1610	1
315	1614	1
315	1620	1
315	1667	1
315	1733	1
315	1744	1
315	2338	1
316	255	1
316	385	1
316	457	1
316	853	1
316	969	1
316	978	1
316	1161	1
316	1209	1
316	1399	1
316	1726	1
316	1850	1
316	1852	1
316	1860	1
316	1342	1
316	1826	1
317	14	1
317	91	1
317	95	1
317	96	1
317	99	1
317	108	1
317	279	1
317	286	1
317	290	1
317	291	1
317	293	1
317	295	1
317	297	1
317	306	1
317	304	1
317	311	1
317	324	1
317	328	1
317	329	1
317	346	1
317	352	1
317	459	1
317	470	1
317	743	1
317	762	1
317	1868	1
317	2028	1
317	2032	1
317	2037	1
317	2038	1
317	2044	1
317	2071	1
317	246	1
317	2129	1
317	2136	1
317	471	1
317	2179	1
317	2194	1
317	2242	1
317	2251	1
317	2252	1
317	2290	1
317	2291	1
317	848	1
318	853	1
318	1202	1
318	1284	1
318	1566	1
318	2326	1
319	632	1
319	1638	1
319	1653	1
319	1817	1
319	1937	1
320	739	1
320	1931	1
320	1953	1
320	1746	1
320	2448	1
321	89	1
321	93	1
321	101	1
321	146	1
321	190	1
321	205	1
321	211	1
321	223	1
321	335	1
321	384	1
321	394	1
321	514	1
321	542	1
321	588	1
321	589	1
321	599	1
321	607	1
321	631	1
321	663	1
321	693	1
321	756	1
321	764	1
321	767	1
321	789	1
321	793	1
321	801	1
321	1020	1
321	1024	1
321	1319	1
321	1321	1
321	1605	1
321	2034	1
321	2112	1
321	2154	1
321	2293	1
321	2362	1
321	2363	1
321	2393	1
321	2409	1
322	19	1
322	45	1
322	46	1
322	144	1
322	145	1
322	162	1
322	374	1
322	488	1
322	507	1
322	757	1
322	819	1
322	833	1
322	928	1
322	1035	1
322	1136	1
322	1155	1
322	1171	1
322	1195	1
322	1266	1
322	1268	1
322	1277	1
322	1482	1
322	1639	1
322	1709	1
322	1712	1
322	1713	1
322	1716	1
322	1734	1
322	2209	1
323	175	1
323	533	1
323	551	1
323	1008	1
323	1855	1
323	1895	1
323	1907	1
323	1930	1
323	1931	1
323	2057	1
323	266	1
323	474	1
323	652	1
323	2257	1
323	2265	1
323	1094	1
323	2335	1
324	1867	1
324	1942	1
324	2001	1
324	2004	1
324	2068	1
325	16	1
325	17	1
325	31	1
325	35	1
325	65	1
325	130	1
325	141	1
325	205	1
325	208	1
325	233	1
325	303	1
325	325	1
325	339	1
325	417	1
325	418	1
325	440	1
325	489	1
325	522	1
325	535	1
325	580	1
325	593	1
325	661	1
325	668	1
325	822	1
325	833	1
325	905	1
325	1000	1
325	1025	1
325	1111	1
325	1117	1
325	1147	1
325	1194	1
325	1214	1
325	1237	1
325	1261	1
325	1301	1
325	1343	1
325	1377	1
325	1385	1
325	1552	1
325	1665	1
325	1750	1
325	1801	1
325	1847	1
326	747	1
326	1092	1
326	1158	1
326	1501	1
326	1654	1
326	1736	1
326	1916	1
327	624	1
327	625	1
327	779	1
327	1798	1
327	2075	1
328	195	1
328	1197	1
328	1251	1
328	1460	1
328	1571	1
328	1647	1
328	1661	1
328	1674	1
328	1676	1
328	1684	1
328	1781	1
328	2388	1
328	2426	1
329	236	1
329	287	1
329	969	1
329	1713	1
329	1820	1
329	1868	1
329	1970	1
329	2020	1
329	2039	1
329	159	1
329	160	1
329	2052	1
329	171	1
329	2064	1
329	2071	1
329	2078	1
329	241	1
329	2080	1
329	267	1
329	2091	1
329	280	1
329	2095	1
329	299	1
329	305	1
329	316	1
329	2102	1
329	324	1
329	2106	1
329	345	1
329	405	1
329	424	1
329	2165	1
329	488	1
329	2196	1
329	2206	1
329	2215	1
329	2219	1
329	2233	1
329	2241	1
329	2245	1
329	2246	1
329	652	1
329	832	1
329	2310	1
329	936	1
329	2317	1
329	981	1
329	1087	1
329	1142	1
329	2347	1
329	2354	1
329	2377	1
329	1457	1
329	2391	1
329	2392	1
329	1503	1
329	2406	1
329	2417	1
329	2418	1
329	1639	1
329	1742	1
329	1761	1
329	1775	1
329	2437	1
329	2443	1
329	2445	1
330	916	1
330	1106	1
330	1123	1
330	1182	1
330	1235	1
330	1245	1
330	1287	1
330	1324	1
330	1349	1
331	194	1
331	1643	1
331	8	1
331	2010	1
331	2027	1
331	2031	1
331	2032	1
331	109	1
331	2037	1
331	2038	1
331	116	1
331	126	1
331	204	1
331	2079	1
331	2090	1
331	298	1
331	314	1
331	2126	1
331	2144	1
331	2148	1
331	434	1
331	2157	1
331	2179	1
331	2194	1
331	2214	1
331	2240	1
331	662	1
331	680	1
331	2272	1
331	749	1
331	2276	1
331	766	1
331	777	1
331	2283	1
331	810	1
331	857	1
331	2302	1
331	2336	1
332	697	1
332	1257	1
332	2138	1
332	796	1
332	835	1
332	2321	1
332	1801	1
333	208	1
333	280	1
333	377	1
333	427	1
333	522	1
333	877	1
333	949	1
333	1733	1
333	1794	1
333	1905	1
333	1913	1
333	1921	1
333	2292	1
334	1650	1
334	1748	1
334	1898	1
334	2007	1
334	2235	1
334	1066	1
