0	170	1
0	612	1
0	1741	1
0	2132	1
0	2753	1
1	27	1
1	805	1
1	1638	1
1	1921	1
1	1965	1
1	2654	1
2	1549	1
2	1741	1
2	1777	1
2	1779	1
2	1914	1
2	2005	1
2	2019	1
2	2079	1
2	2107	1
2	2115	1
3	373	1
3	1381	1
3	1494	1
3	1629	1
3	2061	1
3	2140	1
3	2142	1
4	377	1
4	409	1
4	435	1
4	1375	1
4	1741	1
4	1835	1
4	1909	1
4	2007	1
4	2019	1
4	2033	1
4	2044	1
4	2062	1
4	2111	1
4	2202	1
4	2206	1
4	833	1
5	1827	1
5	2380	1
5	2440	1
5	2506	1
5	2762	1
6	1753	1
6	1783	1
6	1785	1
6	1793	1
6	1821	1
6	1900	1
6	2062	1
6	1598	1
7	641	1
7	742	1
7	1633	1
7	1917	1
7	1952	1
7	2059	1
7	2061	1
7	2062	1
7	2124	1
7	2167	1
7	2184	1
7	2208	1
7	2355	1
7	2396	1
7	2649	1
7	2653	1
7	2737	1
7	2168	1
8	1861	1
8	2181	1
8	143	1
8	155	1
8	163	1
8	180	1
8	2958	1
8	648	1
8	1833	1
9	12	1
9	191	1
9	269	1
9	299	1
9	313	1
9	316	1
9	359	1
9	489	1
9	528	1
9	585	1
9	699	1
9	786	1
9	815	1
9	829	1
9	872	1
9	1065	1
9	1093	1
9	1094	1
9	1119	1
9	1154	1
9	1159	1
9	1191	1
9	1195	1
9	1222	1
9	1223	1
9	1558	1
9	1585	1
9	1586	1
9	1588	1
9	1625	1
9	1643	1
9	1661	1
9	1690	1
9	1691	1
9	1835	1
9	2019	1
9	2062	1
9	2117	1
9	2183	1
9	2664	1
9	2775	1
9	2780	1
9	140	1
9	164	1
9	2824	1
9	2830	1
9	2838	1
9	380	1
9	2878	1
9	405	1
9	2900	1
9	482	1
9	535	1
9	2923	1
9	2929	1
9	2938	1
9	574	1
9	2953	1
9	615	1
9	2962	1
9	638	1
9	2973	1
9	669	1
9	2981	1
9	3021	1
9	804	1
9	820	1
9	823	1
9	845	1
9	866	1
9	3045	1
9	3046	1
9	3049	1
9	911	1
9	3066	1
9	914	1
9	3095	1
9	1116	1
9	1121	1
9	3116	1
9	3131	1
9	3135	1
9	1409	1
9	1411	1
9	1660	1
9	3332	1
10	1	1
10	2	1
10	3	1
10	2591	1
10	2703	1
10	2723	1
10	2752	1
11	419	1
11	811	1
11	1059	1
11	3014	1
11	3221	1
12	363	1
12	653	1
12	1228	1
12	1421	1
12	1440	1
12	1703	1
12	2409	1
13	3	1
13	511	1
13	892	1
13	1151	1
13	1185	1
14	1281	1
14	1295	1
14	1768	1
14	1804	1
14	1844	1
14	2037	1
15	586	1
15	707	1
15	719	1
15	801	1
15	1367	1
15	1416	1
15	1667	1
15	1731	1
15	1776	1
15	2573	1
16	1200	1
16	1276	1
16	1783	1
16	1871	1
16	2110	1
17	39	1
17	41	1
17	43	1
17	230	1
17	654	1
17	694	1
17	890	1
17	1254	1
17	1562	1
17	1791	1
17	2364	1
17	2365	1
17	2366	1
17	2367	1
17	2368	1
17	2369	1
17	2370	1
17	2372	1
17	2395	1
17	2433	1
17	2874	1
17	3055	1
17	3061	1
17	3143	1
17	2371	1
18	922	1
18	2511	1
18	3222	1
18	3268	1
18	2282	1
19	402	1
19	1233	1
19	2492	1
19	2501	1
19	544	1
19	2351	1
20	1253	1
20	1371	1
20	1566	1
20	1633	1
20	1784	1
20	2228	1
20	188	1
20	607	1
20	3120	1
20	1210	1
20	3173	1
20	1423	1
20	1665	1
20	2111	1
20	2420	1
21	1909	1
21	2362	1
21	2585	1
21	2616	1
21	2635	1
21	2747	1
21	2750	1
22	469	1
22	533	1
22	1024	1
22	1025	1
22	1854	1
23	37	1
23	1165	1
23	1258	1
23	2084	1
23	2546	1
23	2917	1
24	1504	1
24	1635	1
24	1742	1
24	1996	1
24	2197	1
24	2272	1
24	2348	1
24	2438	1
25	892	1
25	1335	1
25	2452	1
25	2597	1
25	2604	1
26	244	1
26	364	1
26	408	1
26	426	1
26	476	1
26	491	1
26	548	1
26	608	1
26	798	1
26	831	1
26	1378	1
26	1434	1
26	1436	1
26	1468	1
26	1646	1
26	1909	1
26	1965	1
26	1400	1
27	1405	1
27	1525	1
27	1716	1
27	1790	1
27	1889	1
27	2400	1
27	2485	1
27	2510	1
28	1326	1
28	1745	1
28	1754	1
28	1827	1
28	2380	1
28	2504	1
28	2712	1
29	712	1
29	2163	1
29	2648	1
29	2015	1
29	2306	1
29	2404	1
29	2566	1
30	1767	1
30	1776	1
30	1825	1
30	1914	1
30	2115	1
30	2205	1
31	1447	1
31	1688	1
31	1695	1
31	1728	1
31	1735	1
32	1037	1
32	1238	1
32	1778	1
32	2334	1
32	2509	1
32	917	1
33	283	1
33	335	1
33	716	1
33	1527	1
33	1557	1
33	1619	1
33	1681	1
33	1710	1
33	1755	1
33	1769	1
33	1786	1
33	1826	1
33	1876	1
33	1877	1
33	1914	1
33	2431	1
33	2587	1
33	2621	1
33	3200	1
33	3229	1
34	297	1
34	545	1
34	1253	1
34	1965	1
34	2734	1
34	2857	1
35	1257	1
35	1909	1
35	1958	1
35	2180	1
35	2181	1
35	2216	1
35	2243	1
35	2284	1
36	223	1
36	2697	1
36	488	1
36	520	1
36	1062	1
36	1625	1
36	2317	1
37	757	1
37	832	1
37	934	1
37	939	1
37	1642	1
38	2	1
38	112	1
38	181	1
38	196	1
38	449	1
38	992	1
38	1001	1
38	1080	1
38	1084	1
38	1085	1
38	1151	1
38	1187	1
38	1194	1
38	1250	1
38	1257	1
38	1292	1
38	1305	1
38	1324	1
38	1516	1
38	1547	1
38	1558	1
38	1564	1
38	1617	1
38	1645	1
38	1812	1
38	1845	1
38	2829	1
39	1538	1
39	1634	1
39	1798	1
39	2051	1
39	2133	1
39	2151	1
39	2228	1
39	2388	1
39	2397	1
39	2489	1
39	2507	1
39	2617	1
40	63	1
40	871	1
40	910	1
40	2102	1
40	2578	1
41	51	1
41	547	1
41	559	1
41	902	1
41	1500	1
41	1753	1
42	169	1
42	319	1
42	478	1
42	524	1
42	633	1
42	738	1
42	915	1
42	1409	1
43	4	1
43	5	1
43	6	1
43	7	1
43	1780	1
44	1879	1
44	2228	1
44	2232	1
44	2511	1
44	2629	1
44	873	1
44	1311	1
44	1407	1
44	3303	1
45	36	1
45	120	1
45	221	1
45	1241	1
45	2122	1
45	2316	1
45	2882	1
45	1973	1
46	697	1
46	935	1
46	1081	1
46	1083	1
46	1487	1
46	1604	1
46	1605	1
46	1655	1
46	1663	1
46	1713	1
46	1741	1
46	1776	1
46	2030	1
46	2163	1
47	122	1
47	453	1
47	1431	1
47	1476	1
47	1479	1
47	1546	1
47	2341	1
47	2464	1
48	2400	1
48	2427	1
48	2506	1
48	2594	1
48	2753	1
48	3165	1
48	2335	1
49	336	1
49	716	1
49	748	1
49	938	1
49	1029	1
49	1045	1
49	1060	1
49	1188	1
49	1227	1
49	1249	1
49	1267	1
49	1283	1
50	272	1
50	292	1
50	1358	1
50	2228	1
50	2443	1
50	2445	1
50	2474	1
50	2477	1
50	2847	1
51	125	1
51	584	1
51	1217	1
51	1734	1
51	1856	1
51	1965	1
52	121	1
52	219	1
52	787	1
52	987	1
52	1101	1
52	1190	1
52	1416	1
53	980	1
53	1326	1
53	1535	1
53	1616	1
53	1745	1
53	2291	1
53	2297	1
54	102	1
54	938	1
54	1099	1
54	1259	1
54	1710	1
54	1958	1
54	1965	1
54	2222	1
54	2225	1
54	2228	1
54	2260	1
54	2284	1
54	3112	1
55	713	1
55	779	1
55	870	1
55	977	1
55	1290	1
55	1519	1
55	1671	1
55	1726	1
55	1801	1
55	2010	1
55	2156	1
55	2197	1
55	2272	1
55	3043	1
55	3184	1
55	3198	1
55	1622	1
55	1635	1
55	3219	1
55	2096	1
55	3277	1
55	2245	1
56	45	1
56	542	1
56	1640	1
56	1715	1
56	1745	1
56	1752	1
56	1784	1
57	1436	1
57	1784	1
57	1953	1
57	2557	1
57	2636	1
57	2653	1
57	2654	1
57	2826	1
57	2839	1
57	3177	1
57	3194	1
57	3234	1
58	126	1
58	279	1
58	1285	1
58	1320	1
58	1325	1
58	1398	1
58	1400	1
58	1401	1
58	1420	1
58	1488	1
58	1493	1
58	1500	1
58	1693	1
58	1753	1
58	3171	1
58	1965	1
58	2175	1
59	1	1
59	30	1
59	65	1
59	85	1
59	133	1
59	175	1
59	188	1
59	195	1
59	196	1
59	200	1
59	228	1
59	242	1
59	248	1
59	252	1
59	284	1
59	308	1
59	314	1
59	318	1
59	323	1
59	399	1
59	403	1
59	406	1
59	409	1
59	430	1
59	432	1
59	437	1
59	494	1
59	565	1
59	585	1
59	586	1
59	607	1
59	624	1
59	630	1
59	639	1
59	640	1
59	655	1
59	659	1
59	662	1
59	653	1
59	690	1
59	692	1
59	695	1
59	704	1
59	732	1
59	739	1
59	743	1
59	749	1
59	759	1
59	766	1
59	780	1
59	801	1
59	810	1
59	818	1
59	822	1
59	837	1
59	849	1
59	851	1
59	854	1
59	857	1
59	865	1
59	874	1
59	901	1
59	919	1
59	920	1
59	930	1
59	931	1
59	934	1
59	939	1
59	965	1
59	981	1
59	994	1
59	999	1
59	1000	1
59	1002	1
59	1012	1
59	1019	1
59	1020	1
59	1027	1
59	1028	1
59	1029	1
59	1030	1
59	1034	1
59	1035	1
59	1038	1
59	1043	1
59	1045	1
59	1046	1
59	1048	1
59	1049	1
59	1050	1
59	1051	1
59	1058	1
59	1059	1
59	1060	1
59	1065	1
59	1072	1
59	1080	1
59	1125	1
59	1158	1
59	1165	1
59	1168	1
59	1172	1
59	1193	1
59	1194	1
59	1200	1
59	1202	1
59	1207	1
59	1216	1
59	1218	1
59	1237	1
59	1247	1
59	1249	1
59	1261	1
59	1262	1
59	1263	1
59	1267	1
59	1277	1
59	1282	1
59	1283	1
59	1284	1
59	1294	1
59	1307	1
59	1308	1
59	1322	1
59	1323	1
59	1328	1
59	1337	1
59	1338	1
59	1339	1
59	1355	1
59	1357	1
59	1361	1
59	1374	1
59	1375	1
59	1383	1
59	1390	1
59	1396	1
59	1398	1
59	1401	1
59	1415	1
59	1422	1
59	1427	1
59	1428	1
59	1434	1
59	1435	1
59	1436	1
59	1438	1
59	1451	1
59	1454	1
59	1464	1
59	1468	1
59	1472	1
59	1473	1
59	1500	1
59	1528	1
59	1529	1
59	1536	1
59	1544	1
59	1548	1
59	1553	1
59	1565	1
59	1566	1
59	1577	1
59	1587	1
59	1590	1
59	1597	1
59	1598	1
59	1599	1
59	1625	1
59	1635	1
59	1644	1
59	1659	1
59	1673	1
59	1674	1
59	1679	1
59	1701	1
59	1718	1
59	1720	1
59	1723	1
59	1731	1
59	1733	1
59	1767	1
59	1783	1
59	1784	1
59	1785	1
59	1813	1
59	1816	1
59	1817	1
59	1818	1
59	1820	1
59	1822	1
59	1821	1
59	1823	1
59	1833	1
59	1834	1
59	1835	1
59	1840	1
59	1863	1
59	1872	1
59	1874	1
59	1898	1
59	1909	1
59	1919	1
59	1920	1
59	1946	1
59	1951	1
59	1955	1
59	1962	1
59	1965	1
59	1971	1
59	1988	1
59	1997	1
59	1998	1
59	2018	1
59	2019	1
59	2021	1
59	2028	1
59	2031	1
59	2033	1
59	2034	1
59	2038	1
59	2039	1
59	2046	1
59	2047	1
59	2059	1
59	2062	1
59	2063	1
59	2065	1
59	2078	1
59	2080	1
59	2081	1
59	2079	1
59	2082	1
59	2109	1
59	2110	1
59	2129	1
59	2130	1
59	2143	1
59	2148	1
59	2149	1
59	2150	1
59	2153	1
59	2175	1
59	2177	1
59	2184	1
59	2186	1
59	2188	1
59	2189	1
59	2206	1
59	2216	1
59	2217	1
59	2218	1
59	2219	1
59	2222	1
59	2226	1
59	2227	1
59	2228	1
59	2243	1
59	2250	1
59	2253	1
59	2254	1
59	2255	1
59	2259	1
59	2258	1
59	2260	1
59	2269	1
59	2281	1
59	2307	1
59	2315	1
59	2317	1
59	2330	1
59	2338	1
59	2345	1
59	2352	1
59	2367	1
59	2375	1
59	2383	1
59	2396	1
59	2395	1
59	2403	1
59	2406	1
59	2407	1
59	2416	1
59	2425	1
59	2426	1
59	2429	1
59	2450	1
59	2451	1
59	2458	1
59	2459	1
59	2460	1
59	2465	1
59	2522	1
59	2536	1
59	2538	1
59	2549	1
59	2557	1
59	2575	1
59	2578	1
59	2583	1
59	2592	1
59	2609	1
59	2622	1
59	2624	1
59	2626	1
59	2636	1
59	2638	1
59	2645	1
59	2651	1
59	2653	1
59	2659	1
59	2661	1
59	2662	1
59	2669	1
59	2692	1
59	2695	1
59	2696	1
59	2697	1
59	2706	1
59	2711	1
59	2713	1
59	2729	1
59	2731	1
59	2735	1
59	2737	1
59	2743	1
59	2744	1
59	2746	1
59	2748	1
59	2749	1
59	2760	1
59	26	1
59	28	1
59	2781	1
59	173	1
59	209	1
59	245	1
59	2844	1
59	2965	1
59	644	1
59	2966	1
59	647	1
59	729	1
59	3022	1
59	3028	1
59	933	1
59	3142	1
59	3288	1
59	2365	1
59	2388	1
59	3309	1
59	3315	1
60	178	1
60	228	1
60	379	1
60	494	1
60	953	1
60	1017	1
60	1219	1
60	1231	1
60	1276	1
60	1689	1
60	1879	1
60	1954	1
60	1965	1
60	2110	1
60	2408	1
60	2739	1
60	500	1
61	79	1
61	352	1
61	629	1
61	816	1
61	820	1
61	827	1
61	868	1
62	109	1
62	291	1
62	1217	1
62	1827	1
62	2199	1
63	2333	1
63	2587	1
63	2647	1
63	2648	1
63	1172	1
64	1013	1
64	1217	1
64	1269	1
64	1739	1
64	2466	1
64	2560	1
64	2594	1
65	992	1
65	1026	1
65	1032	1
65	1299	1
65	1350	1
65	1353	1
65	1421	1
65	1978	1
65	2496	1
65	2564	1
65	2726	1
66	2	1
66	430	1
66	1558	1
66	2053	1
66	2240	1
67	1765	1
67	1998	1
67	2073	1
67	2251	1
67	2421	1
68	324	1
68	653	1
68	2203	1
68	2284	1
68	2310	1
68	2355	1
68	2559	1
68	2762	1
69	523	1
69	609	1
69	621	1
69	662	1
69	692	1
69	780	1
69	785	1
69	794	1
69	801	1
69	907	1
69	913	1
69	1113	1
69	1170	1
69	1217	1
69	1435	1
69	1500	1
69	2340	1
69	2654	1
70	1485	1
70	1518	1
70	1564	1
70	1580	1
70	1633	1
71	554	1
71	996	1
71	2094	1
71	2328	1
71	2341	1
71	2729	1
72	2	1
72	352	1
72	384	1
72	653	1
72	1007	1
72	1217	1
72	1345	1
72	1429	1
72	1471	1
72	2023	1
72	2295	1
72	2314	1
72	2439	1
72	2510	1
72	2571	1
72	2686	1
72	2753	1
73	1625	1
73	2202	1
73	2206	1
73	2220	1
73	2226	1
73	2238	1
73	2379	1
73	2387	1
73	2422	1
74	529	1
74	1785	1
74	1909	1
74	1915	1
74	2019	1
75	48	1
75	78	1
75	88	1
75	124	1
75	186	1
75	510	1
75	512	1
75	722	1
75	726	1
75	747	1
75	760	1
75	834	1
75	1052	1
75	1226	1
75	1240	1
75	1407	1
75	1563	1
75	1677	1
75	1694	1
75	1706	1
75	1746	1
75	1810	1
75	1824	1
75	1879	1
75	1913	1
75	1947	1
75	1965	1
75	2116	1
75	2127	1
75	2128	1
75	2200	1
75	2232	1
75	2246	1
75	2247	1
75	2316	1
75	2323	1
75	2336	1
75	2350	1
75	2382	1
75	2457	1
75	2788	1
75	513	1
75	3079	1
75	3089	1
75	3138	1
75	3150	1
75	1809	1
75	3250	1
76	129	1
76	372	1
76	373	1
76	557	1
76	564	1
76	584	1
76	595	1
76	596	1
76	683	1
76	693	1
76	705	1
76	790	1
76	801	1
76	984	1
76	1021	1
76	1031	1
76	1053	1
76	1093	1
76	1147	1
76	1152	1
76	1179	1
76	1243	1
76	1244	1
76	1266	1
76	1278	1
76	1381	1
76	1494	1
76	1499	1
76	1559	1
76	1584	1
76	1614	1
76	1628	1
76	1629	1
76	1636	1
76	1664	1
76	1685	1
76	1794	1
76	1797	1
76	1808	1
76	1849	1
76	1928	1
76	1930	1
76	1933	1
76	1934	1
76	1935	1
76	1936	1
76	1989	1
76	2004	1
76	2052	1
76	2101	1
76	2142	1
76	2270	1
76	289	1
76	944	1
76	1131	1
76	3193	1
76	1607	1
77	30	1
77	486	1
77	590	1
77	692	1
77	1294	1
77	1753	1
78	352	1
78	1527	1
78	1704	1
78	1915	1
78	1965	1
78	2084	1
78	2508	1
78	3044	1
78	1556	1
78	2238	1
79	180	1
79	282	1
79	285	1
79	345	1
79	346	1
79	385	1
79	601	1
79	891	1
79	1005	1
79	1242	1
79	2195	1
79	3155	1
79	3248	1
80	1912	1
80	2116	1
80	2247	1
80	2273	1
80	2537	1
80	2545	1
80	2755	1
80	2756	1
81	745	1
81	1149	1
81	1231	1
81	1251	1
81	1871	1
81	3190	1
81	3191	1
82	194	1
82	1043	1
82	1181	1
82	1732	1
82	2608	1
83	45	1
83	2107	1
83	2131	1
83	2162	1
83	2165	1
83	2214	1
83	2249	1
83	2251	1
83	2330	1
83	2334	1
83	2391	1
83	2393	1
83	2524	1
83	2525	1
83	2526	1
83	2523	1
83	2587	1
83	2731	1
83	1540	1
83	3217	1
83	2389	1
83	3324	1
83	3325	1
84	244	1
84	406	1
84	622	1
84	830	1
84	883	1
84	3101	1
84	1066	1
84	3152	1
85	509	1
85	1273	1
85	1413	1
85	1442	1
85	2415	1
86	77	1
86	979	1
86	980	1
86	1218	1
86	1362	1
86	1517	1
86	1799	1
86	1827	1
86	2045	1
86	2211	1
86	2213	1
86	2392	1
86	2653	1
86	2654	1
86	2764	1
86	1344	1
86	1877	1
87	947	1
87	1285	1
87	1343	1
87	1500	1
87	1643	1
87	1645	1
87	1753	1
87	1775	1
87	1776	1
88	731	1
88	801	1
88	1276	1
88	1316	1
88	1357	1
88	1384	1
88	1710	1
88	2110	1
88	2931	1
88	662	1
88	2989	1
88	727	1
89	1167	1
89	1625	1
89	1643	1
89	1647	1
89	1968	1
89	2044	1
89	2045	1
89	2093	1
89	2114	1
89	2151	1
89	2285	1
89	2508	1
89	515	1
89	791	1
89	1362	1
89	1518	1
89	3196	1
89	1606	1
89	1619	1
89	3208	1
89	2011	1
89	2074	1
89	2136	1
90	867	1
90	1322	1
90	1558	1
90	1633	1
90	1640	1
90	1646	1
90	1659	1
90	1704	1
90	2168	1
90	2365	1
90	2367	1
91	1415	1
91	1578	1
91	1627	1
91	1686	1
91	1712	1
91	1861	1
91	1954	1
91	1965	1
91	2154	1
91	2245	1
91	2348	1
91	2603	1
91	3272	1
91	3317	1
92	800	1
92	820	1
92	959	1
92	1171	1
92	1239	1
92	1367	1
92	1753	1
92	1855	1
92	2066	1
92	250	1
93	1048	1
93	1068	1
93	1172	1
93	1207	1
93	1272	1
93	1415	1
93	3183	1
94	24	1
94	31	1
94	53	1
94	146	1
94	157	1
94	162	1
94	169	1
94	243	1
94	424	1
94	463	1
94	498	1
94	728	1
94	777	1
94	940	1
94	1088	1
94	1092	1
94	1122	1
94	1325	1
94	1433	1
94	1537	1
94	1751	1
94	1919	1
94	2003	1
94	2035	1
94	2038	1
94	2145	1
94	2147	1
94	2149	1
94	2150	1
94	2153	1
94	2155	1
94	2159	1
94	2166	1
94	2169	1
94	2216	1
94	2217	1
94	2218	1
94	3194	1
94	3211	1
94	3251	1
94	2022	1
95	735	1
95	1701	1
95	1770	1
95	1775	1
95	1776	1
96	108	1
96	205	1
96	316	1
96	489	1
96	539	1
96	542	1
96	546	1
96	572	1
96	574	1
96	636	1
96	1131	1
96	1146	1
96	1441	1
96	262	1
96	563	1
96	2940	1
97	1217	1
97	1231	1
97	1258	1
97	1343	1
97	1399	1
97	1470	1
97	1486	1
97	1545	1
97	1701	1
97	2085	1
98	32	1
98	287	1
98	958	1
98	1776	1
98	2226	1
98	2333	1
98	2568	1
98	2619	1
98	2648	1
98	2792	1
98	235	1
98	1271	1
98	3271	1
99	97	1
99	326	1
99	2860	1
99	2866	1
99	515	1
99	711	1
99	3157	1
100	192	1
100	526	1
100	1027	1
100	1473	1
100	1784	1
100	464	1
101	456	1
101	502	1
101	1412	1
101	1421	1
101	1703	1
101	3174	1
102	908	1
102	1739	1
102	2045	1
102	2508	1
102	1112	1
103	108	1
103	291	1
103	1383	1
103	1429	1
103	1739	1
103	2160	1
103	2182	1
103	2293	1
103	2380	1
103	2862	1
104	1219	1
104	1958	1
104	2228	1
104	2282	1
104	2321	1
105	303	1
105	859	1
105	1128	1
105	1339	1
105	1591	1
106	291	1
106	552	1
106	1259	1
106	1739	1
106	1956	1
106	1965	1
106	1053	1
107	395	1
107	936	1
107	1396	1
107	1408	1
107	1543	1
107	1625	1
107	1633	1
107	1894	1
108	284	1
108	2136	1
108	2213	1
108	2225	1
108	2334	1
109	193	1
109	319	1
109	562	1
109	1162	1
109	1203	1
109	1320	1
109	1343	1
109	1643	1
109	1645	1
109	2144	1
109	2364	1
109	2366	1
109	2367	1
109	2775	1
109	231	1
109	2899	1
109	489	1
109	2933	1
109	3030	1
109	1004	1
109	3086	1
109	3109	1
110	1878	1
110	2042	1
110	2118	1
110	2157	1
110	2654	1
111	1073	1
111	1217	1
111	1499	1
111	1824	1
111	1923	1
111	1957	1
111	2167	1
112	19	1
112	60	1
112	63	1
112	64	1
112	144	1
112	223	1
112	261	1
112	263	1
112	509	1
113	20	1
113	747	1
113	850	1
113	1425	1
113	1609	1
113	1857	1
113	1909	1
114	378	1
114	441	1
114	459	1
114	666	1
114	682	1
114	742	1
114	745	1
114	1198	1
114	1220	1
114	1303	1
114	1376	1
114	1383	1
114	1649	1
114	1866	1
114	2013	1
115	1380	1
115	1696	1
115	1787	1
115	1796	1
115	1824	1
115	1871	1
115	1906	1
115	1927	1
115	2052	1
115	2061	1
115	2074	1
115	2101	1
115	2133	1
116	57	1
116	1238	1
116	1659	1
116	1778	1
116	1909	1
117	489	1
117	964	1
117	1018	1
117	1380	1
117	1595	1
117	1659	1
117	1836	1
117	1850	1
117	1916	1
117	1917	1
117	1925	1
117	2551	1
117	2068	1
117	2383	1
118	162	1
118	212	1
118	492	1
118	575	1
118	704	1
118	718	1
118	1138	1
118	1439	1
118	2989	1
118	818	1
119	240	1
119	375	1
119	387	1
119	388	1
119	419	1
119	875	1
119	2843	1
120	386	1
120	447	1
120	766	1
120	776	1
120	1193	1
120	1343	1
120	1741	1
120	1823	1
121	1527	1
121	1785	1
121	2396	1
121	2522	1
121	19	1
121	2355	1
122	496	1
122	972	1
122	974	1
122	1208	1
122	1291	1
122	1909	1
122	1965	1
123	722	1
123	975	1
123	1366	1
123	834	1
123	3100	1
123	1279	1
123	1847	1
124	59	1
124	100	1
124	239	1
124	276	1
124	310	1
124	1028	1
124	1030	1
124	1181	1
124	1236	1
124	1298	1
124	1322	1
124	1436	1
124	1487	1
124	1542	1
124	1555	1
124	1558	1
124	1580	1
124	1606	1
124	1655	1
124	1660	1
124	1662	1
124	1710	1
124	1731	1
124	1767	1
124	1775	1
124	1791	1
124	1811	1
124	1821	1
124	1826	1
124	1825	1
124	1877	1
124	1884	1
124	1929	1
124	1967	1
124	2000	1
124	2019	1
124	2057	1
124	2073	1
124	2168	1
124	2173	1
124	2177	1
124	2205	1
124	2224	1
124	2226	1
124	2233	1
124	2320	1
124	2343	1
124	2377	1
124	2391	1
124	2408	1
124	2429	1
124	2490	1
124	2629	1
124	2663	1
125	1630	1
125	1713	1
125	1983	1
125	1986	1
125	2100	1
126	510	1
126	1219	1
126	1231	1
126	1273	1
126	1614	1
126	1654	1
126	1656	1
126	1657	1
126	1680	1
126	1689	1
126	1837	1
126	2104	1
126	2071	1
127	182	1
127	400	1
127	404	1
127	503	1
127	945	1
127	1238	1
127	1710	1
127	1741	1
127	1765	1
127	1948	1
127	2021	1
127	2048	1
127	2153	1
127	2178	1
127	2190	1
127	2585	1
127	2654	1
128	109	1
128	197	1
128	1217	1
128	1830	1
128	3211	1
129	118	1
129	457	1
129	1015	1
129	2044	1
129	2045	1
129	2084	1
129	2147	1
130	94	1
130	210	1
130	211	1
130	388	1
130	2838	1
131	1877	1
131	2557	1
131	2573	1
131	2598	1
131	2673	1
131	2787	1
132	329	1
132	656	1
132	1164	1
132	1217	1
132	1285	1
132	1633	1
132	1645	1
132	1647	1
132	1709	1
133	473	1
133	730	1
133	737	1
133	780	1
133	985	1
133	1033	1
133	1534	1
133	1598	1
133	1724	1
133	1783	1
133	1835	1
133	1946	1
133	1959	1
133	1965	1
133	1970	1
133	2039	1
133	2079	1
133	2109	1
133	2474	1
133	3236	1
133	1961	1
133	2155	1
134	568	1
134	754	1
134	903	1
134	1114	1
134	2515	1
135	194	1
135	638	1
135	646	1
135	808	1
135	1790	1
135	2327	1
136	1500	1
136	2044	1
136	2278	1
136	2398	1
136	2446	1
136	2490	1
136	2507	1
136	2551	1
136	2579	1
136	2607	1
136	2613	1
136	2614	1
136	2629	1
136	2658	1
136	2750	1
136	2976	1
136	1634	1
136	3216	1
136	1775	1
137	144	1
137	367	1
137	784	1
137	821	1
137	1432	1
137	1628	1
137	1630	1
137	2171	1
137	2270	1
137	2517	1
137	3203	1
137	3275	1
138	259	1
138	506	1
138	561	1
138	1221	1
138	1234	1
138	1606	1
138	1652	1
138	1711	1
138	1741	1
138	1770	1
138	1773	1
138	1775	1
138	1785	1
138	1815	1
138	1826	1
138	1828	1
138	1835	1
138	1877	1
138	1894	1
138	1902	1
138	1914	1
138	2006	1
138	2039	1
138	2042	1
138	2065	1
138	2077	1
138	2081	1
138	2115	1
138	2224	1
138	2284	1
138	3238	1
138	3261	1
139	127	1
139	143	1
139	163	1
139	854	1
139	2111	1
139	583	1
139	594	1
139	600	1
140	293	1
140	433	1
140	1740	1
140	1741	1
140	1785	1
140	2019	1
140	2062	1
140	2159	1
140	1033	1
140	1649	1
141	1790	1
141	2001	1
141	2008	1
141	2083	1
141	2513	1
142	1293	1
142	1449	1
142	1515	1
142	1922	1
142	1923	1
142	1969	1
142	1980	1
142	1992	1
142	3178	1
142	1982	1
143	1180	1
143	1293	1
143	1581	1
143	1583	1
143	1730	1
143	1750	1
143	1787	1
143	1824	1
144	595	1
144	744	1
144	814	1
144	857	1
144	1493	1
144	1765	1
144	1815	1
144	3014	1
144	3130	1
144	1549	1
145	428	1
145	702	1
145	848	1
145	1134	1
145	1615	1
145	1734	1
145	1753	1
146	1095	1
146	2816	1
146	421	1
146	2912	1
146	580	1
146	781	1
146	817	1
146	3067	1
146	1156	1
147	189	1
147	1047	1
147	1259	1
147	1301	1
147	1325	1
147	2596	1
147	1284	1
147	3162	1
147	1342	1
148	75	1
148	1275	1
148	1343	1
148	1436	1
148	1647	1
149	1718	1
149	1836	1
149	2334	1
149	2508	1
149	2645	1
149	2667	1
149	2342	1
149	2383	1
150	63	1
150	70	1
150	99	1
150	776	1
150	962	1
150	1320	1
151	488	1
151	521	1
151	710	1
151	2987	1
151	2992	1
151	3006	1
152	767	1
152	769	1
152	1197	1
152	1201	1
152	1359	1
152	1709	1
152	2019	1
153	1553	1
153	1775	1
153	1766	1
153	1970	1
153	3251	1
154	1378	1
154	1400	1
154	1615	1
154	1633	1
154	1645	1
155	426	1
155	443	1
155	1374	1
155	1436	1
155	1500	1
156	473	1
156	1042	1
156	1645	1
156	1833	1
156	1836	1
156	2569	1
157	1638	1
157	2200	1
157	2446	1
157	2772	1
157	2817	1
158	728	1
158	1306	1
158	1505	1
158	1594	1
158	1699	1
158	2079	1
159	315	1
159	466	1
159	530	1
159	669	1
159	1191	1
159	1314	1
159	1471	1
159	1530	1
159	1710	1
159	1848	1
159	1900	1
159	2654	1
159	2686	1
159	317	1
159	3217	1
160	1317	1
160	1827	1
160	2029	1
160	2141	1
160	2400	1
161	812	1
161	1265	1
161	1266	1
161	1568	1
161	1573	1
161	1918	1
161	1966	1
161	2229	1
162	1316	1
162	1342	1
162	1492	1
162	1493	1
162	1500	1
162	2050	1
163	17	1
163	319	1
163	369	1
163	673	1
163	729	1
163	792	1
163	1154	1
163	1226	1
163	1965	1
164	115	1
164	165	1
164	904	1
164	1141	1
164	1198	1
164	1199	1
164	1902	1
164	2504	1
165	284	1
165	403	1
165	575	1
165	784	1
165	1007	1
165	1196	1
165	2523	1
165	2628	1
165	2651	1
165	3031	1
165	3033	1
166	741	1
166	1276	1
166	1325	1
166	1357	1
166	1362	1
166	1436	1
166	1473	1
166	2110	1
167	1311	1
167	2221	1
167	2302	1
167	6	1
167	2814	1
167	463	1
167	486	1
167	3111	1
167	1436	1
168	216	1
168	458	1
168	995	1
168	1541	1
168	1866	1
168	2055	1
168	2393	1
168	2686	1
169	435	1
169	455	1
169	1550	1
169	1566	1
169	1626	1
170	1826	1
170	1897	1
170	2036	1
170	2665	1
170	2730	1
171	13	1
171	88	1
171	99	1
171	100	1
171	1264	1
171	2976	1
172	514	1
172	1563	1
172	1673	1
172	2270	1
172	2453	1
172	2587	1
172	2642	1
172	2776	1
172	2859	1
172	2985	1
172	1729	1
172	1911	1
173	728	1
173	912	1
173	1248	1
173	1377	1
173	1616	1
173	2084	1
173	2160	1
173	2163	1
173	2247	1
173	2248	1
173	2562	1
173	2502	1
174	584	1
174	745	1
174	2013	1
174	2258	1
174	21	1
175	23	1
175	728	1
175	969	1
175	1205	1
175	1238	1
175	1374	1
175	1741	1
175	1989	1
176	1000	1
176	1257	1
176	2221	1
176	556	1
176	744	1
176	748	1
176	814	1
176	1136	1
177	280	1
177	746	1
177	1390	1
177	1482	1
177	1599	1
177	1785	1
177	1862	1
177	1909	1
177	1965	1
177	2019	1
177	2073	1
177	2284	1
178	1269	1
178	1335	1
178	1721	1
178	1891	1
178	2610	1
178	2639	1
179	32	1
179	385	1
179	1040	1
179	1269	1
179	1461	1
179	1564	1
179	1753	1
179	1814	1
180	843	1
180	1210	1
180	1710	1
180	1741	1
180	1775	1
180	1779	1
180	1784	1
180	1909	1
180	1915	1
180	1916	1
180	1917	1
180	1948	1
180	1958	1
180	1965	1
180	2079	1
180	2157	1
180	2222	1
180	2224	1
180	2226	1
180	2284	1
180	2289	1
180	2349	1
180	2359	1
180	2385	1
180	2443	1
180	2659	1
180	3186	1
180	3316	1
181	27	1
181	82	1
181	162	1
181	231	1
181	400	1
181	481	1
181	524	1
181	718	1
181	997	1
182	1014	1
182	1233	1
182	1246	1
182	1255	1
182	1832	1
183	1562	1
183	1879	1
183	2437	1
183	2550	1
183	2569	1
184	653	1
184	918	1
184	1235	1
184	2477	1
184	2699	1
185	63	1
185	540	1
185	591	1
185	680	1
185	1166	1
185	1229	1
185	1646	1
185	1760	1
185	1764	1
185	2498	1
185	2535	1
185	962	1
186	1213	1
186	1218	1
186	1503	1
186	1675	1
186	2038	1
186	2062	1
186	2108	1
186	1771	1
187	311	1
187	1517	1
187	1547	1
187	1700	1
187	2380	1
187	2397	1
187	2412	1
187	2535	1
187	2657	1
187	2674	1
187	2685	1
187	2687	1
187	2689	1
187	2690	1
187	2704	1
187	2708	1
187	2711	1
187	2712	1
187	2713	1
187	2716	1
187	2719	1
187	2733	1
187	2741	1
187	2761	1
187	918	1
188	48	1
188	60	1
188	80	1
188	435	1
188	501	1
188	671	1
188	1237	1
188	1334	1
188	1453	1
188	1502	1
188	1525	1
188	1625	1
188	1626	1
188	1677	1
188	1731	1
188	1835	1
188	2200	1
188	2228	1
189	342	1
189	1995	1
189	2120	1
189	2263	1
189	2346	1
189	2419	1
189	2521	1
189	2527	1
189	2542	1
189	2565	1
189	2906	1
189	3247	1
189	1966	1
190	109	1
190	1217	1
190	1358	1
190	1436	1
190	1533	1
190	196	1
190	256	1
190	1020	1
190	1027	1
190	1029	1
190	1194	1
190	1252	1
190	1320	1
190	1322	1
190	1323	1
190	1325	1
190	1472	1
190	2250	1
191	201	1
191	284	1
191	302	1
191	643	1
191	736	1
191	759	1
191	783	1
191	792	1
191	969	1
191	971	1
191	1407	1
191	2898	1
191	2968	1
192	889	1
192	1861	1
192	1954	1
192	2376	1
192	2669	1
193	182	1
193	2044	1
193	2045	1
193	2117	1
193	2118	1
193	2151	1
193	2189	1
193	2190	1
193	2276	1
193	2916	1
193	499	1
193	2917	1
193	579	1
194	417	1
194	958	1
194	2709	1
194	2947	1
194	937	1
194	940	1
194	941	1
194	2710	1
195	289	1
195	788	1
195	4	1
195	2910	1
195	3087	1
196	496	1
196	633	1
196	721	1
196	1064	1
196	1126	1
196	1193	1
196	1406	1
196	1435	1
196	1436	1
196	1711	1
196	1965	1
196	2221	1
196	2381	1
196	2700	1
196	2701	1
196	2749	1
196	440	1
196	3027	1
196	3096	1
196	3110	1
197	9	1
197	98	1
197	200	1
197	234	1
197	277	1
197	622	1
197	813	1
197	889	1
197	916	1
197	953	1
197	958	1
197	1108	1
197	1117	1
197	1443	1
197	1802	1
197	1954	1
197	2019	1
197	2062	1
197	2150	1
197	2233	1
197	2243	1
197	2260	1
197	2261	1
197	2363	1
197	2367	1
197	2422	1
197	2436	1
197	2458	1
197	2478	1
197	2500	1
197	2522	1
197	2533	1
197	2550	1
197	2574	1
197	2579	1
197	2580	1
197	2600	1
197	2614	1
197	2635	1
197	2654	1
197	2682	1
197	2779	1
197	2785	1
197	2791	1
197	2823	1
197	2835	1
197	2836	1
197	273	1
197	293	1
197	445	1
197	2936	1
197	2947	1
197	604	1
197	2996	1
197	789	1
197	3126	1
197	3300	1
197	2410	1
197	2442	1
197	2473	1
197	2593	1
197	2608	1
198	183	1
198	185	1
198	190	1
198	189	1
198	1569	1
199	13	1
199	29	1
199	31	1
199	34	1
199	178	1
199	201	1
199	258	1
199	322	1
199	457	1
199	523	1
199	529	1
199	559	1
199	623	1
199	631	1
199	718	1
199	759	1
199	804	1
199	921	1
199	959	1
199	976	1
199	986	1
199	1041	1
199	1138	1
199	1159	1
199	1212	1
199	1364	1
199	1372	1
199	1455	1
199	1467	1
199	1501	1
199	1588	1
199	1680	1
199	1746	1
199	1850	1
199	1865	1
199	1879	1
199	1887	1
199	1888	1
199	1890	1
199	1901	1
199	1923	1
199	1925	1
199	1927	1
199	1980	1
199	1989	1
199	2054	1
199	2095	1
199	2546	1
199	1059	1
199	1133	1
200	350	1
200	1480	1
200	1523	1
200	1717	1
200	1924	1
200	2016	1
201	89	1
201	131	1
201	151	1
201	1909	1
201	2009	1
202	10	1
202	127	1
202	254	1
202	275	1
202	348	1
202	457	1
202	478	1
202	504	1
202	627	1
202	987	1
202	1077	1
202	1177	1
202	1643	1
203	224	1
203	420	1
203	421	1
203	691	1
203	728	1
203	816	1
203	1784	1
204	1492	1
204	1543	1
204	1735	1
204	1787	1
204	1975	1
205	453	1
205	508	1
205	798	1
205	950	1
205	1007	1
205	1269	1
205	2071	1
205	2681	1
205	94	1
206	14	1
206	1630	1
206	1984	1
206	1986	1
206	1987	1
206	1995	1
206	2091	1
206	2102	1
206	2105	1
206	2106	1
206	2170	1
206	2237	1
206	3146	1
207	56	1
207	587	1
207	876	1
207	1276	1
207	2110	1
208	238	1
208	339	1
208	609	1
208	851	1
208	949	1
208	1113	1
208	1637	1
208	1727	1
208	1910	1
208	1952	1
208	2113	1
208	2168	1
209	86	1
209	316	1
209	319	1
209	359	1
209	385	1
209	564	1
209	776	1
209	879	1
209	965	1
209	1112	1
209	1784	1
209	2053	1
209	2523	1
209	2578	1
209	2654	1
209	2762	1
209	147	1
209	229	1
209	230	1
209	244	1
209	371	1
209	2934	1
209	585	1
209	2945	1
209	626	1
209	652	1
209	675	1
209	862	1
209	890	1
209	3082	1
209	1091	1
209	3124	1
209	1452	1
209	1646	1
209	1830	1
209	2051	1
209	2674	1
210	140	1
210	146	1
210	162	1
210	169	1
210	1121	1
211	223	1
211	2122	1
211	2507	1
211	2645	1
211	2737	1
212	365	1
212	894	1
212	1343	1
212	1370	1
212	1492	1
212	1924	1
212	2362	1
212	2569	1
212	2655	1
213	96	1
213	376	1
213	613	1
213	653	1
213	1016	1
213	1497	1
213	1785	1
213	1825	1
213	2138	1
213	2276	1
213	2334	1
213	3032	1
213	1993	1
214	1341	1
214	1349	1
214	1352	1
214	1378	1
214	1500	1
215	169	1
215	1358	1
215	1724	1
215	1785	1
215	1965	1
215	2179	1
215	3069	1
216	1429	1
216	2160	1
216	2211	1
216	2448	1
216	2447	1
217	1785	1
217	2122	1
217	2121	1
217	2123	1
217	2126	1
218	484	1
218	828	1
218	1073	1
218	1278	1
218	1329	1
218	1774	1
219	698	1
219	763	1
219	1057	1
219	1318	1
219	1341	1
219	1744	1
219	1905	1
219	2006	1
219	3255	1
220	415	1
220	607	1
220	1435	1
220	1965	1
220	2019	1
220	2386	1
220	2881	1
221	660	1
221	1126	1
221	1313	1
221	1555	1
221	3208	1
222	157	1
222	162	1
222	583	1
222	600	1
222	1042	1
223	63	1
223	83	1
223	819	1
223	1530	1
223	1843	1
223	2751	1
224	58	1
224	112	1
224	1489	1
224	1812	1
224	2486	1
224	2582	1
224	2639	1
224	2671	1
224	2	1
224	1292	1
225	41	1
225	633	1
225	2301	1
225	1867	1
225	2472	1
225	3326	1
226	2122	1
226	2581	1
226	2615	1
226	2622	1
226	2629	1
226	2654	1
227	26	1
227	378	1
227	439	1
227	772	1
227	829	1
227	848	1
227	1039	1
227	1059	1
227	1154	1
227	1156	1
227	1268	1
227	1867	1
227	1868	1
227	1972	1
227	2472	1
227	2942	1
228	797	1
228	2161	1
228	2753	1
228	134	1
228	138	1
228	3128	1
228	1187	1
228	3145	1
229	26	1
229	126	1
229	1446	1
229	1553	1
229	3022	1
230	332	1
230	881	1
230	1071	1
230	1787	1
230	1814	1
230	2101	1
230	2119	1
231	585	1
231	674	1
231	778	1
231	395	1
231	705	1
231	724	1
231	3030	1
231	3164	1
232	325	1
232	1436	1
232	1589	1
232	1692	1
232	1766	1
232	1785	1
232	1793	1
232	1819	1
232	1820	1
232	1873	1
232	1892	1
232	1908	1
232	1970	1
232	2436	1
233	123	1
233	355	1
233	356	1
233	1259	1
233	1463	1
233	1736	1
234	281	1
234	2067	1
234	2445	1
234	2449	1
234	2462	1
234	2632	1
234	2660	1
234	2694	1
234	2705	1
234	2722	1
234	609	1
234	2590	1
235	400	1
235	547	1
235	1763	1
235	2006	1
235	2300	1
235	3280	1
236	496	1
236	519	1
236	724	1
236	828	1
236	1154	1
236	1192	1
236	1231	1
236	1451	1
236	1533	1
236	1556	1
236	1620	1
236	1771	1
236	1786	1
236	1791	1
236	1820	1
236	1826	1
236	1825	1
236	1877	1
236	1900	1
236	1914	1
236	2022	1
236	2029	1
236	2036	1
237	223	1
237	507	1
237	916	1
237	1512	1
237	2111	1
237	523	1
237	3026	1
237	3136	1
237	3180	1
238	501	1
238	510	1
238	1279	1
238	1562	1
238	1677	1
238	1725	1
238	1847	1
238	47	1
239	1571	1
239	1572	1
239	1869	1
239	1987	1
239	2103	1
239	2106	1
240	83	1
240	126	1
240	1122	1
240	1168	1
240	1900	1
240	2458	1
241	5	1
241	148	1
241	160	1
241	285	1
241	617	1
241	628	1
241	781	1
241	784	1
241	817	1
241	860	1
241	926	1
241	1006	1
241	1316	1
241	1406	1
241	2216	1
241	2910	1
241	625	1
241	3027	1
242	584	1
242	827	1
242	1219	1
242	1500	1
242	2294	1
243	714	1
243	1303	1
243	1354	1
243	1509	1
243	1532	1
243	1539	1
243	1567	1
243	1568	1
243	1570	1
243	1571	1
243	1573	1
243	1575	1
243	1576	1
243	1641	1
243	1648	1
243	1757	1
243	1841	1
243	1846	1
243	1883	1
243	2025	1
243	2091	1
243	2102	1
243	2103	1
243	2104	1
243	2105	1
243	2244	1
244	373	1
244	1380	1
244	1521	1
244	1787	1
244	1824	1
244	1836	1
244	1871	1
244	2335	1
245	22	1
245	751	1
245	1166	1
245	1940	1
245	2223	1
246	18	1
246	223	1
246	322	1
246	500	1
246	742	1
246	766	1
246	823	1
246	459	1
247	106	1
247	446	1
247	688	1
247	1155	1
247	1861	1
247	1958	1
247	1965	1
248	233	1
248	295	1
248	346	1
248	487	1
248	648	1
248	1105	1
248	1117	1
248	1566	1
248	1633	1
248	1658	1
248	1806	1
248	1818	1
248	1862	1
248	1863	1
248	1909	1
249	697	1
249	792	1
249	797	1
249	1455	1
249	1738	1
250	1500	1
250	2334	1
250	2356	1
250	2429	1
250	2507	1
250	2508	1
250	2660	1
250	2596	1
251	635	1
251	704	1
251	756	1
251	773	1
251	2994	1
252	198	1
252	665	1
252	1383	1
252	1582	1
252	1667	1
252	1731	1
252	1948	1
252	1991	1
252	2019	1
252	2033	1
252	2044	1
252	2053	1
252	2079	1
252	2093	1
252	2122	1
252	2151	1
252	2490	1
252	1811	1
252	2285	1
253	21	1
253	388	1
253	1154	1
253	1265	1
253	1646	1
253	377	1
254	223	1
254	610	1
254	1145	1
254	2184	1
254	2303	1
255	664	1
255	1096	1
255	1385	1
255	1490	1
255	1546	1
255	1722	1
255	1829	1
255	1832	1
255	332	1
255	3223	1
256	295	1
256	354	1
256	438	1
256	1105	1
256	1197	1
256	1413	1
256	2181	1
256	2255	1
256	2284	1
256	2287	1
256	2375	1
256	2415	1
256	2584	1
256	2638	1
256	2748	1
256	2805	1
256	2807	1
256	2825	1
256	233	1
256	330	1
256	2909	1
256	2914	1
256	2963	1
256	650	1
256	2998	1
256	3091	1
256	1058	1
256	1086	1
256	1177	1
256	2028	1
256	2146	1
257	1322	1
257	1533	1
257	1659	1
257	1753	1
257	1793	1
257	1221	1
258	1343	1
258	1487	1
258	1510	1
258	1598	1
258	1606	1
258	1645	1
258	1647	1
258	1655	1
258	1659	1
258	1679	1
258	1710	1
258	1790	1
258	2393	1
259	46	1
259	296	1
259	792	1
259	2110	1
259	2782	1
259	166	1
259	199	1
259	2872	1
259	2959	1
259	2984	1
259	3080	1
260	139	1
260	204	1
260	598	1
260	1068	1
260	1124	1
260	1445	1
260	1440	1
260	3224	1
260	3227	1
261	1820	1
261	1873	1
261	1909	1
261	1958	1
261	1970	1
261	2019	1
261	2062	1
261	2147	1
261	3039	1
261	1920	1
261	1962	1
261	2003	1
261	2108	1
261	2146	1
261	2243	1
262	1651	1
262	1820	1
262	1892	1
262	1961	1
262	1908	1
263	180	1
263	413	1
263	1710	1
263	2122	1
263	2596	1
263	2749	1
264	555	1
264	556	1
264	1071	1
264	1311	1
264	1462	1
264	1701	1
264	1722	1
264	1829	1
264	3084	1
264	3223	1
265	1231	1
265	1562	1
265	1563	1
265	1710	1
265	1814	1
266	1612	1
266	1632	1
266	1814	1
266	2236	1
266	2271	1
266	2567	1
266	2650	1
266	2698	1
266	2725	1
266	2766	1
266	1532	1
266	1883	1
266	2553	1
267	9	1
267	273	1
267	1093	1
267	2819	1
267	917	1
267	3072	1
268	315	1
268	335	1
268	637	1
268	711	1
268	1212	1
268	1280	1
268	1318	1
268	1495	1
268	1497	1
268	1744	1
268	1755	1
268	1825	1
268	1826	1
268	2131	1
268	2137	1
268	2162	1
268	2304	1
268	2331	1
268	2354	1
268	2431	1
268	2621	1
268	2730	1
268	2759	1
268	152	1
269	256	1
269	2803	1
269	368	1
269	2923	1
269	3182	1
270	101	1
270	105	1
270	150	1
270	329	1
270	409	1
270	751	1
270	1424	1
270	1448	1
270	1753	1
270	1778	1
270	1784	1
270	1948	1
270	2062	1
271	2227	1
271	2436	1
271	2473	1
271	2489	1
271	2550	1
271	2555	1
271	2577	1
272	187	1
272	207	1
272	208	1
272	336	1
272	716	1
272	1565	1
272	1589	1
272	1710	1
273	892	1
273	895	1
273	1090	1
273	1524	1
273	1560	1
273	1568	1
273	1571	1
273	1576	1
274	111	1
274	2598	1
274	2626	1
274	2749	1
274	861	1
274	3047	1
274	3117	1
275	230	1
275	890	1
275	2079	1
275	2398	1
275	2664	1
276	1061	1
276	2006	1
276	2818	1
276	3200	1
276	3332	1
277	167	1
277	660	1
277	728	1
277	1787	1
277	2167	1
277	2179	1
277	2553	1
277	2674	1
278	665	1
278	1170	1
278	1357	1
278	1741	1
278	1785	1
278	2044	1
278	2059	1
278	2084	1
278	2093	1
278	2168	1
278	2224	1
278	2228	1
278	2292	1
278	2305	1
278	2379	1
278	2398	1
278	2408	1
278	2478	1
278	2488	1
278	2499	1
278	2616	1
278	2713	1
278	2799	1
278	2856	1
278	3000	1
278	864	1
278	1307	1
278	3269	1
278	2358	1
279	109	1
279	358	1
279	930	1
279	931	1
279	1035	1
279	1390	1
280	32	1
280	65	1
280	98	1
280	573	1
280	586	1
280	727	1
280	728	1
280	1481	1
280	644	1
280	2979	1
281	81	1
281	182	1
281	312	1
281	479	1
281	2062	1
282	984	1
282	1312	1
282	1901	1
282	1923	1
282	1969	1
282	2546	1
283	739	1
283	1157	1
283	2079	1
283	2399	1
283	2668	1
283	2949	1
284	941	1
284	1478	1
284	1751	1
284	2337	1
284	2522	1
285	31	1
285	218	1
285	543	1
285	693	1
285	816	1
285	896	1
285	1062	1
285	1410	1
285	2423	1
285	34	1
285	2773	1
285	61	1
285	2925	1
285	2936	1
285	2976	1
285	777	1
285	790	1
286	722	1
286	1193	1
286	1378	1
286	1734	1
286	1809	1
286	1827	1
286	1913	1
286	2186	1
286	2989	1
287	426	1
287	1569	1
287	1665	1
287	1784	1
287	1575	1
287	1576	1
288	1287	1
288	1365	1
288	1681	1
288	2000	1
288	2165	1
289	1073	1
289	1517	1
289	1858	1
289	1868	1
289	2029	1
290	32	1
290	794	1
290	1114	1
290	1118	1
290	1157	1
290	1267	1
290	1377	1
290	2134	1
290	2294	1
291	1073	1
291	1211	1
291	1533	1
291	2122	1
291	2124	1
291	2336	1
291	3014	1
291	1492	1
291	1493	1
292	1252	1
292	1325	1
292	1665	1
292	1753	1
292	1965	1
292	2130	1
292	2357	1
292	2507	1
292	2643	1
293	884	1
293	1231	1
293	1520	1
293	1632	1
293	1685	1
293	1808	1
293	1895	1
293	1932	1
293	1933	1
293	1938	1
294	176	1
294	211	1
294	357	1
294	577	1
294	653	1
294	696	1
294	825	1
294	1069	1
294	1087	1
294	1383	1
294	1419	1
294	1546	1
294	1814	1
295	716	1
295	944	1
295	1739	1
295	1741	1
295	1909	1
296	898	1
296	1217	1
296	2110	1
296	2293	1
296	3020	1
296	3056	1
297	1358	1
297	1873	1
297	1909	1
297	1949	1
297	2111	1
298	1301	1
298	1348	1
298	1362	1
298	1496	1
298	1555	1
298	2625	1
299	720	1
299	978	1
299	1386	1
299	1404	1
299	1504	1
299	3042	1
300	351	1
300	581	1
300	1948	1
300	1956	1
300	2341	1
301	54	1
301	387	1
301	1051	1
301	1064	1
301	1218	1
301	1321	1
301	1343	1
301	1362	1
301	1429	1
301	1468	1
301	1550	1
301	1558	1
301	1619	1
301	1643	1
301	1665	1
301	1799	1
301	1915	1
301	2137	1
302	1927	1
302	2271	1
302	2567	1
302	2656	1
302	2721	1
302	2725	1
302	1408	1
302	1455	1
302	1491	1
302	3195	1
302	3209	1
302	1992	1
302	2070	1
302	2095	1
302	2384	1
303	896	1
303	1190	1
303	1252	1
303	1852	1
303	1917	1
303	2121	1
303	2125	1
304	510	1
304	840	1
304	1576	1
304	1787	1
304	1909	1
304	2071	1
305	1846	1
305	1869	1
305	1666	1
305	1893	1
305	1918	1
306	484	1
306	496	1
306	887	1
306	974	1
306	846	1
307	833	1
307	1276	1
307	1548	1
307	2110	1
307	2465	1
308	2358	1
308	2363	1
308	2387	1
308	2608	1
308	2629	1
308	2659	1
308	2661	1
308	2717	1
308	2914	1
308	3125	1
309	1970	1
309	2255	1
309	2470	1
309	2692	1
309	2748	1
309	2754	1
310	68	1
310	106	1
310	133	1
310	175	1
310	532	1
310	588	1
310	586	1
310	590	1
310	595	1
310	640	1
310	644	1
310	647	1
310	649	1
310	650	1
310	651	1
310	655	1
310	678	1
310	683	1
310	687	1
310	717	1
310	744	1
310	743	1
310	752	1
310	779	1
310	813	1
310	814	1
310	838	1
310	856	1
310	858	1
310	889	1
310	933	1
310	957	1
310	1000	1
310	1009	1
310	1117	1
310	1290	1
310	1621	1
310	1747	1
310	2156	1
310	2450	1
310	2451	1
310	2965	1
310	2975	1
310	2979	1
311	1020	1
311	1389	1
311	1390	1
311	1391	1
311	1645	1
312	760	1
312	1331	1
312	1383	1
312	1522	1
312	2044	1
312	2112	1
313	103	1
313	2398	1
313	2621	1
313	2634	1
313	2645	1
313	2700	1
313	2397	1
314	38	1
314	1217	1
314	1318	1
314	1344	1
314	1460	1
314	1507	1
314	1510	1
314	1511	1
314	1526	1
314	1540	1
314	1827	1
314	1876	1
315	1344	1
315	1625	1
315	1731	1
315	1739	1
315	1790	1
315	2317	1
316	96	1
316	589	1
316	1356	1
316	1553	1
316	1815	1
316	1833	1
316	1884	1
316	1904	1
316	1965	1
316	1988	1
316	2056	1
316	187	1
316	2988	1
317	86	1
317	109	1
317	186	1
317	369	1
317	1134	1
317	1193	1
317	1217	1
317	1375	1
317	1390	1
317	1452	1
317	1646	1
317	2675	1
317	2739	1
318	39	1
318	43	1
318	116	1
318	368	1
318	826	1
318	905	1
318	959	1
318	1161	1
318	1637	1
318	1848	1
318	1854	1
318	2139	1
318	2368	1
318	2395	1
318	2433	1
318	3127	1
318	3129	1
319	145	1
319	543	1
319	1230	1
319	1410	1
319	1739	1
319	147	1
319	2860	1
319	2861	1
319	3107	1
320	2278	1
320	2621	1
320	2759	1
320	2528	1
320	3333	1
321	1400	1
321	1428	1
321	1536	1
321	1604	1
321	1718	1
322	908	1
322	1153	1
322	1278	1
322	1437	1
322	2946	1
323	484	1
323	3039	1
323	1478	1
323	1590	1
323	1635	1
324	251	1
324	290	1
324	626	1
324	666	1
324	689	1
324	965	1
324	1120	1
324	2334	1
324	790	1
325	103	1
325	104	1
325	296	1
325	1109	1
325	1168	1
325	1708	1
325	2395	1
326	1549	1
326	1709	1
326	1710	1
326	1731	1
326	1767	1
326	1776	1
326	1779	1
326	1783	1
326	1894	1
326	1900	1
326	1909	1
326	1965	1
326	1990	1
326	2019	1
326	2021	1
326	2033	1
326	2042	1
326	2073	1
326	2093	1
326	2122	1
326	1451	1
326	1811	1
327	288	1
327	942	1
327	1402	1
327	1467	1
327	1474	1
327	1494	1
327	1581	1
327	1584	1
327	1601	1
327	1713	1
327	1730	1
327	1787	1
327	1805	1
327	1824	1
327	1836	1
327	1838	1
327	1839	1
327	1965	1
328	425	1
328	477	1
328	478	1
328	1276	1
328	1409	1
328	1411	1
328	1435	1
328	1436	1
328	1566	1
328	2021	1
328	2110	1
328	1451	1
329	1739	1
329	1799	1
329	1911	1
329	2019	1
329	2033	1
329	2111	1
329	2122	1
330	1605	1
330	2813	1
330	3036	1
330	3189	1
330	2675	1
331	485	1
331	515	1
331	715	1
331	761	1
331	1063	1
331	1146	1
331	1316	1
331	1358	1
331	1554	1
331	1716	1
332	332	1
332	561	1
332	1127	1
332	1175	1
332	1224	1
332	1964	1
332	2418	1
332	2468	1
332	857	1
332	1643	1
333	27	1
333	42	1
333	44	1
333	371	1
333	405	1
333	1059	1
333	3122	1
334	2476	1
334	2693	1
334	2702	1
334	2748	1
334	2758	1
334	1403	1
335	1296	1
335	1397	1
335	1403	1
335	1412	1
335	1863	1
335	1872	1
335	1874	1
335	1955	1
335	1978	1
335	2522	1
335	1962	1
335	1970	1
336	20	1
336	272	1
336	284	1
336	359	1
336	469	1
336	480	1
336	618	1
336	821	1
336	824	1
336	973	1
336	1120	1
336	1137	1
336	1592	1
336	1609	1
336	1639	1
336	1660	1
336	1753	1
336	1913	1
336	2128	1
336	2191	1
336	2200	1
336	2232	1
336	2413	1
336	2607	1
336	2620	1
336	2640	1
336	2756	1
336	402	1
336	3076	1
336	3078	1
336	3113	1
336	1725	1
336	1776	1
336	2209	1
336	2366	1
336	2367	1
336	2369	1
337	228	1
337	566	1
337	1250	1
337	1497	1
337	1536	1
337	2017	1
337	2019	1
337	2021	1
337	2111	1
337	2117	1
337	2177	1
338	291	1
338	766	1
338	1751	1
338	1814	1
338	2531	1
339	20	1
339	923	1
339	1264	1
339	1609	1
339	1896	1
340	945	1
340	2356	1
340	2412	1
340	2506	1
340	2559	1
340	2755	1
340	2756	1
340	2762	1
340	2896	1
340	3266	1
340	3307	1
341	315	1
341	388	1
341	390	1
341	1276	1
341	1907	1
341	2110	1
342	1557	1
342	1596	1
342	1673	1
342	1710	1
342	2019	1
343	399	1
343	848	1
343	1545	1
343	1710	1
343	1741	1
343	1778	1
343	1783	1
343	1839	1
343	2111	1
344	1429	1
344	1517	1
344	1547	1
344	1827	1
344	2341	1
344	2401	1
344	2677	1
345	60	1
345	152	1
345	374	1
345	410	1
345	435	1
345	1247	1
345	3166	1
345	1940	1
346	352	1
346	1098	1
346	2030	1
346	2578	1
346	2749	1
346	287	1
346	2855	1
346	2886	1
346	3188	1
346	3201	1
346	2576	1
346	2606	1
347	702	1
347	728	1
347	1023	1
347	1154	1
347	1868	1
347	2381	1
347	2390	1
347	2627	1
347	3330	1
348	345	1
348	346	1
348	382	1
348	2482	1
348	2815	1
349	242	1
349	1620	1
349	1751	1
349	1965	1
349	2019	1
349	2356	1
349	2550	1
350	930	1
350	931	1
350	1320	1
350	1434	1
350	2079	1
350	2082	1
350	2386	1
350	2395	1
350	2397	1
350	2398	1
350	2622	1
350	2659	1
350	1543	1
350	1544	1
350	1673	1
350	1894	1
350	3246	1
350	2081	1
350	2345	1
350	2385	1
351	393	1
351	423	1
351	428	1
351	653	1
351	1094	1
351	1197	1
351	1920	1
351	2005	1
351	2073	1
351	2228	1
351	2469	1
351	2478	1
351	2564	1
351	2626	1
351	2707	1
351	2897	1
351	733	1
351	3016	1
351	927	1
351	3166	1
351	1999	1
351	2696	1
352	343	1
352	1193	1
352	1485	1
352	1633	1
352	1645	1
353	1825	1
353	1827	1
353	1826	1
353	1828	1
353	2333	1
353	2354	1
354	712	1
354	1744	1
354	2015	1
354	2163	1
354	2306	1
354	2404	1
354	2566	1
354	2588	1
354	2648	1
354	380	1
355	1551	1
355	1979	1
355	2086	1
355	2347	1
355	2531	1
356	743	1
356	1117	1
356	1385	1
356	2194	1
356	2239	1
356	2550	1
356	933	1
357	1217	1
357	1419	1
357	1739	1
357	2679	1
357	658	1
358	289	1
358	1118	1
358	2497	1
358	2575	1
358	2609	1
358	860	1
359	11	1
359	113	1
359	278	1
359	794	1
359	1186	1
359	1382	1
359	215	1
360	450	1
360	1480	1
360	1861	1
360	1954	1
360	2096	1
360	2200	1
361	677	1
361	1258	1
361	1533	1
361	1739	1
361	1915	1
362	166	1
362	226	1
362	1054	1
362	1055	1
362	1056	1
362	1057	1
362	1280	1
362	1321	1
362	1333	1
362	1334	1
362	1340	1
362	1341	1
362	1407	1
362	1435	1
362	1436	1
362	1497	1
362	1556	1
362	1581	1
362	1584	1
362	1643	1
362	1682	1
362	1714	1
362	1715	1
362	1786	1
362	2334	1
362	2353	1
362	2356	1
362	2534	1
363	149	1
363	260	1
363	307	1
363	370	1
363	515	1
363	685	1
363	701	1
363	703	1
363	864	1
363	882	1
363	899	1
363	1237	1
363	1456	1
363	1497	1
364	26	1
364	104	1
364	505	1
364	506	1
364	509	1
364	800	1
364	919	1
364	1133	1
364	1701	1
364	2285	1
364	2356	1
364	2395	1
364	2429	1
364	2447	1
364	2455	1
365	270	1
365	271	1
365	398	1
365	1359	1
365	1731	1
365	2125	1
366	842	1
366	855	1
366	1184	1
366	1860	1
366	1946	1
366	1965	1
366	2028	1
366	2039	1
366	2062	1
366	2150	1
366	2228	1
367	1231	1
367	1965	1
367	2324	1
367	3167	1
367	3181	1
368	2	1
368	198	1
368	213	1
368	1148	1
368	1803	1
368	2163	1
368	2374	1
368	2466	1
368	2467	1
368	2506	1
368	2591	1
368	2596	1
368	2617	1
368	2654	1
368	2762	1
368	2764	1
368	498	1
368	2968	1
368	3066	1
368	1203	1
368	1214	1
369	542	1
369	672	1
369	750	1
369	1123	1
369	2284	1
369	2394	1
369	2395	1
369	215	1
370	352	1
370	2033	1
370	2059	1
370	2150	1
370	2253	1
371	2115	1
371	2737	1
371	2863	1
371	998	1
371	1125	1
371	1309	1
371	1972	1
371	2006	1
371	3274	1
372	840	1
372	1776	1
372	2084	1
372	2366	1
372	2439	1
372	2578	1
372	2783	1
373	576	1
373	649	1
373	728	1
373	796	1
373	874	1
373	897	1
373	931	1
373	939	1
373	981	1
373	1065	1
373	1435	1
373	1436	1
373	1756	1
373	1784	1
373	2456	1
373	2795	1
373	2837	1
373	3003	1
373	868	1
373	1265	1
374	1846	1
374	1869	1
374	3247	1
374	3299	1
374	2565	1
374	3322	1
374	2650	1
374	2698	1
374	3334	1
375	1097	1
375	1204	1
375	1713	1
375	1757	1
375	1836	1
375	1869	1
375	1871	1
375	1893	1
375	1965	1
375	2194	1
375	2239	1
376	1089	1
376	1174	1
376	1238	1
376	1533	1
376	1615	1
376	1620	1
376	1633	1
376	1645	1
376	1710	1
376	1741	1
376	1753	1
376	1767	1
376	1783	1
376	1785	1
376	1921	1
376	2059	1
376	2073	1
376	2079	1
376	2150	1
376	2151	1
376	2202	1
376	2239	1
376	2251	1
376	2292	1
376	2300	1
376	2319	1
376	2356	1
376	2362	1
376	2381	1
376	2468	1
376	2840	1
376	2880	1
376	1319	1
376	1450	1
376	1543	1
376	1555	1
376	3210	1
376	3231	1
376	1815	1
376	1894	1
376	1900	1
376	1916	1
376	1990	1
376	1991	1
376	1993	1
376	3281	1
376	2177	1
376	2235	1
376	2305	1
376	2389	1
377	359	1
377	400	1
377	2379	1
377	575	1
377	1088	1
378	387	1
378	603	1
378	643	1
378	783	1
378	925	1
378	1044	1
378	2079	1
378	2258	1
378	2367	1
378	3098	1
379	100	1
379	589	1
379	638	1
379	816	1
379	2932	1
379	3099	1
380	475	1
380	661	1
380	723	1
380	740	1
380	750	1
380	1055	1
380	1448	1
380	1468	1
380	1517	1
380	1716	1
380	1807	1
380	2083	1
380	2084	1
380	2085	1
380	2353	1
381	988	1
381	990	1
381	1209	1
381	57	1
381	362	1
381	477	1
381	1088	1
381	1161	1
382	76	1
382	171	1
382	176	1
382	215	1
382	709	1
382	1102	1
382	2943	1
383	158	1
383	1175	1
383	2307	1
383	2355	1
383	2356	1
383	2418	1
383	2442	1
383	2581	1
383	2622	1
383	2654	1
383	2661	1
384	294	1
384	3060	1
384	1508	1
384	2261	1
384	2473	1
384	2696	1
384	2738	1
384	2760	1
385	248	1
385	991	1
385	1206	1
385	2658	1
385	2737	1
385	185	1
385	2877	1
385	1718	1
386	74	1
386	214	1
386	229	1
386	383	1
386	397	1
386	416	1
386	594	1
386	606	1
386	636	1
386	667	1
386	742	1
386	847	1
386	1107	1
386	1271	1
386	2978	1
386	764	1
387	168	1
387	266	1
387	1783	1
387	2234	1
387	2286	1
387	2312	1
387	2313	1
387	2320	1
387	2402	1
387	2696	1
387	2709	1
387	2710	1
388	241	1
388	385	1
388	696	1
388	1315	1
388	2768	1
388	2905	1
388	2907	1
388	3013	1
388	805	1
388	3103	1
389	899	1
389	1369	1
389	1965	1
389	2005	1
389	2165	1
389	2361	1
389	2443	1
389	2539	1
389	3291	1
389	2276	1
390	409	1
390	619	1
390	704	1
390	1643	1
390	2117	1
391	123	1
391	1231	1
391	1431	1
391	1476	1
391	1479	1
391	1614	1
391	1628	1
391	1680	1
391	1982	1
391	2070	1
391	2071	1
391	2095	1
391	2119	1
391	2133	1
391	2546	1
391	1922	1
392	1692	1
392	1693	1
392	1703	1
392	1760	1
392	2034	1
392	2467	1
392	2480	1
392	2714	1
393	28	1
393	191	1
393	193	1
393	244	1
393	264	1
393	263	1
393	267	1
393	272	1
393	317	1
393	349	1
393	408	1
393	571	1
393	645	1
393	738	1
393	906	1
393	1075	1
393	1129	1
393	1270	1
393	1630	1
393	2032	1
393	2139	1
393	2463	1
393	142	1
393	165	1
393	176	1
393	2811	1
393	210	1
393	2918	1
393	2920	1
393	2970	1
393	3048	1
393	3158	1
393	3331	1
393	2724	1
394	11	1
394	776	1
394	1646	1
394	2444	1
394	2495	1
394	523	1
394	549	1
394	572	1
395	347	1
395	390	1
395	525	1
395	971	1
395	1907	1
396	399	1
396	410	1
396	454	1
396	833	1
396	1073	1
396	1091	1
396	1310	1
396	1390	1
397	306	1
397	854	1
397	867	1
397	966	1
397	1012	1
397	1126	1
397	1148	1
397	1194	1
397	1485	1
397	2079	1
397	2432	1
397	2994	1
397	1444	1
397	1459	1
397	1878	1
398	947	1
398	1608	1
398	2147	1
398	2583	1
398	2602	1
398	2990	1
398	2995	1
398	1686	1
398	2512	1
398	3314	1
399	164	1
399	499	1
399	567	1
399	579	1
399	1144	1
399	1214	1
399	1215	1
400	1753	1
400	1784	1
400	1977	1
400	2175	1
400	2312	1
400	2555	1
400	2630	1
401	2228	1
401	2523	1
401	2663	1
401	490	1
401	1495	1
401	3199	1
401	2006	1
401	2107	1
401	2165	1
401	2319	1
401	2362	1
402	2888	1
402	2941	1
402	2943	1
402	3105	1
402	3114	1
403	1889	1
403	2510	1
403	2753	1
403	2295	1
403	2400	1
404	1048	1
404	1217	1
404	1351	1
404	1505	1
404	1791	1
404	2107	1
405	2111	1
405	2163	1
405	2557	1
405	2601	1
405	2624	1
405	2755	1
405	312	1
405	724	1
405	935	1
405	1655	1
406	1252	1
406	1473	1
406	1643	1
406	1856	1
406	2117	1
407	122	1
407	155	1
407	265	1
407	399	1
407	561	1
407	747	1
407	760	1
407	1168	1
407	1219	1
407	1231	1
407	1561	1
407	1562	1
407	1614	1
407	1753	1
407	1847	1
408	1965	1
408	2109	1
408	2202	1
408	2256	1
408	2284	1
408	2436	1
408	2522	1
408	2600	1
408	3288	1
409	410	1
409	1363	1
409	1535	1
409	1620	1
409	1701	1
409	1717	1
409	1739	1
409	1775	1
409	1783	1
409	1814	1
409	1821	1
409	1833	1
409	1856	1
409	1912	1
409	1915	1
409	1998	1
409	2033	1
409	2059	1
409	2062	1
409	2073	1
409	2084	1
409	2093	1
409	2111	1
409	2225	1
409	2253	1
409	2276	1
409	2283	1
409	2510	1
410	679	1
410	938	1
410	1278	1
410	1674	1
410	1909	1
411	50	1
411	62	1
411	66	1
411	77	1
411	85	1
411	87	1
411	90	1
411	104	1
411	136	1
411	137	1
411	159	1
411	172	1
411	198	1
411	227	1
411	255	1
411	265	1
411	284	1
411	310	1
411	333	1
411	338	1
411	374	1
411	402	1
411	413	1
411	465	1
411	483	1
411	506	1
411	510	1
411	515	1
411	516	1
411	561	1
411	583	1
411	584	1
411	623	1
411	652	1
411	675	1
411	711	1
411	745	1
411	764	1
411	766	1
411	793	1
411	854	1
411	857	1
411	865	1
411	899	1
411	931	1
411	955	1
411	989	1
411	1027	1
411	1074	1
411	1132	1
411	1232	1
411	1245	1
411	1248	1
411	1259	1
411	1313	1
411	1316	1
411	1346	1
411	1368	1
411	1395	1
411	1625	1
411	1665	1
411	1682	1
411	1731	1
411	1743	1
411	1776	1
411	1791	1
411	1875	1
411	1902	1
411	1903	1
411	1915	1
411	1929	1
411	1965	1
411	1973	1
411	2006	1
411	2007	1
411	2013	1
411	2043	1
411	2053	1
411	2062	1
411	2069	1
411	2073	1
411	2111	1
411	2114	1
411	2131	1
411	2136	1
411	2151	1
411	2162	1
411	2164	1
411	2165	1
411	2212	1
411	2213	1
411	2226	1
411	2228	1
411	2251	1
411	2257	1
411	2284	1
411	2304	1
411	2334	1
411	2363	1
411	2396	1
411	2408	1
411	2429	1
411	2478	1
411	2494	1
411	2503	1
411	2508	1
411	2523	1
411	2550	1
411	2613	1
411	2621	1
411	2664	1
411	2961	1
411	810	1
411	3052	1
411	3212	1
411	3230	1
411	1884	1
411	3279	1
412	1782	1
412	1831	1
412	2064	1
412	2098	1
412	2119	1
412	2133	1
413	870	1
413	1697	1
413	1795	1
413	1857	1
413	1861	1
413	1954	1
413	2012	1
413	2049	1
413	2076	1
413	2156	1
413	2245	1
413	2272	1
413	2715	1
414	40	1
414	159	1
414	200	1
414	375	1
414	442	1
414	1138	1
414	1309	1
414	1663	1
414	1727	1
414	1825	1
414	2062	1
414	2224	1
414	2461	1
414	2884	1
414	3052	1
414	1200	1
415	1219	1
415	1231	1
415	1552	1
415	1614	1
415	1628	1
415	1630	1
415	1687	1
415	1837	1
415	1934	1
416	1988	1
416	2065	1
416	2206	1
416	2227	1
416	2228	1
416	2353	1
416	2429	1
416	2455	1
416	2490	1
416	2578	1
416	2616	1
416	2624	1
416	2633	1
416	2700	1
416	370	1
416	2033	1
416	2226	1
417	974	1
417	1104	1
417	1998	1
417	2156	1
417	2252	1
417	2435	1
418	397	1
418	584	1
418	602	1
418	1219	1
418	1466	1
418	1509	1
418	1552	1
418	1562	1
418	1563	1
418	1680	1
418	1685	1
418	1808	1
418	1837	1
418	1879	1
418	1895	1
418	1938	1
418	2079	1
418	2226	1
418	2228	1
418	2327	1
418	2381	1
418	2444	1
418	2519	1
418	2520	1
418	2530	1
418	1559	1
418	3243	1
418	3244	1
418	3282	1
418	2422	1
419	357	1
419	496	1
419	967	1
419	1468	1
419	1500	1
419	2392	1
420	331	1
420	1741	1
420	1783	1
420	1785	1
420	1835	1
420	1909	1
420	2117	1
420	2867	1
420	369	1
420	701	1
420	3077	1
420	1444	1
420	1580	1
420	1603	1
420	1647	1
420	3211	1
420	1775	1
420	1820	1
420	1821	1
420	1830	1
420	1834	1
420	1915	1
420	1959	1
420	3252	1
420	2011	1
421	110	1
421	2196	1
421	2267	1
421	2417	1
421	2438	1
421	2543	1
421	3219	1
422	833	1
422	1231	1
422	1563	1
422	1584	1
422	1965	1
422	2054	1
422	2071	1
422	2074	1
422	1380	1
423	122	1
423	157	1
423	164	1
423	169	1
423	189	1
423	246	1
423	292	1
423	512	1
423	513	1
423	557	1
423	619	1
423	1965	1
423	2019	1
423	2072	1
423	2124	1
424	958	1
424	974	1
424	1285	1
424	1344	1
424	1358	1
424	1452	1
424	1535	1
424	1615	1
424	1643	1
424	1645	1
424	1783	1
424	1852	1
424	1900	1
424	2117	1
424	2186	1
424	2228	1
424	2284	1
424	2356	1
424	2363	1
424	2379	1
424	2436	1
424	2578	1
424	2622	1
424	2661	1
424	2738	1
424	2749	1
424	309	1
424	329	1
424	2852	1
424	3111	1
424	3156	1
424	1538	1
424	2414	1
424	2552	1
424	2629	1
424	2635	1
424	2722	1
425	54	1
425	136	1
425	137	1
425	1036	1
425	2026	1
425	2270	1
425	2595	1
425	3220	1
425	1836	1
425	3237	1
425	3290	1
426	2210	1
426	2595	1
426	2640	1
426	1712	1
426	2543	1
426	3328	1
427	157	1
427	169	1
427	225	1
427	319	1
427	397	1
427	414	1
427	615	1
427	697	1
427	863	1
427	1082	1
427	1083	1
427	1215	1
427	1285	1
427	1307	1
427	1332	1
427	1343	1
427	1360	1
427	1418	1
427	1533	1
427	1624	1
427	1643	1
427	1737	1
427	1751	1
427	1770	1
427	1775	1
427	1777	1
427	1825	1
427	1894	1
427	2019	1
427	2045	1
427	2143	1
427	2147	1
427	2151	1
427	2163	1
427	2359	1
427	2363	1
427	2365	1
427	2366	1
427	2367	1
427	2368	1
427	2478	1
427	2508	1
427	416	1
427	475	1
427	1214	1
427	3197	1
427	1549	1
427	1899	1
427	2161	1
428	1142	1
428	2670	1
428	528	1
428	3230	1
428	2224	1
429	2380	1
429	2409	1
429	2696	1
429	2697	1
429	2763	1
429	2762	1
430	522	1
430	938	1
430	1050	1
430	2088	1
430	2443	1
430	1770	1
431	496	1
431	593	1
431	684	1
431	1045	1
431	1217	1
431	1785	1
431	1886	1
431	1927	1
431	1948	1
431	2027	1
431	2053	1
431	2087	1
431	2411	1
431	2550	1
431	2596	1
432	600	1
432	1909	1
432	1998	1
432	2073	1
432	632	1
433	751	1
433	1358	1
433	1868	1
433	1915	1
433	1921	1
433	2033	1
433	2121	1
433	2122	1
433	2123	1
433	2125	1
433	2126	1
433	2251	1
433	2334	1
433	2356	1
433	2381	1
433	2398	1
433	2528	1
433	2642	1
433	2649	1
433	2668	1
433	2749	1
433	599	1
433	3035	1
433	3267	1
433	2453	1
433	2568	1
433	2647	1
434	146	1
434	187	1
434	277	1
434	473	1
434	657	1
434	784	1
434	861	1
434	947	1
434	1307	1
434	1640	1
435	1504	1
435	1608	1
435	1622	1
435	1635	1
435	1726	1
435	1795	1
435	1953	1
435	1965	1
435	1999	1
435	2272	1
435	2482	1
435	2583	1
435	2641	1
435	1842	1
436	345	1
436	346	1
436	392	1
436	1753	1
436	1842	1
437	109	1
437	908	1
437	1034	1
437	1172	1
437	1190	1
437	1389	1
437	1553	1
437	1633	1
437	1646	1
437	2138	1
437	2250	1
437	961	1
437	1030	1
438	194	1
438	2227	1
438	2490	1
438	2507	1
438	2508	1
438	2668	1
438	1667	1
438	2590	1
439	1483	1
439	1739	1
439	1790	1
439	2029	1
439	2439	1
439	2559	1
440	761	1
440	945	1
440	1867	1
440	2472	1
440	3176	1
440	3199	1
440	1540	1
441	222	1
441	436	1
441	586	1
441	758	1
441	845	1
442	9	1
442	40	1
442	52	1
442	91	1
442	153	1
442	174	1
442	189	1
442	243	1
442	320	1
442	345	1
442	394	1
442	396	1
442	406	1
442	415	1
442	419	1
442	428	1
442	467	1
442	533	1
442	620	1
442	700	1
442	725	1
442	874	1
442	924	1
442	956	1
442	963	1
442	965	1
442	1010	1
442	1070	1
442	1140	1
442	1154	1
442	1169	1
442	1363	1
442	1537	1
442	1731	1
442	1868	1
442	2793	1
442	2794	1
442	593	1
442	598	1
442	2983	1
442	684	1
442	1072	1
443	1219	1
443	1563	1
443	1631	1
443	1808	1
443	1938	1
443	2444	1
443	2519	1
444	162	1
444	1775	1
444	1809	1
444	2200	1
444	2228	1
444	2273	1
444	2284	1
444	2356	1
444	2368	1
444	2379	1
444	2490	1
444	2616	1
444	2700	1
444	2718	1
444	2749	1
444	56	1
444	2831	1
444	2833	1
444	368	1
444	458	1
444	2982	1
444	726	1
444	931	1
444	1035	1
444	1300	1
444	1705	1
444	1714	1
444	3284	1
444	2206	1
444	2354	1
444	2581	1
444	3321	1
444	2620	1
444	2668	1
445	337	1
445	341	1
445	371	1
445	385	1
445	436	1
445	610	1
446	400	1
446	427	1
446	542	1
446	911	1
446	1130	1
446	2357	1
446	2588	1
446	2887	1
447	1949	1
447	2111	1
447	2194	1
447	2711	1
447	2743	1
447	2744	1
447	2746	1
447	2205	1
448	1498	1
448	1506	1
448	1619	1
448	1645	1
448	1659	1
449	74	1
449	126	1
449	202	1
449	391	1
449	941	1
449	1652	1
449	1774	1
449	1906	1
449	2046	1
449	2061	1
449	2145	1
449	2147	1
449	2166	1
449	2167	1
449	2169	1
449	2172	1
449	2230	1
449	2243	1
449	2280	1
449	2296	1
449	2386	1
449	2631	1
449	1072	1
450	332	1
450	1000	1
450	1774	1
450	1787	1
450	1978	1
450	2096	1
450	2435	1
450	2921	1
451	110	1
451	605	1
451	1872	1
451	1954	1
451	2076	1
451	2252	1
451	2435	1
451	2544	1
451	2603	1
451	2520	1
452	119	1
452	362	1
452	496	1
452	836	1
452	1436	1
452	1500	1
452	1909	1
452	2195	1
452	2644	1
452	2822	1
452	601	1
452	3059	1
452	964	1
452	1036	1
453	84	1
453	99	1
453	240	1
453	458	1
453	481	1
453	528	1
453	869	1
453	873	1
453	1089	1
453	1301	1
453	1435	1
453	1436	1
453	1512	1
453	1513	1
453	1514	1
453	1620	1
453	1646	1
453	1751	1
453	2117	1
453	2221	1
453	2339	1
453	2739	1
453	2782	1
453	2845	1
453	2904	1
454	269	1
454	496	1
454	919	1
454	1098	1
454	1150	1
454	1227	1
454	1285	1
454	1417	1
454	1435	1
454	1436	1
454	1770	1
454	1783	1
454	1784	1
454	1909	1
454	1915	1
454	1965	1
454	2021	1
454	2062	1
454	2147	1
454	2284	1
454	2307	1
454	2363	1
454	2666	1
454	1649	1
454	2359	1
454	2622	1
454	2706	1
455	35	1
455	217	1
455	790	1
455	954	1
455	1393	1
455	1625	1
455	1701	1
455	1705	1
455	2279	1
455	2285	1
455	2294	1
455	2317	1
455	34	1
455	3151	1
456	1584	1
456	1787	1
456	1796	1
456	1814	1
456	1824	1
456	2101	1
456	2656	1
457	113	1
457	316	1
457	1252	1
457	2796	1
457	2892	1
457	2895	1
458	1569	1
458	1880	1
458	1983	1
458	1985	1
458	1986	1
458	1987	1
458	1994	1
458	1995	1
458	2099	1
458	2100	1
458	2102	1
458	2104	1
458	2134	1
458	2135	1
459	364	1
459	937	1
459	1776	1
459	2033	1
459	2062	1
459	2697	1
459	3073	1
459	3258	1
459	2443	1
460	614	1
460	734	1
460	1558	1
460	1902	1
460	1903	1
460	2030	1
460	3263	1
461	92	1
461	300	1
461	474	1
461	798	1
461	1638	1
461	2266	1
461	2483	1
461	2486	1
462	617	1
462	1219	1
462	1231	1
462	1614	1
462	1680	1
462	1685	1
462	1837	1
462	1895	1
462	1926	1
462	1928	1
462	1931	1
462	1936	1
462	1937	1
463	381	1
463	2611	1
463	2881	1
463	2896	1
463	1967	1
463	3318	1
464	733	1
464	1620	1
464	1710	1
464	1917	1
464	2059	1
464	2395	1
464	2858	1
464	2298	1
465	558	1
465	696	1
465	1521	1
465	1757	1
465	2104	1
465	2170	1
465	2288	1
466	344	1
466	415	1
466	428	1
466	971	1
466	1119	1
466	2367	1
466	2525	1
466	2617	1
466	2841	1
466	341	1
466	2890	1
466	3010	1
466	3015	1
466	3163	1
467	351	1
467	1739	1
467	1825	1
467	2115	1
467	2332	1
467	2439	1
468	536	1
468	538	1
468	549	1
468	1489	1
468	1741	1
468	2138	1
469	114	1
469	314	1
469	668	1
469	948	1
469	1274	1
469	1330	1
470	95	1
470	287	1
470	320	1
470	330	1
470	406	1
470	411	1
470	517	1
470	539	1
470	550	1
470	592	1
470	738	1
470	789	1
470	801	1
470	836	1
470	844	1
470	887	1
470	927	1
470	1103	1
470	2221	1
470	448	1
470	3155	1
470	3265	1
471	645	1
471	908	1
471	1825	1
471	2108	1
471	2172	1
471	2299	1
471	2362	1
471	2443	1
471	2458	1
471	2593	1
471	2668	1
472	1584	1
472	1612	1
472	1613	1
472	1631	1
472	1759	1
472	1796	1
472	1895	1
472	1945	1
472	2024	1
472	2061	1
472	2075	1
472	2120	1
472	2215	1
472	2236	1
472	2265	1
472	2553	1
472	1883	1
472	3260	1
472	2091	1
472	3295	1
472	2419	1
473	361	1
473	1665	1
473	1773	1
473	2130	1
473	2576	1
474	73	1
474	202	1
474	316	1
474	520	1
474	563	1
474	566	1
474	761	1
474	765	1
474	1076	1
475	1628	1
475	2495	1
475	2942	1
475	1455	1
475	3243	1
475	1928	1
476	476	1
476	986	1
476	2274	1
476	905	1
476	3137	1
476	3310	1
477	1497	1
477	1799	1
477	1939	1
477	2081	1
477	2137	1
478	1343	1
478	1457	1
478	1678	1
478	1698	1
478	1708	1
478	1739	1
478	1748	1
478	1749	1
478	1760	1
478	1859	1
478	1869	1
478	1981	1
478	2068	1
479	1507	1
479	2303	1
479	2360	1
479	2429	1
479	2617	1
480	316	1
480	1558	1
480	1731	1
480	1784	1
480	2044	1
481	30	1
481	429	1
481	547	1
481	559	1
481	670	1
481	782	1
481	970	1
481	1079	1
481	1792	1
481	2194	1
482	1023	1
482	1339	1
482	1426	1
482	2777	1
482	2784	1
482	3085	1
482	1006	1
482	3088	1
483	1027	1
483	1029	1
483	1252	1
483	1261	1
483	1262	1
483	1301	1
483	1436	1
483	1468	1
483	2596	1
484	985	1
484	1478	1
484	2626	1
484	3254	1
484	3256	1
484	1997	1
485	1481	1
485	1820	1
485	1822	1
485	1834	1
485	2082	1
485	2111	1
485	2150	1
485	2184	1
485	2202	1
485	2205	1
485	2225	1
485	2235	1
485	2379	1
485	2541	1
485	2034	1
486	48	1
486	350	1
486	584	1
486	726	1
486	760	1
486	1311	1
486	1591	1
486	1847	1
486	2192	1
486	2278	1
486	2323	1
486	2446	1
486	80	1
486	2999	1
486	1279	1
486	3185	1
486	3235	1
486	3287	1
486	2246	1
487	1276	1
487	1409	1
487	2110	1
487	2165	1
487	2334	1
487	2360	1
487	2361	1
487	2362	1
487	2503	1
487	2523	1
487	2621	1
487	3279	1
488	100	1
488	230	1
488	589	1
488	890	1
488	1435	1
488	1998	1
489	61	1
489	698	1
489	1288	1
489	1625	1
489	2786	1
489	1773	1
490	1926	1
490	1928	1
490	1930	1
490	1931	1
490	1933	1
490	1935	1
490	1936	1
490	1937	1
490	1932	1
491	883	1
491	1558	1
491	1665	1
491	1909	1
491	2280	1
491	1202	1
492	982	1
492	1741	1
492	2147	1
492	2179	1
492	2379	1
492	1356	1
492	3236	1
493	1562	1
493	1734	1
493	2020	1
493	2152	1
493	2201	1
493	2209	1
493	2529	1
494	1275	1
494	1905	1
494	2727	1
494	1972	1
494	2761	1
495	953	1
495	49	1
495	726	1
495	1840	1
495	2314	1
496	602	1
496	803	1
496	1119	1
496	1465	1
496	1853	1
496	2089	1
496	2661	1
496	2740	1
496	2842	1
496	1207	1
496	2654	1
496	2735	1
497	162	1
497	2601	1
497	2879	1
497	2960	1
497	1012	1
497	1455	1
497	1499	1
497	1931	1
498	880	1
498	944	1
498	1225	1
498	1564	1
498	1965	1
498	967	1
499	2414	1
499	2439	1
499	2489	1
499	2506	1
499	2561	1
499	2590	1
499	2599	1
499	2617	1
499	2619	1
499	2622	1
499	2629	1
499	2666	1
499	2667	1
500	1048	1
500	1389	1
500	2033	1
500	33	1
500	2396	1
501	96	1
501	179	1
501	297	1
501	476	1
501	583	1
501	692	1
501	893	1
501	904	1
501	951	1
501	1099	1
501	2486	1
501	105	1
501	2804	1
501	371	1
501	2889	1
501	588	1
501	617	1
501	666	1
501	3017	1
501	1038	1
501	1096	1
501	1179	1
501	3140	1
501	3206	1
501	3207	1
501	2340	1
502	972	1
502	1208	1
502	1219	1
502	1802	1
502	1861	1
502	1879	1
503	67	1
503	95	1
503	209	1
503	273	1
503	743	1
503	862	1
503	937	1
503	940	1
503	1045	1
503	1537	1
503	2221	1
503	2311	1
503	2474	1
503	102	1
503	2821	1
503	338	1
503	883	1
503	928	1
503	3119	1
503	1328	1
504	714	1
504	791	1
504	1566	1
504	1719	1
504	1965	1
504	2536	1
505	1774	1
505	1833	1
505	1996	1
505	3273	1
505	2245	1
505	3304	1
505	2692	1
506	88	1
506	1388	1
506	661	1
506	2971	1
506	3040	1
507	184	1
507	186	1
507	310	1
507	375	1
507	384	1
507	428	1
507	1191	1
507	1282	1
507	1436	1
507	386	1
508	1240	1
508	1729	1
508	1788	1
508	2040	1
508	2125	1
508	2267	1
508	2329	1
508	2563	1
508	2848	1
508	2529	1
509	766	1
509	998	1
509	1022	1
509	1055	1
509	2257	1
509	2353	1
510	448	1
510	859	1
510	1182	1
510	1861	1
510	1697	1
511	286	1
511	866	1
511	1625	1
511	2158	1
511	2165	1
511	2305	1
511	2360	1
511	2503	1
511	2290	1
511	2317	1
512	932	1
512	1029	1
512	1183	1
512	1663	1
512	1669	1
512	1741	1
512	1781	1
512	1897	1
512	1487	1
513	509	1
513	1841	1
513	2228	1
513	2359	1
513	2363	1
513	2379	1
513	2386	1
513	2395	1
513	2442	1
513	2443	1
513	2460	1
513	2478	1
514	565	1
514	564	1
514	727	1
514	2998	1
514	731	1
514	3051	1
514	1300	1
514	1949	1
515	1362	1
515	1543	1
515	1683	1
515	1823	1
515	2093	1
515	2111	1
516	1242	1
516	2600	1
516	2744	1
516	2425	1
516	2692	1
517	1607	1
517	2011	1
517	2313	1
517	2368	1
517	2420	1
517	2447	1
517	41	1
517	310	1
517	312	1
517	475	1
517	1015	1
517	1308	1
517	1670	1
517	2161	1
517	2377	1
517	2764	1
518	69	1
518	2121	1
518	2122	1
518	2125	1
518	2123	1
519	232	1
519	1677	1
519	2207	1
519	2434	1
519	2512	1
519	2754	1
519	3019	1
519	870	1
519	2544	1
520	190	1
520	498	1
520	1143	1
520	1289	1
520	1361	1
520	1603	1
520	1633	1
520	1711	1
520	1885	1
520	1943	1
520	1965	1
520	1971	1
520	2059	1
520	2062	1
520	2697	1
521	1130	1
521	2770	1
521	2956	1
521	2987	1
521	3006	1
521	1537	1
522	946	1
522	1301	1
522	1430	1
522	1633	1
522	1646	1
522	2147	1
522	2172	1
522	2185	1
522	2261	1
522	3249	1
522	3259	1
523	24	1
523	586	1
523	633	1
523	794	1
523	930	1
523	934	1
523	1909	1
523	1965	1
523	2058	1
523	2073	1
523	2284	1
523	2386	1
523	2820	1
524	1094	1
524	1362	1
524	1576	1
524	1667	1
524	1760	1
524	1773	1
524	2111	1
525	93	1
525	252	1
525	473	1
525	568	1
525	616	1
525	965	1
525	969	1
525	1452	1
525	1482	1
525	1864	1
525	2410	1
525	2436	1
525	2550	1
525	2593	1
525	2801	1
525	164	1
525	487	1
525	593	1
525	684	1
525	2991	1
525	938	1
525	940	1
525	966	1
525	3074	1
525	1072	1
525	1213	1
525	1527	1
525	2321	1
525	2422	1
525	2580	1
525	2608	1
525	3323	1
526	316	1
526	369	1
526	385	1
526	390	1
526	914	1
526	1101	1
526	1484	1
526	1907	1
526	2812	1
526	371	1
527	58	1
527	560	1
527	704	1
527	759	1
527	976	1
528	2435	1
528	2462	1
528	2475	1
528	2477	1
528	2484	1
528	3311	1
529	315	1
529	683	1
529	749	1
529	1132	1
529	1998	1
529	2851	1
529	2911	1
529	900	1
530	155	1
530	385	1
530	440	1
530	696	1
530	745	1
530	809	1
530	835	1
530	1050	1
530	1188	1
530	1701	1
530	1835	1
530	2013	1
530	2122	1
530	3002	1
530	3004	1
530	1822	1
531	100	1
531	1042	1
531	1219	1
531	1232	1
531	1631	1
531	1976	1
531	2270	1
531	2271	1
531	2567	1
531	2720	1
531	2721	1
531	2724	1
531	2725	1
532	1379	1
532	2584	1
532	2654	1
532	3042	1
532	999	1
532	2669	1
532	2682	1
532	2735	1
533	85	1
533	118	1
533	121	1
533	140	1
533	144	1
533	170	1
533	220	1
533	376	1
533	524	1
533	1737	1
533	1866	1
534	353	1
534	633	1
534	2737	1
534	3029	1
534	3081	1
535	342	1
535	1275	1
535	1281	1
535	1295	1
535	1376	1
535	1394	1
535	1458	1
535	1700	1
535	1716	1
535	1758	1
535	1760	1
535	1790	1
535	1870	1
535	1886	1
535	2424	1
535	1910	1
536	1413	1
536	2415	1
536	2460	1
536	445	1
536	493	1
536	1621	1
537	1436	1
537	1552	1
537	1665	1
537	2111	1
537	2334	1
538	1965	1
538	232	1
538	595	1
538	2974	1
538	929	1
538	974	1
538	1361	1
538	1395	1
538	3214	1
538	1954	1
538	2508	1
538	2746	1
539	173	1
539	327	1
539	340	1
539	527	1
539	1988	1
539	2044	1
539	2285	1
539	1761	1
540	185	1
540	2065	1
540	2454	1
540	2578	1
540	2137	1
541	1219	1
541	1552	1
541	1614	1
541	1808	1
541	1837	1
541	2444	1
542	779	1
542	870	1
542	929	1
542	990	1
542	1140	1
542	1579	1
542	2255	1
542	2325	1
542	2342	1
542	2375	1
542	1831	1
543	1500	1
543	1727	1
543	1741	1
543	1753	1
543	1921	1
543	1998	1
543	2033	1
543	2147	1
543	3153	1
543	1669	1
544	359	1
544	402	1
544	965	1
544	1176	1
544	1761	1
544	1917	1
544	2059	1
544	2073	1
544	2114	1
544	2147	1
544	2151	1
544	2177	1
544	2224	1
544	2298	1
544	2363	1
544	2507	1
544	3136	1
545	15	1
545	84	1
545	118	1
545	163	1
545	170	1
545	262	1
545	284	1
545	422	1
545	612	1
545	708	1
545	771	1
545	802	1
545	904	1
545	1111	1
545	1119	1
545	1138	1
545	1623	1
545	1690	1
545	1973	1
545	1974	1
545	2117	1
545	2254	1
545	2405	1
545	2423	1
545	2547	1
545	2716	1
545	2834	1
545	408	1
545	2891	1
545	2922	1
545	2930	1
545	743	1
545	3022	1
545	916	1
545	949	1
545	1266	1
545	3226	1
545	3253	1
545	2113	1
546	992	1
546	2029	1
546	2409	1
546	2477	1
546	2480	1
547	86	1
547	827	1
547	1160	1
547	2139	1
547	2198	1
547	2772	1
547	2939	1
547	826	1
547	959	1
547	3127	1
547	3129	1
548	224	1
548	452	1
548	1100	1
548	1276	1
548	2110	1
548	186	1
548	808	1
549	678	1
549	1114	1
549	1119	1
549	1242	1
549	1707	1
549	2335	1
549	2443	1
549	2487	1
549	2558	1
549	2574	1
549	2991	1
549	3139	1
549	3289	1
549	2300	1
549	2385	1
549	2414	1
550	712	1
550	2015	1
550	2306	1
550	2566	1
550	2648	1
551	702	1
551	878	1
551	1150	1
551	1325	1
551	2085	1
552	57	1
552	58	1
552	1435	1
552	1436	1
552	1438	1
552	1102	1
552	1150	1
553	473	1
553	908	1
553	1798	1
553	1827	1
553	1909	1
553	1914	1
553	2307	1
553	2310	1
553	2335	1
553	2363	1
553	2491	1
553	2700	1
554	201	1
554	530	1
554	1139	1
554	1141	1
554	1848	1
554	2241	1
554	2242	1
554	2429	1
554	329	1
555	199	1
555	712	1
555	961	1
555	1444	1
555	1624	1
555	1634	1
555	1651	1
555	1667	1
555	1668	1
555	1741	1
555	1775	1
555	1819	1
555	1873	1
555	1899	1
555	1908	1
555	2015	1
555	2163	1
555	2300	1
555	2306	1
555	2404	1
555	2408	1
555	2566	1
555	2614	1
555	2738	1
555	2462	1
556	389	1
556	406	1
556	415	1
556	428	1
556	431	1
556	606	1
556	743	1
556	1045	1
556	1500	1
556	1533	1
556	1827	1
556	2115	1
556	2147	1
556	2283	1
556	2284	1
556	269	1
556	287	1
556	301	1
556	305	1
556	310	1
556	336	1
556	2885	1
556	748	1
556	3172	1
557	1336	1
557	1739	1
557	2349	1
557	2401	1
557	2412	1
557	2513	1
557	3306	1
558	912	1
558	1783	1
558	2651	1
558	2654	1
558	3228	1
559	561	1
559	782	1
559	2122	1
559	2213	1
559	2228	1
559	2283	1
559	2307	1
559	2334	1
559	2616	1
559	2637	1
559	979	1
559	1321	1
559	1786	1
559	3270	1
560	1872	1
560	2436	1
560	2462	1
560	2522	1
560	2172	1
561	1008	1
561	1358	1
561	1414	1
561	2097	1
561	2337	1
561	3102	1
562	194	1
562	352	1
562	1075	1
562	1327	1
562	2778	1
562	247	1
562	253	1
562	384	1
562	674	1
562	719	1
562	877	1
562	1189	1
562	3285	1
563	625	1
563	676	1
563	1430	1
563	1398	1
563	3211	1
564	981	1
564	1259	1
564	1262	1
564	1301	1
564	1450	1
564	1535	1
564	1753	1
564	1788	1
564	2019	1
564	2980	1
565	1965	1
565	2310	1
565	2564	1
565	3149	1
565	2375	1
565	3311	1
565	2484	1
566	1558	1
566	1701	1
566	1713	1
566	1762	1
566	1772	1
566	1779	1
566	1789	1
566	1793	1
566	1798	1
566	1800	1
566	1823	1
566	1892	1
566	1909	1
566	1921	1
566	1943	1
566	1948	1
566	1993	1
566	2019	1
566	2033	1
566	2058	1
566	2059	1
566	2062	1
566	2073	1
566	2079	1
566	2082	1
566	2111	1
566	2151	1
567	1731	1
567	1965	1
567	2079	1
567	2093	1
567	2122	1
567	2146	1
567	2147	1
567	2151	1
567	2155	1
567	2164	1
567	2202	1
567	2205	1
567	2226	1
567	2256	1
567	2261	1
567	2344	1
567	2426	1
567	1908	1
567	3251	1
567	2022	1
567	2185	1
567	2220	1
567	2230	1
567	3297	1
568	1562	1
568	2121	1
568	2122	1
568	2124	1
568	2164	1
568	2224	1
568	2414	1
568	2126	1
568	2238	1
569	389	1
569	1647	1
569	1731	1
569	2460	1
569	2578	1
569	2668	1
570	236	1
570	693	1
570	816	1
570	1399	1
570	1477	1
570	1773	1
570	1965	1
570	2021	1
570	2029	1
570	2062	1
570	2073	1
570	2423	1
570	2465	1
571	328	1
571	335	1
571	428	1
571	1016	1
571	2436	1
571	2494	1
571	2548	1
571	2559	1
571	2632	1
571	2683	1
571	2699	1
571	2728	1
571	2748	1
572	1913	1
572	2308	1
572	2640	1
572	722	1
572	1781	1
572	3242	1
572	2196	1
572	2201	1
572	2209	1
572	2329	1
572	3305	1
573	190	1
573	607	1
573	769	1
573	775	1
573	920	1
573	954	1
573	1034	1
573	1343	1
573	1359	1
573	1497	1
573	1555	1
573	1667	1
573	1788	1
573	2586	1
573	2587	1
573	1498	1
573	3213	1
573	2057	1
573	2589	1
574	1698	1
574	1760	1
574	1927	1
574	1960	1
574	1982	1
575	886	1
575	1066	1
575	1067	1
575	1143	1
575	2062	1
575	2368	1
575	2668	1
575	2847	1
576	2234	1
576	2502	1
576	2570	1
576	2576	1
576	2610	1
576	2686	1
576	2742	1
577	1915	1
577	2176	1
577	2200	1
577	2244	1
577	2248	1
577	2329	1
577	2498	1
577	2529	1
577	2595	1
577	2617	1
577	2771	1
577	92	1
577	2809	1
577	351	1
577	420	1
577	432	1
577	501	1
577	2922	1
577	3202	1
577	3286	1
578	1641	1
578	1869	1
578	1893	1
578	2604	1
578	2632	1
579	83	1
579	1344	1
579	1670	1
579	2021	1
579	2041	1
579	2050	1
579	2067	1
579	2138	1
579	2161	1
579	2209	1
579	2211	1
579	2226	1
579	2228	1
579	2312	1
579	2395	1
579	2420	1
579	2443	1
579	2478	1
579	2489	1
579	2522	1
579	2555	1
579	2617	1
579	2629	1
579	2649	1
579	2695	1
579	2696	1
579	2732	1
579	2743	1
579	2745	1
579	2746	1
579	2757	1
579	2763	1
579	2764	1
579	1036	1
579	1851	1
579	2031	1
579	2042	1
579	2177	1
579	2218	1
579	3292	1
579	3329	1
580	360	1
580	1073	1
580	1316	1
580	1664	1
580	2213	1
580	2227	1
580	2228	1
580	2334	1
580	2362	1
580	2381	1
580	2395	1
580	2397	1
580	2398	1
580	2478	1
580	2555	1
580	2613	1
580	2621	1
580	2627	1
580	2654	1
580	2869	1
580	2873	1
580	1122	1
580	1344	1
580	3169	1
580	1543	1
580	1544	1
580	3262	1
580	2042	1
580	3276	1
580	2258	1
580	2305	1
581	32	1
581	88	1
581	745	1
581	1002	1
581	1010	1
581	1045	1
581	1753	1
581	2013	1
581	151	1
581	2833	1
581	2901	1
581	623	1
581	3083	1
581	2002	1
581	2009	1
582	253	1
582	956	1
582	2355	1
582	2797	1
582	127	1
582	161	1
582	247	1
582	434	1
582	2915	1
582	506	1
582	2950	1
582	2972	1
582	2977	1
582	3050	1
582	3070	1
582	3123	1
582	3151	1
583	1764	1
583	2083	1
583	2193	1
583	2266	1
583	2341	1
583	2424	1
583	2514	1
583	2540	1
583	2704	1
583	2736	1
584	16	1
584	582	1
584	681	1
584	806	1
584	3034	1
584	3093	1
584	1157	1
585	206	1
585	1741	1
585	1739	1
585	1790	1
585	1851	1
585	1889	1
585	2023	1
585	2401	1
585	2576	1
585	2606	1
586	8	1
586	107	1
586	490	1
586	959	1
586	1069	1
586	1120	1
586	1297	1
586	2036	1
586	1298	1
587	1701	1
587	1711	1
587	1821	1
587	1948	1
587	3011	1
588	2478	1
588	501	1
588	1311	1
588	1592	1
588	1729	1
589	2059	1
589	2079	1
589	2122	1
589	2224	1
589	2310	1
589	2396	1
589	2408	1
590	451	1
590	895	1
590	983	1
590	984	1
590	1147	1
590	3053	1
591	1775	1
591	1776	1
591	1779	1
591	1909	1
591	2078	1
592	1675	1
592	1723	1
592	1817	1
592	1863	1
592	1878	1
593	870	1
593	1965	1
593	2073	1
593	2109	1
593	2219	1
593	2435	1
593	2477	1
594	2231	1
594	2587	1
594	2655	1
594	2696	1
594	2722	1
594	2730	1
594	2757	1
594	2764	1
594	2345	1
595	1163	1
595	1518	1
595	1821	1
595	1825	1
595	1905	1
596	237	1
596	426	1
596	497	1
596	677	1
596	960	1
596	1188	1
596	1343	1
596	1529	1
596	1615	1
596	1634	1
596	1701	1
596	1709	1
596	1711	1
596	1727	1
596	1731	1
596	1770	1
596	1773	1
596	1775	1
596	1779	1
596	1823	1
596	1825	1
596	1834	1
596	1835	1
596	1894	1
596	1915	1
596	1916	1
596	1921	1
596	2019	1
596	2033	1
596	2050	1
596	2111	1
596	2202	1
596	2204	1
596	2205	1
596	2222	1
596	2228	1
596	2284	1
596	2396	1
596	2459	1
596	2653	1
596	2750	1
596	3187	1
597	117	1
597	444	1
597	492	1
597	670	1
597	755	1
597	836	1
597	943	1
597	947	1
597	993	1
597	1288	1
597	2014	1
597	2144	1
597	2916	1
597	2917	1
597	2926	1
597	548	1
597	2960	1
597	2967	1
598	2037	1
598	2277	1
598	2479	1
598	2678	1
598	2716	1
599	1090	1
599	1300	1
599	1303	1
599	1304	1
599	1354	1
599	1474	1
599	1475	1
599	1509	1
599	1531	1
599	1666	1
599	1846	1
599	1860	1
599	1987	1
599	2090	1
599	2091	1
600	1231	1
600	1394	1
600	1672	1
600	1673	1
600	1760	1
600	1782	1
600	1784	1
600	1815	1
600	1821	1
600	1832	1
600	1858	1
600	1925	1
600	1965	1
600	2033	1
600	2073	1
600	2079	1
600	2111	1
600	2122	1
600	2187	1
600	2188	1
600	2202	1
600	2225	1
600	2226	1
600	2283	1
600	2294	1
600	2326	1
600	2379	1
600	2050	1
600	2071	1
601	346	1
601	861	1
601	1117	1
601	1508	1
601	1881	1
601	1892	1
601	1954	1
601	1958	1
601	2022	1
601	2051	1
601	1971	1
602	911	1
602	1057	1
602	2033	1
602	2060	1
602	2589	1
602	3064	1
603	412	1
603	779	1
603	1173	1
603	2243	1
603	2443	1
603	2469	1
603	2819	1
603	2841	1
604	0	1
604	1	1
604	531	1
604	653	1
604	691	1
604	918	1
604	952	1
604	1046	1
604	1250	1
604	1383	1
604	1392	1
604	1774	1
604	2373	1
604	3094	1
605	470	1
605	1102	1
605	1620	1
605	1633	1
605	1942	1
605	1956	1
606	1343	1
606	1785	1
606	1821	1
606	2044	1
606	2691	1
606	2694	1
606	2747	1
606	938	1
606	939	1
606	1527	1
606	1528	1
606	2204	1
606	2276	1
606	2378	1
606	2629	1
606	2670	1
607	326	1
607	704	1
607	900	1
607	1580	1
607	3144	1
607	3159	1
608	645	1
608	753	1
608	1055	1
608	1057	1
608	1341	1
608	2353	1
608	45	1
608	62	1
608	159	1
608	235	1
608	292	1
608	335	1
608	2865	1
608	2868	1
608	2872	1
608	464	1
608	2952	1
608	2971	1
608	2997	1
608	3004	1
608	3063	1
608	3157	1
608	3205	1
609	144	1
609	589	1
609	821	1
609	1416	1
609	1593	1
610	2436	1
610	2564	1
610	2608	1
610	2654	1
610	2680	1
610	2166	1
610	2442	1
610	2593	1
611	335	1
611	686	1
611	1941	1
611	2290	1
611	2303	1
611	2332	1
611	2389	1
611	2460	1
611	2481	1
611	2217	1
611	2218	1
612	2062	1
612	2341	1
612	2351	1
612	2386	1
612	2395	1
612	2408	1
612	1793	1
613	1357	1
613	3179	1
613	1751	1
613	2397	1
613	2668	1
614	222	1
614	366	1
614	591	1
614	833	1
614	881	1
614	1003	1
614	1177	1
614	1217	1
614	1469	1
614	1676	1
614	1856	1
614	2002	1
615	556	1
615	1057	1
615	1563	1
615	2140	1
615	1849	1
616	46	1
616	920	1
616	1456	1
616	1495	1
616	1625	1
616	1904	1
616	1988	1
616	2065	1
616	2228	1
616	2317	1
617	257	1
617	1675	1
617	1816	1
617	1965	1
617	2443	1
617	2541	1
618	1020	1
618	1793	1
618	2490	1
618	2629	1
618	2663	1
619	376	1
619	973	1
619	1385	1
619	1416	1
619	1418	1
619	2204	1
619	2276	1
619	2344	1
619	2368	1
619	2386	1
620	496	1
620	974	1
620	1399	1
620	2147	1
620	2226	1
620	2228	1
620	2441	1
620	2462	1
620	2533	1
621	544	1
621	1171	1
621	87	1
621	700	1
621	1129	1
621	3118	1
622	762	1
622	1217	1
622	1260	1
622	2129	1
622	2147	1
622	2239	1
622	3215	1
622	3241	1
623	249	1
623	492	1
623	580	1
623	743	1
623	1288	1
623	1646	1
623	2893	1
623	2903	1
623	2993	1
623	770	1
624	294	1
624	2616	1
624	2623	1
624	2652	1
624	2832	1
624	2871	1
624	2956	1
624	685	1
624	842	1
624	3073	1
624	3092	1
625	130	1
625	134	1
625	138	1
625	155	1
625	770	1
625	1017	1
625	1217	1
625	1280	1
625	1385	1
625	1399	1
625	1482	1
625	1672	1
625	1911	1
625	2002	1
625	2174	1
625	2251	1
625	2334	1
625	2523	1
625	2774	1
625	70	1
625	2971	1
625	3160	1
625	3230	1
625	2465	1
626	2309	1
626	2518	1
626	2576	1
626	2578	1
626	2605	1
626	2610	1
626	2611	1
626	2639	1
627	706	1
627	1643	1
627	2622	1
627	2668	1
627	201	1
627	2928	1
627	3054	1
627	1644	1
627	2073	1
627	2658	1
628	1605	1
628	2430	1
628	2439	1
628	2655	1
628	2749	1
629	382	1
629	434	1
629	795	1
629	1347	1
629	1359	1
630	1093	1
630	1217	1
630	1436	1
630	2948	1
630	2969	1
630	3009	1
631	846	1
631	1643	1
631	2112	1
631	2465	1
631	3197	1
631	1534	1
632	1976	1
632	2179	1
632	2271	1
632	2567	1
632	2656	1
633	1558	1
633	2572	1
633	377	1
633	2883	1
633	430	1
633	1488	1
633	2670	1
633	2750	1
634	380	1
634	738	1
634	1106	1
634	1541	1
634	2621	1
634	3107	1
635	142	1
635	146	1
635	157	1
635	162	1
635	164	1
635	235	1
635	319	1
635	406	1
635	462	1
635	728	1
635	731	1
635	756	1
635	757	1
635	832	1
635	959	1
636	653	1
636	1204	1
636	1944	1
636	1975	1
636	1426	1
637	1710	1
637	2363	1
637	2386	1
637	2396	1
637	2478	1
638	1684	1
638	2162	1
638	2213	1
638	2712	1
638	1530	1
638	2043	1
638	2057	1
638	3312	1
639	1276	1
639	1646	1
639	1905	1
639	2110	1
639	2828	1
639	3007	1
639	2213	1
640	682	1
640	742	1
640	1256	1
640	2092	1
640	2192	1
640	2493	1
640	2523	1
640	2612	1
640	652	1
640	3008	1
640	765	1
640	979	1
640	1181	1
640	3192	1
640	1780	1
640	3308	1
641	156	1
641	1659	1
641	1731	1
641	2226	1
641	2228	1
642	1580	1
642	2045	1
642	2163	1
642	2186	1
642	2408	1
642	3245	1
642	2058	1
642	2460	1
642	2532	1
643	362	1
643	841	1
643	1260	1
643	1641	1
643	2083	1
643	2918	1
643	2955	1
643	1539	1
643	1648	1
643	1950	1
643	3247	1
643	3257	1
643	2521	1
644	136	1
644	2810	1
644	489	1
644	2919	1
644	2954	1
644	798	1
644	1441	1
644	1855	1
645	1104	1
645	1323	1
645	1325	1
645	1620	1
645	1751	1
645	1753	1
645	2122	1
645	2125	1
645	2221	1
645	2224	1
645	2507	1
645	2622	1
645	2654	1
645	2667	1
645	2694	1
645	2706	1
645	2711	1
645	2747	1
645	2749	1
645	2750	1
645	3225	1
645	1811	1
645	2072	1
645	3327	1
646	985	1
646	1136	1
646	1965	1
646	2175	1
646	2294	1
646	2443	1
646	2474	1
646	2487	1
646	2541	1
646	2564	1
646	2688	1
646	2902	1
646	3218	1
646	3254	1
647	2306	1
647	2307	1
647	2700	1
647	2088	1
647	2190	1
648	74	1
648	168	1
648	301	1
648	305	1
648	347	1
648	1109	1
648	1343	1
648	1867	1
648	2472	1
649	335	1
649	1237	1
649	1456	1
649	2769	1
649	2849	1
649	537	1
649	3065	1
649	3141	1
650	1532	1
650	2061	1
650	2070	1
650	2101	1
650	2167	1
650	2271	1
650	2656	1
651	77	1
651	496	1
651	733	1
651	1468	1
651	1731	1
651	1915	1
651	1956	1
651	1965	1
651	2084	1
651	2115	1
651	2151	1
651	1556	1
652	2505	1
652	2618	1
652	2718	1
652	2750	1
652	2757	1
652	2655	1
653	147	1
653	198	1
653	1915	1
653	2224	1
653	2228	1
653	2362	1
653	2364	1
653	2365	1
653	2366	1
653	2367	1
653	2368	1
653	2369	1
653	2370	1
653	2371	1
653	2372	1
653	2378	1
653	2395	1
653	2396	1
653	2429	1
653	2468	1
653	2478	1
653	2532	1
653	2555	1
653	2581	1
653	3266	1
654	1705	1
654	2165	1
654	2460	1
654	2478	1
654	2508	1
654	2591	1
655	228	1
655	250	1
655	586	1
655	604	1
655	628	1
655	663	1
655	704	1
655	830	1
655	965	1
655	995	1
655	1328	1
655	1359	1
655	2055	1
655	2979	1
656	32	1
656	1325	1
656	1387	1
656	2079	1
656	2082	1
656	2552	1
656	2081	1
656	2343	1
656	2385	1
657	2408	1
657	2429	1
657	2531	1
657	2622	1
657	2722	1
657	2737	1
657	3232	1
658	428	1
658	1155	1
658	2557	1
658	2765	1
658	438	1
658	448	1
658	2740	1
659	83	1
659	855	1
659	1902	1
659	1903	1
659	2161	1
659	2402	1
659	1487	1
659	1604	1
659	3239	1
660	1547	1
660	2863	1
660	475	1
660	3263	1
660	2369	1
661	1259	1
661	1371	1
661	2222	1
661	2226	1
661	2238	1
661	2310	1
661	2395	1
661	2408	1
661	3204	1
662	1558	1
662	2646	1
662	2986	1
662	1665	1
662	2528	1
662	3319	1
662	2647	1
663	2271	1
663	2656	1
663	2721	1
663	2725	1
663	1491	1
663	3296	1
664	83	1
664	161	1
664	247	1
664	338	1
664	461	1
664	496	1
664	621	1
664	653	1
664	697	1
664	799	1
664	918	1
664	945	1
664	1065	1
664	1115	1
664	1125	1
664	1286	1
664	1547	1
664	1948	1
664	2087	1
664	2569	1
665	363	1
665	553	1
665	655	1
665	1219	1
665	1373	1
665	1383	1
665	1628	1
665	1696	1
665	1938	1
665	2384	1
665	2554	1
665	2556	1
665	2565	1
665	1860	1
665	2520	1
666	22	1
666	130	1
666	134	1
666	135	1
666	138	1
666	154	1
666	396	1
666	406	1
666	411	1
666	412	1
666	415	1
666	418	1
666	419	1
666	431	1
666	428	1
666	438	1
666	460	1
666	471	1
666	472	1
666	495	1
666	504	1
666	658	1
666	670	1
666	1067	1
666	1095	1
666	2578	1
666	2790	1
666	2800	1
666	2804	1
666	2806	1
666	202	1
666	2846	1
666	353	1
666	2927	1
666	2935	1
666	671	1
666	2993	1
666	3012	1
666	3068	1
666	963	1
666	3075	1
666	3132	1
666	3133	1
666	1214	1
667	1301	1
667	1320	1
667	1358	1
667	2019	1
667	2224	1
667	2228	1
667	2327	1
667	2380	1
667	2395	1
667	2396	1
668	1219	1
668	1682	1
668	1786	1
668	2167	1
668	1486	1
669	445	1
669	493	1
669	642	1
669	838	1
669	974	1
669	2951	1
669	852	1
670	316	1
670	17	1
670	362	1
670	824	1
670	3038	1
670	859	1
670	897	1
670	3106	1
670	3170	1
671	49	1
671	214	1
671	438	1
671	1048	1
671	1285	1
671	1731	1
671	1920	1
671	1965	1
671	2042	1
671	2045	1
671	2058	1
671	2065	1
671	2073	1
671	2079	1
671	2093	1
671	2111	1
671	2121	1
671	2122	1
671	2123	1
671	2125	1
671	2126	1
671	2147	1
671	2150	1
671	2151	1
671	2157	1
671	2175	1
671	2177	1
671	2188	1
671	2203	1
671	2238	1
671	2268	1
671	2292	1
671	2318	1
671	2362	1
671	2379	1
671	2395	1
671	2408	1
671	2436	1
671	3168	1
671	1811	1
671	3233	1
671	3298	1
672	918	1
672	2262	1
672	2283	1
672	2506	1
672	2676	1
673	882	1
673	1452	1
673	2102	1
673	2522	1
673	2578	1
674	774	1
674	888	1
674	2007	1
674	2249	1
674	2478	1
675	632	1
675	928	1
675	1272	1
675	1438	1
675	1519	1
675	1674	1
675	1914	1
675	1963	1
675	2021	1
675	2111	1
675	2207	1
675	2255	1
675	2428	1
675	2475	1
675	2474	1
675	2497	1
675	2516	1
676	103	1
676	115	1
676	468	1
676	768	1
676	904	1
676	1215	1
677	1062	1
677	2668	1
677	2696	1
677	2411	1
677	3323	1
678	128	1
678	132	1
678	141	1
678	205	1
678	274	1
678	298	1
678	309	1
678	321	1
678	479	1
678	551	1
678	569	1
678	738	1
678	789	1
678	852	1
678	853	1
678	869	1
678	883	1
678	917	1
678	960	1
678	1004	1
678	1086	1
678	1097	1
678	1103	1
678	1135	1
678	1140	1
678	1148	1
678	1436	1
678	1443	1
678	1833	1
678	1835	1
678	2216	1
678	2802	1
678	2908	1
678	2964	1
678	3134	1
678	1842	1
678	1843	1
678	3265	1
678	3283	1
679	27	1
679	71	1
679	72	1
679	201	1
679	203	1
679	229	1
679	534	1
679	694	1
679	718	1
679	1087	1
679	1174	1
679	1193	1
679	1319	1
679	1459	1
679	1596	1
679	1620	1
679	1638	1
679	1673	1
679	1765	1
679	1767	1
679	1778	1
679	2059	1
679	2264	1
679	2364	1
679	2367	1
679	2368	1
679	2371	1
679	2396	1
679	812	1
680	251	1
680	510	1
680	535	1
680	1086	1
680	1137	1
680	1157	1
680	1174	1
680	1585	1
681	253	1
681	771	1
681	802	1
681	1423	1
681	2559	1
681	2616	1
681	2634	1
681	2667	1
681	2668	1
681	247	1
681	376	1
681	677	1
681	946	1
681	3080	1
681	3090	1
681	1541	1
681	3201	1
682	2381	1
682	2581	1
682	2808	1
682	2889	1
682	2991	1
682	3025	1
683	162	1
683	2202	1
683	2251	1
683	2396	1
683	2587	1
684	1252	1
684	1633	1
684	1741	1
684	2084	1
684	2380	1
684	2672	1
684	2759	1
684	182	1
684	764	1
684	3062	1
684	1027	1
684	1258	1
684	1322	1
684	1821	1
684	2231	1
684	3301	1
684	2655	1
685	586	1
685	327	1
685	340	1
685	3005	1
685	757	1
685	832	1
686	704	1
686	877	1
686	1065	1
686	1189	1
686	1252	1
686	1438	1
686	1472	1
686	1646	1
686	200	1
687	2576	1
687	2684	1
687	2759	1
687	2763	1
687	305	1
688	24	1
688	25	1
688	47	1
688	55	1
688	100	1
688	185	1
688	197	1
688	298	1
688	304	1
688	334	1
688	426	1
688	464	1
688	484	1
688	597	1
688	599	1
688	634	1
688	695	1
688	748	1
688	779	1
688	839	1
688	858	1
688	958	1
688	968	1
688	1178	1
688	1193	1
688	1285	1
688	1413	1
688	1446	1
688	1562	1
688	1569	1
688	1611	1
688	1672	1
688	1702	1
688	1730	1
688	1757	1
688	1809	1
688	1861	1
688	1909	1
688	1920	1
688	2147	1
688	2307	1
688	2415	1
688	2482	1
688	2550	1
689	44	1
689	251	1
689	537	1
689	570	1
689	704	1
689	759	1
689	885	1
689	1076	1
689	1078	1
689	1083	1
689	1116	1
689	1154	1
689	1266	1
689	1388	1
689	1867	1
689	1868	1
689	2019	1
689	2118	1
690	1999	1
690	2348	1
690	2544	1
690	2640	1
690	978	1
690	2010	1
691	1073	1
691	1538	1
691	1625	1
691	2082	1
691	2284	1
691	2398	1
691	2649	1
692	958	1
692	1482	1
692	1533	1
692	1775	1
692	2073	1
692	2147	1
692	2188	1
692	961	1
693	165	1
693	177	1
693	665	1
693	909	1
693	1110	1
693	2364	1
693	2780	1
693	2804	1
693	2899	1
693	540	1
693	3108	1
693	3121	1
693	1229	1
694	1219	1
694	1429	1
694	1630	1
694	1808	1
694	2510	1
694	2519	1
695	908	1
695	910	1
695	1123	1
695	2478	1
695	2850	1
696	286	1
696	1676	1
696	1745	1
696	2033	1
696	2174	1
696	2275	1
696	2299	1
696	2318	1
696	2322	1
696	2334	1
696	2454	1
696	2016	1
696	3302	1
697	339	1
697	407	1
697	1373	1
697	2368	1
697	2510	1
697	2578	1
697	2718	1
697	2778	1
697	161	1
697	226	1
697	227	1
697	2827	1
697	248	1
697	283	1
697	2846	1
697	2853	1
697	347	1
697	2855	1
697	377	1
697	2876	1
697	397	1
697	2883	1
697	422	1
697	430	1
697	449	1
697	2894	1
697	460	1
697	467	1
697	494	1
697	585	1
697	607	1
697	2977	1
697	694	1
697	768	1
697	3024	1
697	3037	1
697	3041	1
697	3057	1
697	936	1
697	3070	1
697	3071	1
697	946	1
697	1192	1
697	3161	1
697	1327	1
697	1360	1
697	1389	1
697	1531	1
697	1605	1
697	1738	1
697	3226	1
697	1967	1
697	2030	1
697	3263	1
697	3264	1
697	2084	1
697	3278	1
697	3293	1
697	3294	1
697	2264	1
697	2406	1
697	2430	1
697	2447	1
697	3313	1
697	3318	1
697	3320	1
698	1018	1
698	3147	1
698	1408	1
698	1782	1
698	1925	1
698	2054	1
698	2071	1
698	2074	1
698	2119	1
699	401	1
699	518	1
699	578	1
699	965	1
699	1095	1
699	2334	1
699	495	1
699	2957	1
699	3001	1
699	3018	1
699	807	1
699	2471	1
700	162	1
700	1153	1
700	2490	1
700	2870	1
700	490	1
700	2548	1
700	2728	1
701	1302	1
701	1557	1
701	1580	1
701	1650	1
701	1728	1
701	1739	1
701	1790	1
701	1838	1
701	1871	1
702	284	1
702	2270	1
702	13	1
702	17	1
702	2789	1
702	2798	1
702	2800	1
702	155	1
702	2804	1
702	2806	1
702	165	1
702	180	1
702	297	1
702	2854	1
702	2875	1
702	421	1
702	444	1
702	2924	1
702	2944	1
702	2955	1
702	626	1
702	2967	1
702	2993	1
702	3012	1
702	3036	1
702	3067	1
702	959	1
702	987	1
702	3097	1
702	1075	1
702	3104	1
702	1101	1
702	1120	1
702	3115	1
702	1159	1
702	1224	1
702	3148	1
702	3202	1
703	426	1
703	482	1
703	919	1
703	1436	1
703	1500	1
704	245	1
704	268	1
704	1610	1
704	314	1
704	2948	1
704	882	1
704	1427	1
704	1553	1
704	1967	1
705	1011	1
705	1753	1
705	2937	1
705	1143	1
705	1195	1
705	3175	1
705	2482	1
706	232	1
706	605	1
706	807	1
706	2864	1
706	2913	1
706	3154	1
707	1137	1
707	2578	1
707	2642	1
707	2700	1
707	834	1
708	2228	1
708	299	1
708	422	1
708	633	1
708	853	1
709	108	1
709	1293	1
709	1491	1
709	1505	1
709	1521	1
709	1524	1
709	1531	1
709	1532	1
709	1539	1
709	1560	1
709	1567	1
709	1568	1
709	1569	1
709	1570	1
709	1571	1
709	1572	1
709	1573	1
709	1574	1
709	1575	1
709	1576	1
709	1600	1
709	1602	1
709	1618	1
709	1636	1
709	1653	1
709	1730	1
709	1787	1
709	1814	1
709	1836	1
709	1838	1
709	1839	1
709	1869	1
709	1882	1
709	1883	1
709	1950	1
709	1966	1
709	2089	1
709	2135	1
709	2170	1
709	3240	1
710	33	1
710	63	1
710	512	1
710	1713	1
710	3023	1
710	1222	1
710	2701	1
711	304	1
711	397	1
711	541	1
711	611	1
711	748	1
711	1251	1
711	1343	1
711	2395	1
711	2471	1
711	2631	1
711	2643	1
711	2656	1
711	1171	1
712	2278	1
712	2413	1
712	2620	1
712	2767	1
712	3058	1
712	1502	1