0	1103	1.0
0	1279	1.0
0	1524	1.0
0	1281	1.0
0	1530	1.0
0	1441	1.0
0	1250	1.0
0	1502	1.0
0	1452	1.0
1	1487	1.0
1	1551	1.0
1	979	1.0
1	1064	1.0
1	1553	1.0
1	263	1.0
2	1443	1.0
2	1325	1.0
2	1488	1.0
2	974	1.0
2	1381	1.0
2	267	1.0
2	1464	1.0
2	1604	1.0
2	1452	1.0
2	1474	1.0
2	1600	1.0
2	1250	1.0
2	1527	1.0
2	576	1.0
2	309	1.0
3	1209	1.0
3	2158	1.0
3	2227	1.0
3	1131	1.0
3	627	1.0
3	370	1.0
3	444	1.0
3	2099	1.0
3	808	1.0
3	1000	1.0
3	2137	1.0
3	206	1.0
3	2153	1.0
3	2273	1.0
3	566	1.0
3	1210	1.0
3	2129	1.0
3	2288	1.0
3	560	1.0
3	1110	1.0
3	1189	1.0
3	2293	1.0
3	100	1.0
3	858	1.0
3	2111	1.0
3	2155	1.0
3	762	1.0
3	7	1.0
3	1584	1.0
3	2174	1.0
3	2028	1.0
3	743	1.0
3	763	1.0
3	2145	1.0
3	630	1.0
3	564	1.0
3	2243	1.0
3	2117	1.0
3	1188	1.0
3	2062	1.0
3	1133	1.0
3	2226	1.0
3	1130	1.0
3	572	1.0
3	2098	1.0
3	833	1.0
3	2228	1.0
3	2055	1.0
3	603	1.0
3	2457	1.0
3	2284	1.0
3	2068	1.0
3	778	1.0
3	2130	1.0
3	1452	1.0
3	2285	1.0
3	493	1.0
3	2209	1.0
3	2022	1.0
3	2222	1.0
3	857	1.0
3	2230	1.0
3	837	1.0
3	1161	1.0
3	186	1.0
3	341	1.0
3	1325	1.0
3	251	1.0
3	215	1.0
3	2168	1.0
3	1531	1.0
3	1933	1.0
3	2207	1.0
3	218	1.0
3	2094	1.0
3	1488	1.0
3	1002	1.0
3	2166	1.0
3	135	1.0
3	812	1.0
3	397	1.0
3	2298	1.0
3	541	1.0
3	1179	1.0
3	405	1.0
4	2	1.0
4	3	1.0
4	1964	1.0
4	1	1.0
4	2001	1.0
4	1979	1.0
5	1751	1.0
5	1025	1.0
5	1218	1.0
5	456	1.0
5	255	1.0
5	1009	1.0
6	3	1.0
6	828	1.0
6	805	1.0
6	614	1.0
7	1332	1.0
7	1467	1.0
7	903	1.0
7	1272	1.0
7	913	1.0
8	498	1.0
8	1194	1.0
8	968	1.0
8	1241	1.0
8	1870	1.0
8	551	1.0
8	406	1.0
8	1278	1.0
8	1006	1.0
9	1284	1.0
9	899	1.0
9	841	1.0
9	1526	1.0
10	613	1.0
10	1770	1.0
10	28	1.0
10	2237	1.0
10	2095	1.0
10	1291	1.0
10	29	1.0
10	1716	1.0
10	1114	1.0
10	1718	1.0
10	1715	1.0
10	457	1.0
10	1721	1.0
10	1723	1.0
10	1739	1.0
10	1717	1.0
10	881	1.0
10	163	1.0
10	1720	1.0
10	489	1.0
10	27	1.0
10	2241	1.0
10	1722	1.0
10	2303	1.0
11	2353	1.0
11	636	1.0
11	1827	1.0
11	2420	1.0
12	284	1.0
12	1819	1.0
12	2427	1.0
12	1813	1.0
12	865	1.0
13	708	1.0
13	373	1.0
13	709	1.0
13	1341	1.0
14	815	1.0
14	1507	1.0
14	1850	1.0
14	25	1.0
14	885	1.0
15	1435	1.0
15	1702	1.0
15	1651	1.0
15	1070	1.0
15	1596	1.0
15	1251	1.0
15	1171	1.0
16	1886	1.0
16	1891	1.0
16	1785	1.0
16	614	1.0
17	343	1.0
17	332	1.0
17	256	1.0
17	288	1.0
17	303	1.0
17	1418	1.0
17	382	1.0
17	425	1.0
17	1020	1.0
17	1182	1.0
17	1381	1.0
17	993	1.0
17	169	1.0
17	977	1.0
17	1022	1.0
17	574	1.0
17	1046	1.0
18	1826	1.0
18	1086	1.0
18	1743	1.0
18	997	1.0
18	1290	1.0
18	1808	1.0
18	1364	1.0
19	1821	1.0
19	1261	1.0
19	1972	1.0
19	1320	1.0
19	1730	1.0
19	937	1.0
20	632	1.0
20	720	1.0
20	1825	1.0
20	1280	1.0
20	867	1.0
21	380	1.0
21	2087	1.0
21	204	1.0
21	880	1.0
21	1418	1.0
22	1629	1.0
22	1381	1.0
22	1582	1.0
22	1611	1.0
22	1583	1.0
22	1660	1.0
22	884	1.0
23	649	1.0
23	575	1.0
23	1178	1.0
23	529	1.0
24	884	1.0
24	1305	1.0
24	753	1.0
24	1101	1.0
24	684	1.0
24	2	1.0
24	1156	1.0
24	756	1.0
24	878	1.0
24	836	1.0
24	2060	1.0
24	805	1.0
24	1333	1.0
24	935	1.0
24	316	1.0
24	1079	1.0
24	1181	1.0
24	127	1.0
24	1116	1.0
24	140	1.0
24	921	1.0
24	911	1.0
24	75	1.0
24	691	1.0
24	1110	1.0
24	757	1.0
25	1560	1.0
25	1095	1.0
25	1170	1.0
25	1902	1.0
25	1822	1.0
25	1741	1.0
25	1811	1.0
25	1297	1.0
25	1480	1.0
25	1734	1.0
25	1622	1.0
26	40	1.0
26	626	1.0
26	1522	1.0
26	602	1.0
27	440	1.0
27	515	1.0
27	1000	1.0
27	367	1.0
27	334	1.0
27	120	1.0
27	631	1.0
28	1678	1.0
28	1536	1.0
28	24	1.0
28	869	1.0
28	1422	1.0
28	155	1.0
28	82	1.0
29	1144	1.0
29	1190	1.0
29	492	1.0
29	1226	1.0
29	646	1.0
29	1250	1.0
29	755	1.0
29	1060	1.0
29	1461	1.0
29	754	1.0
29	1278	1.0
29	1145	1.0
29	1186	1.0
30	1053	1.0
30	1056	1.0
30	1100	1.0
30	84	1.0
30	1794	1.0
30	1018	1.0
30	319	1.0
31	2318	1.0
31	1883	1.0
31	1743	1.0
31	2002	1.0
31	1823	1.0
31	1691	1.0
32	726	1.0
32	713	1.0
32	648	1.0
32	740	1.0
32	831	1.0
32	523	1.0
32	877	1.0
32	905	1.0
32	893	1.0
32	235	1.0
32	504	1.0
33	1244	1.0
33	404	1.0
33	86	1.0
33	853	1.0
33	1342	1.0
34	1663	1.0
34	1155	1.0
34	937	1.0
34	1666	1.0
34	1093	1.0
34	676	1.0
35	1176	1.0
35	378	1.0
35	1259	1.0
35	1254	1.0
35	1228	1.0
35	1285	1.0
36	1285	1.0
36	1859	1.0
36	1022	1.0
36	2325	1.0
36	2057	1.0
36	1924	1.0
36	1914	1.0
36	2366	1.0
36	1409	1.0
36	2069	1.0
36	1925	1.0
37	966	1.0
37	912	1.0
37	1021	1.0
37	2190	1.0
37	1042	1.0
37	289	1.0
37	1757	1.0
37	1505	1.0
37	852	1.0
37	1542	1.0
37	1859	1.0
37	1620	1.0
37	1993	1.0
37	644	1.0
37	1559	1.0
37	1187	1.0
37	140	1.0
37	1243	1.0
37	1161	1.0
37	2075	1.0
37	1746	1.0
37	1739	1.0
37	490	1.0
37	1468	1.0
37	1688	1.0
37	1389	1.0
37	1874	1.0
37	1031	1.0
37	1421	1.0
37	1982	1.0
37	641	1.0
37	1641	1.0
37	55	1.0
37	1998	1.0
37	1637	1.0
37	123	1.0
37	753	1.0
37	448	1.0
37	1416	1.0
37	1999	1.0
37	1310	1.0
37	1612	1.0
37	819	1.0
37	216	1.0
37	634	1.0
37	1469	1.0
37	948	1.0
37	519	1.0
37	1372	1.0
37	1896	1.0
37	689	1.0
37	1098	1.0
37	836	1.0
37	1658	1.0
37	1388	1.0
37	714	1.0
37	906	1.0
37	1629	1.0
37	1010	1.0
37	974	1.0
37	1907	1.0
37	1232	1.0
37	1924	1.0
37	1199	1.0
37	731	1.0
37	1638	1.0
37	1203	1.0
37	406	1.0
37	961	1.0
37	1614	1.0
37	537	1.0
37	1671	1.0
37	1748	1.0
37	194	1.0
37	1543	1.0
37	588	1.0
37	1958	1.0
37	890	1.0
37	1014	1.0
37	513	1.0
37	1931	1.0
37	1315	1.0
37	991	1.0
37	905	1.0
37	1585	1.0
37	516	1.0
37	1271	1.0
37	1932	1.0
37	810	1.0
37	893	1.0
37	597	1.0
37	557	1.0
37	1406	1.0
37	1791	1.0
37	729	1.0
37	1452	1.0
37	782	1.0
37	424	1.0
37	900	1.0
37	635	1.0
37	2008	1.0
37	1501	1.0
37	1971	1.0
37	1089	1.0
37	1348	1.0
37	161	1.0
37	1230	1.0
37	1621	1.0
37	748	1.0
37	1554	1.0
37	1833	1.0
37	1763	1.0
37	286	1.0
37	2436	1.0
37	1325	1.0
37	2160	1.0
37	1642	1.0
37	1526	1.0
37	18	1.0
37	1020	1.0
37	1142	1.0
37	1852	1.0
37	282	1.0
37	531	1.0
37	1324	1.0
37	835	1.0
37	1198	1.0
37	666	1.0
37	310	1.0
37	904	1.0
37	1984	1.0
37	551	1.0
37	1241	1.0
37	1790	1.0
37	446	1.0
37	143	1.0
37	533	1.0
37	889	1.0
37	1704	1.0
37	1795	1.0
37	1989	1.0
37	345	1.0
37	1914	1.0
37	1578	1.0
37	605	1.0
37	1616	1.0
37	717	1.0
37	1	1.0
37	1764	1.0
37	1381	1.0
37	1996	1.0
37	1024	1.0
37	21	1.0
37	949	1.0
37	1354	1.0
37	1432	1.0
37	1436	1.0
37	168	1.0
37	1525	1.0
37	1613	1.0
37	740	1.0
37	726	1.0
37	1955	1.0
37	461	1.0
37	642	1.0
37	1716	1.0
37	1107	1.0
37	2161	1.0
37	1132	1.0
37	1734	1.0
37	1587	1.0
37	1622	1.0
37	171	1.0
37	405	1.0
37	1135	1.0
37	1311	1.0
37	1718	1.0
37	307	1.0
37	1504	1.0
37	1580	1.0
37	933	1.0
37	738	1.0
37	1180	1.0
37	562	1.0
37	1847	1.0
37	1050	1.0
37	1634	1.0
37	1356	1.0
37	1938	1.0
37	711	1.0
37	1731	1.0
37	1604	1.0
37	1285	1.0
37	1330	1.0
37	225	1.0
37	990	1.0
37	1117	1.0
37	690	1.0
37	1994	1.0
37	1877	1.0
37	934	1.0
37	458	1.0
37	2441	1.0
37	704	1.0
37	1988	1.0
37	1590	1.0
37	1966	1.0
37	1316	1.0
37	1118	1.0
37	1488	1.0
37	1102	1.0
37	721	1.0
37	854	1.0
37	2208	1.0
37	1973	1.0
37	846	1.0
37	692	1.0
37	2029	1.0
37	963	1.0
37	1694	1.0
37	947	1.0
37	1558	1.0
37	1700	1.0
37	1636	1.0
37	565	1.0
37	464	1.0
37	1784	1.0
37	1408	1.0
37	1783	1.0
37	451	1.0
37	2213	1.0
37	1872	1.0
37	42	1.0
37	456	1.0
37	2046	1.0
37	1140	1.0
37	1216	1.0
37	392	1.0
37	174	1.0
37	1923	1.0
37	2061	1.0
37	487	1.0
37	1557	1.0
37	1094	1.0
37	1915	1.0
37	1740	1.0
37	1486	1.0
37	1959	1.0
37	994	1.0
37	587	1.0
37	841	1.0
37	888	1.0
37	1503	1.0
37	713	1.0
37	445	1.0
37	133	1.0
37	1411	1.0
37	939	1.0
37	732	1.0
37	705	1.0
37	923	1.0
37	985	1.0
37	1459	1.0
37	591	1.0
37	593	1.0
37	1284	1.0
37	1171	1.0
37	1846	1.0
37	842	1.0
37	1960	1.0
37	20	1.0
37	1451	1.0
37	1679	1.0
37	579	1.0
37	1789	1.0
37	434	1.0
37	875	1.0
37	649	1.0
37	1068	1.0
37	1502	1.0
37	495	1.0
37	866	1.0
37	1882	1.0
37	1313	1.0
37	1648	1.0
37	485	1.0
37	686	1.0
37	981	1.0
37	1034	1.0
37	2302	1.0
37	1046	1.0
37	1286	1.0
37	2413	1.0
37	677	1.0
37	1022	1.0
37	743	1.0
37	1589	1.0
37	922	1.0
37	1766	1.0
37	730	1.0
37	1640	1.0
37	1726	1.0
37	1123	1.0
37	1749	1.0
37	285	1.0
37	1314	1.0
37	620	1.0
37	1437	1.0
37	1476	1.0
37	727	1.0
37	1561	1.0
37	139	1.0
37	1465	1.0
37	210	1.0
37	1088	1.0
37	94	1.0
37	877	1.0
37	645	1.0
37	1477	1.0
37	1462	1.0
37	2051	1.0
37	1453	1.0
37	220	1.0
37	1005	1.0
37	739	1.0
37	1677	1.0
37	1418	1.0
37	524	1.0
37	1489	1.0
37	1490	1.0
37	1908	1.0
37	439	1.0
37	699	1.0
37	1464	1.0
37	724	1.0
37	305	1.0
37	1309	1.0
37	1306	1.0
37	1611	1.0
37	1235	1.0
37	817	1.0
37	1049	1.0
37	1323	1.0
37	1920	1.0
37	1015	1.0
37	1141	1.0
37	718	1.0
37	1929	1.0
37	712	1.0
37	973	1.0
37	1906	1.0
38	863	1.0
38	1360	1.0
38	855	1.0
38	658	1.0
38	899	1.0
38	1410	1.0
38	1208	1.0
38	269	1.0
38	702	1.0
38	125	1.0
38	345	1.0
38	1750	1.0
38	1526	1.0
38	350	1.0
38	1990	1.0
38	161	1.0
39	50	1.0
39	438	1.0
39	564	1.0
39	570	1.0
39	561	1.0
39	245	1.0
40	1320	1.0
40	853	1.0
40	73	1.0
40	1598	1.0
41	700	1.0
41	1862	1.0
41	1248	1.0
41	894	1.0
41	1883	1.0
41	853	1.0
42	1980	1.0
42	957	1.0
42	716	1.0
42	1009	1.0
42	710	1.0
42	1817	1.0
42	1865	1.0
42	915	1.0
42	684	1.0
42	959	1.0
43	1110	1.0
43	1628	1.0
43	305	1.0
43	2	1.0
44	226	1.0
44	1601	1.0
44	1673	1.0
44	1707	1.0
44	2011	1.0
44	456	1.0
44	1861	1.0
45	624	1.0
45	1925	1.0
45	1068	1.0
45	547	1.0
45	629	1.0
45	426	1.0
45	366	1.0
45	551	1.0
45	464	1.0
45	540	1.0
45	818	1.0
45	1021	1.0
45	853	1.0
45	487	1.0
45	432	1.0
45	1696	1.0
45	774	1.0
46	1169	1.0
46	1126	1.0
46	1059	1.0
46	1116	1.0
47	1516	1.0
47	688	1.0
47	386	1.0
47	1686	1.0
47	1982	1.0
48	2	1.0
48	1455	1.0
48	1016	1.0
48	1950	1.0
48	1048	1.0
48	853	1.0
48	271	1.0
48	954	1.0
48	1665	1.0
48	456	1.0
48	1826	1.0
48	2002	1.0
48	245	1.0
48	1676	1.0
48	695	1.0
48	1869	1.0
49	825	1.0
49	404	1.0
49	262	1.0
49	1398	1.0
49	1206	1.0
49	488	1.0
49	806	1.0
49	1153	1.0
49	872	1.0
49	1147	1.0
49	481	1.0
49	544	1.0
49	1521	1.0
49	1481	1.0
49	2249	1.0
49	715	1.0
49	1394	1.0
49	1172	1.0
49	788	1.0
49	1402	1.0
49	1191	1.0
49	391	1.0
49	1553	1.0
49	1337	1.0
49	1064	1.0
49	1440	1.0
49	415	1.0
49	387	1.0
49	551	1.0
49	1433	1.0
49	679	1.0
49	1396	1.0
49	733	1.0
49	1303	1.0
49	706	1.0
49	1129	1.0
49	1164	1.0
49	496	1.0
49	1649	1.0
49	1400	1.0
49	198	1.0
49	901	1.0
49	2334	1.0
49	1111	1.0
49	416	1.0
49	979	1.0
49	1293	1.0
49	892	1.0
49	1296	1.0
49	1067	1.0
49	802	1.0
49	263	1.0
49	762	1.0
49	90	1.0
49	871	1.0
49	1165	1.0
50	521	1.0
50	1353	1.0
50	879	1.0
50	863	1.0
50	804	1.0
50	2331	1.0
51	724	1.0
51	826	1.0
51	1242	1.0
51	1895	1.0
52	1635	1.0
52	30	1.0
52	2449	1.0
52	1688	1.0
52	1984	1.0
52	2450	1.0
52	1836	1.0
52	1834	1.0
52	1524	1.0
52	2346	1.0
52	1690	1.0
52	1837	1.0
52	1878	1.0
52	1568	1.0
52	1609	1.0
52	1737	1.0
52	1735	1.0
52	2431	1.0
52	1633	1.0
52	1835	1.0
52	1571	1.0
52	1544	1.0
53	1260	1.0
53	1278	1.0
53	654	1.0
53	1277	1.0
53	952	1.0
53	1181	1.0
53	1068	1.0
53	1179	1.0
54	1176	1.0
54	1110	1.0
54	1718	1.0
54	1573	1.0
54	598	1.0
54	1219	1.0
54	933	1.0
54	1716	1.0
54	1169	1.0
54	1182	1.0
55	1418	1.0
55	2442	1.0
55	1347	1.0
55	1163	1.0
55	1702	1.0
55	1562	1.0
55	1207	1.0
55	1005	1.0
55	2399	1.0
55	1890	1.0
55	1124	1.0
55	1225	1.0
55	1631	1.0
56	341	1.0
56	381	1.0
56	146	1.0
56	2148	1.0
56	180	1.0
56	442	1.0
56	788	1.0
56	801	1.0
56	378	1.0
56	218	1.0
56	1026	1.0
56	397	1.0
56	375	1.0
56	72	1.0
56	396	1.0
57	325	1.0
57	711	1.0
57	136	1.0
57	1050	1.0
57	1285	1.0
58	949	1.0
58	785	1.0
58	1136	1.0
58	595	1.0
59	390	1.0
59	843	1.0
59	1718	1.0
59	1717	1.0
59	2141	1.0
59	2056	1.0
59	2216	1.0
59	952	1.0
59	2022	1.0
59	221	1.0
59	2110	1.0
59	1179	1.0
59	1715	1.0
59	137	1.0
59	931	1.0
59	1181	1.0
59	814	1.0
59	694	1.0
59	1555	1.0
59	341	1.0
59	2265	1.0
60	1359	1.0
60	1472	1.0
60	1564	1.0
60	1532	1.0
61	1572	1.0
61	853	1.0
61	1413	1.0
61	1317	1.0
61	749	1.0
61	1067	1.0
62	38	1.0
62	41	1.0
62	12	1.0
62	181	1.0
62	157	1.0
62	355	1.0
62	103	1.0
62	179	1.0
63	975	1.0
63	981	1.0
63	323	1.0
63	919	1.0
63	1184	1.0
63	518	1.0
63	1448	1.0
63	856	1.0
63	521	1.0
63	1349	1.0
63	268	1.0
63	468	1.0
63	480	1.0
63	313	1.0
64	665	1.0
64	703	1.0
64	341	1.0
64	1386	1.0
64	1393	1.0
64	1187	1.0
64	1854	1.0
64	1338	1.0
64	1387	1.0
64	978	1.0
64	1138	1.0
64	1731	1.0
64	1326	1.0
65	952	1.0
65	315	1.0
65	535	1.0
65	835	1.0
65	273	1.0
65	533	1.0
65	1250	1.0
66	1381	1.0
66	347	1.0
66	910	1.0
66	847	1.0
66	1418	1.0
66	672	1.0
67	1520	1.0
67	1430	1.0
67	1429	1.0
67	1166	1.0
68	148	1.0
68	61	1.0
68	276	1.0
68	2068	1.0
69	444	1.0
69	1685	1.0
69	138	1.0
69	555	1.0
69	449	1.0
70	1649	1.0
70	2340	1.0
70	563	1.0
70	1019	1.0
70	103	1.0
70	1829	1.0
70	1575	1.0
70	1166	1.0
70	259	1.0
70	539	1.0
70	1164	1.0
71	403	1.0
71	1527	1.0
71	419	1.0
71	88	1.0
71	591	1.0
71	102	1.0
71	113	1.0
72	1249	1.0
72	308	1.0
72	1184	1.0
72	202	1.0
72	1452	1.0
72	1286	1.0
72	1488	1.0
72	2274	1.0
72	1565	1.0
73	1444	1.0
73	1290	1.0
73	1438	1.0
73	1828	1.0
74	1154	1.0
74	586	1.0
74	790	1.0
74	1260	1.0
74	1244	1.0
74	304	1.0
75	134	1.0
75	728	1.0
75	917	1.0
75	2315	1.0
75	936	1.0
75	1885	1.0
75	906	1.0
75	2317	1.0
76	1183	1.0
76	1022	1.0
76	898	1.0
76	48	1.0
77	1698	1.0
77	1920	1.0
77	1230	1.0
77	1936	1.0
77	1690	1.0
77	1326	1.0
77	1731	1.0
78	340	1.0
78	500	1.0
78	365	1.0
78	2183	1.0
78	2178	1.0
79	977	1.0
79	1169	1.0
79	993	1.0
79	1181	1.0
80	2052	1.0
80	1174	1.0
80	2019	1.0
80	1780	1.0
81	1460	1.0
81	1743	1.0
81	1552	1.0
81	928	1.0
82	796	1.0
82	78	1.0
82	116	1.0
82	1821	1.0
82	839	1.0
82	840	1.0
82	1375	1.0
83	687	1.0
83	1737	1.0
83	322	1.0
83	152	1.0
83	1349	1.0
83	1484	1.0
83	1097	1.0
84	1162	1.0
84	309	1.0
84	1104	1.0
84	1118	1.0
85	1983	1.0
85	1371	1.0
85	1934	1.0
85	1319	1.0
86	891	1.0
86	58	1.0
86	2169	1.0
86	64	1.0
86	8	1.0
87	1239	1.0
87	1649	1.0
87	1786	1.0
87	2089	1.0
87	360	1.0
87	1878	1.0
87	2023	1.0
87	1918	1.0
87	1382	1.0
87	2177	1.0
87	1198	1.0
88	867	1.0
88	973	1.0
88	1433	1.0
88	845	1.0
88	670	1.0
88	15	1.0
88	512	1.0
89	1916	1.0
89	945	1.0
89	1233	1.0
89	894	1.0
89	1365	1.0
90	1116	1.0
90	1040	1.0
90	1260	1.0
90	722	1.0
90	1307	1.0
90	23	1.0
90	894	1.0
91	874	1.0
91	865	1.0
91	882	1.0
91	701	1.0
92	1360	1.0
92	1868	1.0
92	1773	1.0
92	1114	1.0
93	1182	1.0
93	1268	1.0
93	376	1.0
93	1267	1.0
93	816	1.0
93	1845	1.0
93	862	1.0
93	1818	1.0
93	411	1.0
93	478	1.0
93	2255	1.0
94	1965	1.0
94	1972	1.0
94	1968	1.0
94	1080	1.0
94	1971	1.0
94	1973	1.0
94	1741	1.0
94	1951	1.0
94	1941	1.0
94	1992	1.0
94	213	1.0
94	2009	1.0
94	1928	1.0
94	1986	1.0
94	1975	1.0
94	633	1.0
94	1954	1.0
94	1101	1.0
94	1953	1.0
94	1730	1.0
94	1977	1.0
94	1753	1.0
94	1215	1.0
94	1949	1.0
95	1622	1.0
95	38	1.0
95	1599	1.0
95	51	1.0
95	944	1.0
95	1033	1.0
95	866	1.0
95	351	1.0
95	472	1.0
95	1161	1.0
95	1325	1.0
95	1201	1.0
95	1241	1.0
95	1162	1.0
95	1069	1.0
95	1086	1.0
95	32	1.0
96	2123	1.0
96	1531	1.0
96	400	1.0
96	128	1.0
96	349	1.0
96	1474	1.0
96	1475	1.0
96	1591	1.0
96	1560	1.0
96	2124	1.0
96	1590	1.0
96	1654	1.0
97	2014	1.0
97	542	1.0
97	2267	1.0
97	2119	1.0
98	1999	1.0
98	1224	1.0
98	2275	1.0
98	440	1.0
98	783	1.0
98	1021	1.0
98	509	1.0
98	2283	1.0
98	1418	1.0
98	312	1.0
98	1961	1.0
98	1022	1.0
98	835	1.0
98	742	1.0
98	1615	1.0
98	998	1.0
98	347	1.0
98	1729	1.0
98	2212	1.0
99	92	1.0
99	1381	1.0
99	1445	1.0
99	59	1.0
100	5	1.0
100	321	1.0
100	823	1.0
100	1179	1.0
100	191	1.0
100	242	1.0
100	88	1.0
100	176	1.0
100	681	1.0
100	352	1.0
100	752	1.0
100	436	1.0
101	486	1.0
101	512	1.0
101	298	1.0
101	158	1.0
101	1285	1.0
101	296	1.0
102	1424	1.0
102	1288	1.0
102	1099	1.0
102	1063	1.0
103	319	1.0
103	550	1.0
103	1947	1.0
103	695	1.0
103	354	1.0
103	1495	1.0
103	61	1.0
103	656	1.0
104	606	1.0
104	1526	1.0
104	407	1.0
104	899	1.0
105	1713	1.0
105	1868	1.0
105	615	1.0
105	970	1.0
105	257	1.0
105	1392	1.0
105	952	1.0
105	1063	1.0
106	977	1.0
106	958	1.0
106	956	1.0
106	1068	1.0
107	120	1.0
107	964	1.0
107	2248	1.0
107	1418	1.0
107	1286	1.0
107	1236	1.0
108	1782	1.0
108	1781	1.0
108	1566	1.0
108	1606	1.0
109	1540	1.0
109	1536	1.0
109	1535	1.0
109	1537	1.0
110	339	1.0
110	571	1.0
110	1276	1.0
110	940	1.0
110	901	1.0
111	723	1.0
111	403	1.0
111	110	1.0
111	114	1.0
112	1940	1.0
112	2	1.0
112	75	1.0
112	1916	1.0
112	1810	1.0
112	1061	1.0
112	911	1.0
112	1305	1.0
112	37	1.0
113	2291	1.0
113	99	1.0
113	95	1.0
113	1567	1.0
113	549	1.0
113	2305	1.0
113	2002	1.0
114	87	1.0
114	2208	1.0
114	1028	1.0
114	18	1.0
115	1307	1.0
115	747	1.0
115	1521	1.0
115	607	1.0
115	1288	1.0
115	1533	1.0
116	227	1.0
116	1134	1.0
116	1355	1.0
116	1286	1.0
116	1312	1.0
116	1270	1.0
116	1772	1.0
116	1366	1.0
116	1420	1.0
116	1313	1.0
116	1292	1.0
116	1022	1.0
116	1211	1.0
117	247	1.0
117	248	1.0
117	1041	1.0
117	1246	1.0
117	85	1.0
118	347	1.0
118	1287	1.0
118	1319	1.0
118	1092	1.0
118	1273	1.0
118	808	1.0
118	834	1.0
118	1454	1.0
118	364	1.0
118	1313	1.0
118	1460	1.0
118	1108	1.0
118	511	1.0
118	571	1.0
118	1158	1.0
118	1384	1.0
118	1031	1.0
118	1466	1.0
118	1318	1.0
118	1373	1.0
118	1291	1.0
118	863	1.0
119	87	1.0
119	1373	1.0
119	1789	1.0
119	817	1.0
119	780	1.0
120	978	1.0
120	1288	1.0
120	1083	1.0
120	263	1.0
120	1326	1.0
120	1317	1.0
120	1691	1.0
121	526	1.0
121	1404	1.0
121	14	1.0
121	816	1.0
122	533	1.0
122	224	1.0
122	11	1.0
122	350	1.0
122	566	1.0
122	518	1.0
122	157	1.0
123	1690	1.0
123	1708	1.0
123	1930	1.0
123	1766	1.0
123	1824	1.0
123	1822	1.0
123	1885	1.0
124	1515	1.0
124	1434	1.0
124	142	1.0
124	1502	1.0
124	1464	1.0
124	1482	1.0
124	1452	1.0
124	1812	1.0
124	1241	1.0
124	467	1.0
124	1536	1.0
124	1560	1.0
124	2422	1.0
124	981	1.0
124	2360	1.0
124	1474	1.0
124	1128	1.0
124	1407	1.0
125	429	1.0
125	800	1.0
125	157	1.0
125	1585	1.0
126	466	1.0
126	2354	1.0
126	1322	1.0
126	1321	1.0
126	1234	1.0
126	231	1.0
126	765	1.0
126	1062	1.0
126	1100	1.0
127	933	1.0
127	1292	1.0
127	2304	1.0
127	1092	1.0
127	1187	1.0
128	1181	1.0
128	1223	1.0
128	1203	1.0
128	1060	1.0
128	1146	1.0
128	1074	1.0
128	952	1.0
128	1186	1.0
128	1737	1.0
128	1290	1.0
128	1187	1.0
128	1141	1.0
129	1629	1.0
129	1452	1.0
129	1414	1.0
129	1381	1.0
129	1355	1.0
129	1389	1.0
129	2389	1.0
129	1556	1.0
129	2221	1.0
129	1488	1.0
129	1313	1.0
129	2401	1.0
129	2405	1.0
129	1420	1.0
130	1223	1.0
130	1999	1.0
130	1536	1.0
130	1885	1.0
130	292	1.0
131	1262	1.0
131	849	1.0
131	1689	1.0
131	1544	1.0
131	1548	1.0
131	1568	1.0
131	234	1.0
131	1253	1.0
131	1706	1.0
131	1319	1.0
131	1983	1.0
131	2042	1.0
131	929	1.0
131	1905	1.0
131	1066	1.0
131	501	1.0
131	1318	1.0
131	1669	1.0
131	2007	1.0
131	217	1.0
131	443	1.0
131	1065	1.0
131	902	1.0
132	2326	1.0
132	178	1.0
132	2130	1.0
132	260	1.0
133	66	1.0
133	228	1.0
133	1488	1.0
133	1012	1.0
133	1285	1.0
133	69	1.0
133	106	1.0
133	289	1.0
133	1029	1.0
133	1280	1.0
133	526	1.0
133	1407	1.0
134	761	1.0
134	1112	1.0
134	1119	1.0
134	1122	1.0
134	1085	1.0
134	1121	1.0
134	614	1.0
135	1502	1.0
135	613	1.0
135	163	1.0
135	1933	1.0
136	1855	1.0
136	1581	1.0
136	512	1.0
136	1941	1.0
136	462	1.0
136	1572	1.0
136	1288	1.0
137	250	1.0
137	985	1.0
137	73	1.0
137	718	1.0
137	642	1.0
138	52	1.0
138	335	1.0
138	214	1.0
138	128	1.0
139	679	1.0
139	1850	1.0
139	1391	1.0
139	1419	1.0
139	924	1.0
140	1833	1.0
140	650	1.0
140	1693	1.0
140	1055	1.0
141	2203	1.0
141	2169	1.0
141	379	1.0
141	741	1.0
141	488	1.0
141	617	1.0
141	2027	1.0
141	153	1.0
141	2133	1.0
141	2143	1.0
141	544	1.0
141	22	1.0
141	1761	1.0
141	2020	1.0
141	561	1.0
141	1001	1.0
142	1344	1.0
142	1460	1.0
142	1080	1.0
142	749	1.0
143	893	1.0
143	547	1.0
143	23	1.0
143	777	1.0
143	1664	1.0
143	809	1.0
143	976	1.0
143	1546	1.0
144	1092	1.0
144	848	1.0
144	2204	1.0
144	749	1.0
144	2330	1.0
144	1538	1.0
144	1536	1.0
144	1063	1.0
145	1206	1.0
145	1397	1.0
145	1082	1.0
145	1398	1.0
145	1403	1.0
145	1303	1.0
145	1369	1.0
145	609	1.0
145	1168	1.0
146	491	1.0
146	1307	1.0
146	1100	1.0
146	568	1.0
146	249	1.0
146	981	1.0
146	1008	1.0
146	149	1.0
146	124	1.0
146	399	1.0
146	759	1.0
146	456	1.0
147	507	1.0
147	2225	1.0
147	996	1.0
147	1070	1.0
147	675	1.0
148	1412	1.0
148	401	1.0
148	1697	1.0
148	1407	1.0
149	1104	1.0
149	1298	1.0
149	952	1.0
149	1548	1.0
149	1385	1.0
149	274	1.0
149	1192	1.0
149	932	1.0
149	1110	1.0
149	34	1.0
149	1157	1.0
149	1046	1.0
149	732	1.0
149	1179	1.0
149	1016	1.0
149	742	1.0
149	854	1.0
150	582	1.0
150	356	1.0
150	1381	1.0
150	1288	1.0
150	1122	1.0
151	674	1.0
151	2223	1.0
151	611	1.0
151	347	1.0
152	576	1.0
152	1526	1.0
152	1102	1.0
152	899	1.0
153	481	1.0
153	476	1.0
153	406	1.0
153	592	1.0
153	519	1.0
153	594	1.0
153	448	1.0
153	661	1.0
153	123	1.0
153	612	1.0
153	1783	1.0
153	1563	1.0
153	2172	1.0
153	70	1.0
153	559	1.0
153	2160	1.0
153	520	1.0
153	454	1.0
153	697	1.0
153	410	1.0
153	452	1.0
153	1255	1.0
153	536	1.0
153	690	1.0
153	453	1.0
153	446	1.0
153	2167	1.0
153	458	1.0
153	776	1.0
153	580	1.0
153	909	1.0
153	1784	1.0
153	527	1.0
153	558	1.0
153	483	1.0
153	408	1.0
153	1159	1.0
153	372	1.0
153	505	1.0
153	94	1.0
153	451	1.0
153	415	1.0
153	44	1.0
154	705	1.0
154	984	1.0
154	1181	1.0
154	985	1.0
155	1528	1.0
155	942	1.0
155	530	1.0
155	1474	1.0
155	1084	1.0
156	1742	1.0
156	67	1.0
156	1913	1.0
156	1741	1.0
156	1920	1.0
156	1905	1.0
157	1039	1.0
157	1071	1.0
157	1075	1.0
157	1087	1.0
157	1096	1.0
157	2368	1.0
157	953	1.0
157	929	1.0
157	26	1.0
157	1074	1.0
157	853	1.0
158	1290	1.0
158	1241	1.0
158	1161	1.0
158	953	1.0
158	1248	1.0
159	1432	1.0
159	2179	1.0
159	409	1.0
159	962	1.0
159	1308	1.0
159	1418	1.0
159	1107	1.0
159	1377	1.0
159	132	1.0
159	1362	1.0
159	1485	1.0
159	63	1.0
160	56	1.0
160	974	1.0
160	1182	1.0
160	1942	1.0
160	1990	1.0
160	835	1.0
160	790	1.0
160	1032	1.0
160	985	1.0
160	853	1.0
160	261	1.0
160	131	1.0
161	1719	1.0
161	1173	1.0
161	1739	1.0
161	2290	1.0
161	622	1.0
161	27	1.0
161	2292	1.0
161	1336	1.0
161	813	1.0
161	569	1.0
161	1550	1.0
161	260	1.0
161	1770	1.0
161	79	1.0
161	1341	1.0
161	29	1.0
162	1023	1.0
162	625	1.0
162	2151	1.0
162	901	1.0
163	199	1.0
163	173	1.0
163	666	1.0
163	544	1.0
163	468	1.0
163	1690	1.0
163	779	1.0
163	484	1.0
164	1739	1.0
164	68	1.0
164	772	1.0
164	817	1.0
164	1221	1.0
164	67	1.0
165	197	1.0
165	1328	1.0
165	995	1.0
165	1301	1.0
165	1129	1.0
165	1051	1.0
165	1143	1.0
165	1045	1.0
165	1240	1.0
165	1317	1.0
165	1226	1.0
165	1329	1.0
165	1418	1.0
165	1326	1.0
165	1127	1.0
165	1064	1.0
165	651	1.0
166	1022	1.0
166	1002	1.0
166	1118	1.0
166	1453	1.0
166	334	1.0
166	1000	1.0
166	301	1.0
166	1526	1.0
166	899	1.0
166	1021	1.0
166	333	1.0
167	1527	1.0
167	1382	1.0
167	1464	1.0
167	1298	1.0
167	1536	1.0
167	1248	1.0
168	389	1.0
168	1179	1.0
168	1759	1.0
168	231	1.0
168	784	1.0
168	593	1.0
168	1798	1.0
168	822	1.0
168	1417	1.0
169	1802	1.0
169	1956	1.0
169	1963	1.0
169	2323	1.0
169	2006	1.0
170	1720	1.0
170	1894	1.0
170	1623	1.0
170	13	1.0
170	1599	1.0
170	1188	1.0
170	1260	1.0
170	430	1.0
170	336	1.0
170	567	1.0
170	2286	1.0
170	2258	1.0
170	1149	1.0
170	2004	1.0
170	1605	1.0
170	1541	1.0
170	1278	1.0
170	1754	1.0
170	1137	1.0
170	189	1.0
170	1904	1.0
170	1592	1.0
170	1917	1.0
170	1718	1.0
170	1175	1.0
170	251	1.0
170	793	1.0
170	327	1.0
170	673	1.0
170	779	1.0
170	194	1.0
170	2349	1.0
170	1717	1.0
170	2261	1.0
170	284	1.0
170	563	1.0
171	1258	1.0
171	1841	1.0
171	533	1.0
171	1307	1.0
172	891	1.0
172	1370	1.0
172	637	1.0
172	1149	1.0
173	277	1.0
173	1379	1.0
173	276	1.0
173	899	1.0
173	217	1.0
174	1101	1.0
174	1744	1.0
174	1320	1.0
174	1016	1.0
174	1697	1.0
174	1080	1.0
175	1452	1.0
175	1418	1.0
175	168	1.0
175	1258	1.0
175	1708	1.0
175	1853	1.0
176	456	1.0
176	1959	1.0
176	763	1.0
176	514	1.0
176	1967	1.0
176	1908	1.0
176	2387	1.0
176	2206	1.0
176	1389	1.0
176	838	1.0
176	278	1.0
176	1865	1.0
176	2109	1.0
176	1799	1.0
176	1497	1.0
176	1622	1.0
176	1804	1.0
176	639	1.0
176	2319	1.0
176	300	1.0
176	1441	1.0
177	1509	1.0
177	1426	1.0
177	1105	1.0
177	1701	1.0
178	1594	1.0
178	776	1.0
178	982	1.0
178	519	1.0
178	644	1.0
178	1627	1.0
179	853	1.0
179	1946	1.0
179	460	1.0
179	1248	1.0
180	829	1.0
180	980	1.0
180	6	1.0
180	547	1.0
180	193	1.0
180	2053	1.0
181	951	1.0
181	734	1.0
181	1228	1.0
181	999	1.0
181	1205	1.0
181	736	1.0
181	1708	1.0
181	1021	1.0
181	1022	1.0
181	944	1.0
181	1705	1.0
181	737	1.0
181	1227	1.0
181	902	1.0
181	1844	1.0
181	1108	1.0
181	159	1.0
181	735	1.0
181	1179	1.0
181	943	1.0
181	932	1.0
181	950	1.0
181	1287	1.0
181	1127	1.0
181	1066	1.0
181	117	1.0
181	1129	1.0
182	1539	1.0
182	1241	1.0
182	965	1.0
182	281	1.0
182	188	1.0
183	1925	1.0
183	1881	1.0
183	2	1.0
183	803	1.0
183	850	1.0
183	2012	1.0
183	1823	1.0
183	1796	1.0
183	2011	1.0
183	142	1.0
183	1885	1.0
183	1299	1.0
183	2163	1.0
183	1725	1.0
183	2121	1.0
183	1569	1.0
183	1797	1.0
183	843	1.0
183	2243	1.0
183	1902	1.0
184	525	1.0
184	781	1.0
184	378	1.0
184	2053	1.0
184	1739	1.0
184	1738	1.0
184	473	1.0
185	2308	1.0
185	642	1.0
185	1263	1.0
185	1022	1.0
185	618	1.0
185	1788	1.0
185	548	1.0
185	677	1.0
185	512	1.0
185	398	1.0
185	452	1.0
185	599	1.0
185	2193	1.0
185	743	1.0
185	649	1.0
185	2035	1.0
185	1285	1.0
185	1021	1.0
185	605	1.0
186	1351	1.0
186	2458	1.0
186	2421	1.0
186	2376	1.0
186	2447	1.0
186	1866	1.0
186	2454	1.0
186	2460	1.0
187	1627	1.0
187	844	1.0
187	1326	1.0
187	1594	1.0
187	1418	1.0
187	1264	1.0
187	1367	1.0
187	1351	1.0
187	1226	1.0
187	766	1.0
188	251	1.0
188	2281	1.0
188	2149	1.0
188	283	1.0
189	1718	1.0
189	1641	1.0
189	1502	1.0
189	2277	1.0
189	274	1.0
189	725	1.0
189	538	1.0
189	638	1.0
189	447	1.0
190	1506	1.0
190	463	1.0
190	1080	1.0
190	517	1.0
190	1705	1.0
190	331	1.0
190	510	1.0
190	735	1.0
190	1229	1.0
190	525	1.0
190	1507	1.0
190	1508	1.0
190	1029	1.0
190	1046	1.0
191	1777	1.0
191	1931	1.0
191	1906	1.0
191	822	1.0
191	111	1.0
191	1708	1.0
191	1759	1.0
191	1671	1.0
191	1925	1.0
191	1875	1.0
192	280	1.0
192	896	1.0
192	270	1.0
192	518	1.0
192	423	1.0
192	771	1.0
192	442	1.0
192	2171	1.0
192	585	1.0
192	151	1.0
192	294	1.0
192	469	1.0
192	47	1.0
192	414	1.0
192	532	1.0
193	1675	1.0
193	1970	1.0
193	119	1.0
193	1624	1.0
193	1745	1.0
193	184	1.0
193	1681	1.0
193	1959	1.0
193	1674	1.0
193	1969	1.0
193	1661	1.0
194	2279	1.0
194	167	1.0
194	2116	1.0
194	2015	1.0
194	926	1.0
194	2202	1.0
194	491	1.0
194	272	1.0
194	2115	1.0
195	495	1.0
195	1179	1.0
195	289	1.0
195	1531	1.0
196	1517	1.0
196	1153	1.0
196	1164	1.0
196	863	1.0
196	1428	1.0
196	1018	1.0
196	1533	1.0
196	1495	1.0
196	2371	1.0
196	1545	1.0
196	1850	1.0
196	85	1.0
196	1494	1.0
196	1056	1.0
196	1053	1.0
197	2039	1.0
197	395	1.0
197	515	1.0
197	182	1.0
197	1166	1.0
197	2455	1.0
197	1550	1.0
197	450	1.0
197	137	1.0
197	169	1.0
197	135	1.0
197	288	1.0
197	1463	1.0
197	2312	1.0
197	1793	1.0
197	2164	1.0
197	185	1.0
197	219	1.0
197	181	1.0
197	2125	1.0
197	895	1.0
197	2459	1.0
197	124	1.0
197	623	1.0
197	751	1.0
197	116	1.0
197	189	1.0
197	2126	1.0
197	243	1.0
197	148	1.0
197	20	1.0
197	2229	1.0
197	786	1.0
198	1816	1.0
198	535	1.0
198	6	1.0
198	1779	1.0
198	396	1.0
198	2140	1.0
198	366	1.0
199	368	1.0
199	671	1.0
199	277	1.0
199	1379	1.0
200	1769	1.0
200	591	1.0
200	209	1.0
200	1038	1.0
200	836	1.0
200	1059	1.0
200	783	1.0
200	1502	1.0
200	1359	1.0
200	803	1.0
200	699	1.0
200	2327	1.0
200	667	1.0
200	2185	1.0
201	1877	1.0
201	2181	1.0
201	2438	1.0
201	654	1.0
201	2186	1.0
201	2439	1.0
201	1207	1.0
201	1148	1.0
201	1889	1.0
202	400	1.0
202	115	1.0
202	851	1.0
202	850	1.0
202	393	1.0
202	349	1.0
203	1186	1.0
203	1527	1.0
203	1888	1.0
203	1907	1.0
203	214	1.0
203	511	1.0
203	2003	1.0
203	1859	1.0
203	1569	1.0
204	863	1.0
204	1260	1.0
204	1335	1.0
204	109	1.0
204	183	1.0
204	522	1.0
204	84	1.0
204	282	1.0
204	1153	1.0
204	855	1.0
204	1113	1.0
204	817	1.0
204	389	1.0
204	530	1.0
205	901	1.0
205	648	1.0
205	1381	1.0
205	477	1.0
206	1252	1.0
206	532	1.0
206	1493	1.0
206	1278	1.0
206	876	1.0
206	338	1.0
206	212	1.0
206	60	1.0
206	2407	1.0
206	264	1.0
206	711	1.0
206	183	1.0
206	1690	1.0
206	1448	1.0
206	521	1.0
206	989	1.0
206	557	1.0
206	927	1.0
206	533	1.0
206	1900	1.0
206	2344	1.0
206	1529	1.0
206	1669	1.0
206	1205	1.0
206	1241	1.0
206	361	1.0
206	98	1.0
206	1568	1.0
206	955	1.0
206	43	1.0
206	1635	1.0
206	1620	1.0
206	873	1.0
206	455	1.0
206	659	1.0
206	1750	1.0
206	1418	1.0
206	597	1.0
206	1608	1.0
206	403	1.0
206	682	1.0
206	1544	1.0
206	1824	1.0
206	160	1.0
206	1740	1.0
206	142	1.0
206	1192	1.0
206	1161	1.0
206	1497	1.0
206	49	1.0
206	292	1.0
206	177	1.0
206	389	1.0
206	2359	1.0
206	57	1.0
206	1376	1.0
206	1660	1.0
206	1714	1.0
206	619	1.0
206	1560	1.0
206	97	1.0
206	362	1.0
206	284	1.0
206	1527	1.0
206	1607	1.0
206	1442	1.0
206	1933	1.0
206	33	1.0
206	546	1.0
206	404	1.0
206	1362	1.0
206	55	1.0
206	433	1.0
206	68	1.0
206	1835	1.0
206	1853	1.0
206	326	1.0
206	2157	1.0
206	1905	1.0
206	237	1.0
206	789	1.0
206	864	1.0
206	1482	1.0
206	122	1.0
206	886	1.0
206	593	1.0
206	39	1.0
206	194	1.0
206	750	1.0
206	2234	1.0
206	1570	1.0
206	969	1.0
206	1639	1.0
206	112	1.0
206	1357	1.0
206	1820	1.0
206	1804	1.0
206	353	1.0
206	1375	1.0
206	501	1.0
206	1766	1.0
206	1547	1.0
206	925	1.0
206	232	1.0
206	1395	1.0
206	1443	1.0
206	1422	1.0
206	1488	1.0
206	1291	1.0
206	1473	1.0
206	356	1.0
206	1571	1.0
206	1622	1.0
206	474	1.0
206	1385	1.0
206	591	1.0
206	642	1.0
207	1478	1.0
207	1500	1.0
207	601	1.0
207	1294	1.0
207	1213	1.0
207	1347	1.0
207	1343	1.0
207	1631	1.0
207	1447	1.0
207	1563	1.0
207	1410	1.0
207	1651	1.0
208	1685	1.0
208	2435	1.0
208	1502	1.0
208	1779	1.0
208	1073	1.0
208	1111	1.0
208	1303	1.0
208	1106	1.0
208	1044	1.0
208	1369	1.0
208	1622	1.0
208	1831	1.0
208	2373	1.0
208	1832	1.0
208	855	1.0
208	1206	1.0
208	1114	1.0
208	1204	1.0
208	1729	1.0
208	2372	1.0
208	280	1.0
208	1620	1.0
208	2408	1.0
208	420	1.0
208	1360	1.0
208	1840	1.0
208	1327	1.0
208	404	1.0
208	1403	1.0
209	347	1.0
209	1046	1.0
209	249	1.0
209	1068	1.0
209	1736	1.0
210	2259	1.0
210	2337	1.0
210	1277	1.0
210	1183	1.0
210	1324	1.0
210	230	1.0
210	1385	1.0
210	1325	1.0
210	261	1.0
210	1250	1.0
210	1446	1.0
210	1126	1.0
210	2362	1.0
210	2180	1.0
210	2343	1.0
210	1284	1.0
210	1286	1.0
210	2327	1.0
210	1313	1.0
210	2377	1.0
210	1531	1.0
210	1315	1.0
210	1381	1.0
210	2381	1.0
211	74	1.0
211	1774	1.0
211	1647	1.0
211	1758	1.0
211	1849	1.0
211	1595	1.0
212	863	1.0
212	1495	1.0
212	1483	1.0
212	1418	1.0
212	1129	1.0
212	978	1.0
212	1115	1.0
212	1498	1.0
213	1538	1.0
213	359	1.0
213	84	1.0
213	201	1.0
213	110	1.0
213	120	1.0
213	115	1.0
213	1496	1.0
213	170	1.0
213	1418	1.0
213	431	1.0
213	358	1.0
213	134	1.0
213	1452	1.0
214	719	1.0
214	1457	1.0
214	1884	1.0
214	2367	1.0
214	34	1.0
214	1326	1.0
214	97	1.0
214	2352	1.0
214	2415	1.0
214	1649	1.0
215	1618	1.0
215	797	1.0
215	1939	1.0
215	370	1.0
216	1751	1.0
216	1730	1.0
216	1960	1.0
216	2010	1.0
216	2011	1.0
217	726	1.0
217	1510	1.0
217	1286	1.0
217	1399	1.0
217	347	1.0
217	1482	1.0
217	1363	1.0
217	1407	1.0
217	1752	1.0
217	853	1.0
217	482	1.0
217	413	1.0
217	1885	1.0
217	1853	1.0
218	418	1.0
218	1937	1.0
218	1535	1.0
218	1922	1.0
218	1918	1.0
218	1635	1.0
218	1786	1.0
218	1539	1.0
218	1350	1.0
218	2444	1.0
218	1464	1.0
218	2397	1.0
218	1999	1.0
218	1540	1.0
218	2218	1.0
218	1729	1.0
218	1536	1.0
218	1690	1.0
218	1385	1.0
218	1838	1.0
218	526	1.0
218	1537	1.0
218	964	1.0
218	1708	1.0
218	1742	1.0
218	1390	1.0
219	104	1.0
219	192	1.0
219	330	1.0
219	132	1.0
219	654	1.0
219	922	1.0
219	539	1.0
219	1176	1.0
219	596	1.0
220	1182	1.0
220	1107	1.0
220	1169	1.0
220	625	1.0
220	73	1.0
220	2254	1.0
220	717	1.0
220	1549	1.0
220	819	1.0
220	714	1.0
220	1634	1.0
220	832	1.0
221	1812	1.0
221	1937	1.0
221	1194	1.0
221	138	1.0
221	1880	1.0
221	1824	1.0
221	1621	1.0
222	1460	1.0
222	1057	1.0
222	1290	1.0
222	1248	1.0
222	1861	1.0
223	1719	1.0
223	36	1.0
223	2176	1.0
223	1227	1.0
223	718	1.0
223	1904	1.0
223	322	1.0
223	1622	1.0
223	2187	1.0
223	2446	1.0
223	1652	1.0
223	114	1.0
223	260	1.0
223	1304	1.0
223	642	1.0
223	1875	1.0
223	1999	1.0
223	916	1.0
223	1937	1.0
223	2410	1.0
223	1604	1.0
223	1277	1.0
223	2064	1.0
223	1599	1.0
223	1812	1.0
223	1901	1.0
223	2065	1.0
223	1728	1.0
223	1706	1.0
223	2348	1.0
223	1660	1.0
223	1961	1.0
223	1708	1.0
224	787	1.0
224	627	1.0
224	302	1.0
224	1879	1.0
224	1709	1.0
224	2104	1.0
224	378	1.0
225	1276	1.0
225	1771	1.0
225	231	1.0
225	1288	1.0
225	1425	1.0
225	1518	1.0
225	2127	1.0
226	322	1.0
226	760	1.0
226	1695	1.0
226	54	1.0
226	166	1.0
226	1021	1.0
226	1022	1.0
226	1990	1.0
226	1076	1.0
226	64	1.0
226	1258	1.0
226	1615	1.0
226	1078	1.0
226	1077	1.0
226	1182	1.0
226	917	1.0
226	604	1.0
226	600	1.0
226	2030	1.0
226	370	1.0
226	337	1.0
226	2076	1.0
226	2114	1.0
226	1531	1.0
227	1278	1.0
227	1464	1.0
227	256	1.0
227	647	1.0
227	1960	1.0
227	1488	1.0
227	2253	1.0
227	1778	1.0
228	1158	1.0
228	1387	1.0
228	1739	1.0
228	1223	1.0
228	1486	1.0
228	514	1.0
228	2423	1.0
229	1083	1.0
229	1264	1.0
229	1574	1.0
229	1662	1.0
229	1523	1.0
229	491	1.0
230	2106	1.0
230	239	1.0
230	2316	1.0
230	2205	1.0
230	1718	1.0
230	304	1.0
230	2083	1.0
230	293	1.0
230	778	1.0
230	2198	1.0
230	2071	1.0
230	671	1.0
230	1902	1.0
231	470	1.0
231	897	1.0
231	216	1.0
231	941	1.0
231	77	1.0
232	222	1.0
232	611	1.0
232	2395	1.0
232	515	1.0
232	62	1.0
232	543	1.0
232	769	1.0
232	363	1.0
232	584	1.0
232	383	1.0
232	578	1.0
232	2105	1.0
232	1615	1.0
232	551	1.0
232	639	1.0
232	286	1.0
232	229	1.0
232	196	1.0
232	375	1.0
232	2310	1.0
232	290	1.0
233	1295	1.0
233	1456	1.0
233	2419	1.0
233	1855	1.0
233	1625	1.0
233	1499	1.0
233	1646	1.0
233	1369	1.0
233	2391	1.0
233	1266	1.0
233	1167	1.0
233	1151	1.0
233	1129	1.0
233	1152	1.0
233	1405	1.0
233	2434	1.0
233	1487	1.0
233	1513	1.0
233	2369	1.0
233	1610	1.0
234	1275	1.0
234	253	1.0
234	1192	1.0
234	1543	1.0
235	1256	1.0
235	1036	1.0
235	1248	1.0
235	1427	1.0
235	1345	1.0
235	1351	1.0
235	1214	1.0
235	1202	1.0
235	1267	1.0
235	1257	1.0
235	1221	1.0
235	952	1.0
236	1285	1.0
236	1474	1.0
236	218	1.0
236	1110	1.0
237	949	1.0
237	1013	1.0
237	2025	1.0
237	707	1.0
237	2264	1.0
237	2268	1.0
237	2266	1.0
238	1908	1.0
238	680	1.0
238	1436	1.0
238	2384	1.0
238	1055	1.0
239	1835	1.0
239	1690	1.0
239	1711	1.0
239	1526	1.0
239	899	1.0
239	1905	1.0
239	2407	1.0
239	1000	1.0
239	1712	1.0
239	1820	1.0
239	1713	1.0
240	1657	1.0
240	1381	1.0
240	842	1.0
240	1110	1.0
240	608	1.0
241	2380	1.0
241	1378	1.0
241	2009	1.0
241	898	1.0
242	658	1.0
242	2187	1.0
242	1676	1.0
242	2024	1.0
243	1931	1.0
243	553	1.0
243	1991	1.0
243	1988	1.0
243	1511	1.0
243	1925	1.0
243	420	1.0
243	846	1.0
243	778	1.0
243	2073	1.0
243	1043	1.0
244	1887	1.0
244	1936	1.0
244	1902	1.0
244	1906	1.0
244	1863	1.0
244	1880	1.0
244	1775	1.0
244	1903	1.0
244	1823	1.0
244	1910	1.0
244	1935	1.0
244	1755	1.0
245	1231	1.0
245	1846	1.0
245	1418	1.0
245	545	1.0
245	503	1.0
246	1323	1.0
246	1631	1.0
246	1435	1.0
246	2400	1.0
246	1955	1.0
246	1276	1.0
247	131	1.0
247	833	1.0
247	1022	1.0
247	212	1.0
247	304	1.0
247	129	1.0
247	273	1.0
247	271	1.0
247	904	1.0
248	1647	1.0
248	1289	1.0
248	868	1.0
248	2079	1.0
248	1687	1.0
248	1239	1.0
248	1539	1.0
248	1839	1.0
248	1470	1.0
249	1190	1.0
249	1195	1.0
249	1250	1.0
249	1282	1.0
249	1371	1.0
249	713	1.0
249	1060	1.0
249	827	1.0
250	1778	1.0
250	1739	1.0
250	355	1.0
250	1331	1.0
250	1728	1.0
250	1710	1.0
250	1714	1.0
250	1622	1.0
250	1804	1.0
250	1777	1.0
250	1733	1.0
251	2232	1.0
251	2191	1.0
251	2188	1.0
251	392	1.0
251	2374	1.0
251	916	1.0
251	391	1.0
252	2012	1.0
252	1760	1.0
252	1147	1.0
252	212	1.0
252	1196	1.0
252	1719	1.0
252	214	1.0
252	331	1.0
252	1781	1.0
252	1446	1.0
252	2429	1.0
252	1675	1.0
252	28	1.0
252	923	1.0
252	1567	1.0
253	1576	1.0
253	2388	1.0
253	1586	1.0
253	1169	1.0
253	917	1.0
253	1017	1.0
253	1182	1.0
253	1643	1.0
253	653	1.0
253	2378	1.0
254	1058	1.0
254	277	1.0
254	2049	1.0
254	1379	1.0
254	2092	1.0
254	630	1.0
254	261	1.0
254	218	1.0
254	768	1.0
255	481	1.0
255	789	1.0
255	524	1.0
255	2082	1.0
255	2120	1.0
255	2239	1.0
255	217	1.0
256	521	1.0
256	272	1.0
256	1325	1.0
256	2194	1.0
256	1536	1.0
256	831	1.0
256	556	1.0
256	491	1.0
256	1216	1.0
256	731	1.0
256	109	1.0
256	577	1.0
256	2192	1.0
256	1448	1.0
256	312	1.0
257	121	1.0
257	103	1.0
257	1349	1.0
257	154	1.0
257	83	1.0
257	55	1.0
257	100	1.0
257	1247	1.0
257	367	1.0
257	266	1.0
258	440	1.0
258	2215	1.0
258	246	1.0
258	1989	1.0
259	1363	1.0
259	988	1.0
259	238	1.0
259	2370	1.0
259	1037	1.0
259	1290	1.0
259	1762	1.0
259	1352	1.0
259	1229	1.0
259	913	1.0
259	1215	1.0
259	1265	1.0
259	903	1.0
259	898	1.0
259	975	1.0
260	536	1.0
260	1698	1.0
260	1638	1.0
260	683	1.0
260	1683	1.0
260	795	1.0
260	601	1.0
260	640	1.0
260	1726	1.0
260	2363	1.0
261	1237	1.0
261	1464	1.0
261	1195	1.0
261	1390	1.0
261	1556	1.0
261	1260	1.0
261	2309	1.0
261	1437	1.0
261	1068	1.0
262	1423	1.0
262	892	1.0
262	1761	1.0
262	428	1.0
262	794	1.0
262	1160	1.0
262	1422	1.0
262	299	1.0
262	1637	1.0
262	621	1.0
262	2244	1.0
262	194	1.0
262	1531	1.0
262	9	1.0
262	2208	1.0
262	2357	1.0
262	180	1.0
262	1975	1.0
262	2107	1.0
262	2138	1.0
262	1209	1.0
262	2128	1.0
262	1851	1.0
262	113	1.0
262	499	1.0
262	2382	1.0
262	1747	1.0
262	2252	1.0
262	2402	1.0
262	773	1.0
262	81	1.0
262	54	1.0
262	2066	1.0
262	288	1.0
262	519	1.0
262	552	1.0
262	534	1.0
262	778	1.0
263	1460	1.0
263	684	1.0
263	1806	1.0
263	1803	1.0
264	2292	1.0
264	1597	1.0
264	811	1.0
264	2290	1.0
264	56	1.0
264	2147	1.0
264	569	1.0
264	1550	1.0
264	663	1.0
264	570	1.0
265	1526	1.0
265	555	1.0
265	131	1.0
265	158	1.0
265	318	1.0
265	767	1.0
266	1809	1.0
266	1778	1.0
266	775	1.0
266	2430	1.0
266	870	1.0
266	1755	1.0
266	1220	1.0
266	1691	1.0
266	476	1.0
266	2300	1.0
266	1860	1.0
266	2424	1.0
266	1871	1.0
266	778	1.0
266	2182	1.0
267	1670	1.0
267	1921	1.0
267	502	1.0
267	1450	1.0
268	286	1.0
268	2072	1.0
268	275	1.0
268	2074	1.0
268	212	1.0
268	726	1.0
268	2322	1.0
268	186	1.0
268	1660	1.0
268	304	1.0
268	519	1.0
268	293	1.0
268	306	1.0
268	1530	1.0
268	196	1.0
268	423	1.0
268	2103	1.0
268	235	1.0
268	1659	1.0
268	1092	1.0
268	523	1.0
268	1068	1.0
268	1320	1.0
269	1744	1.0
269	1753	1.0
269	946	1.0
269	2432	1.0
269	1703	1.0
269	1248	1.0
270	1925	1.0
270	2358	1.0
270	1284	1.0
270	628	1.0
271	1772	1.0
271	1792	1.0
271	1354	1.0
271	1833	1.0
272	1693	1.0
272	1519	1.0
272	2278	1.0
272	964	1.0
272	1004	1.0
273	2299	1.0
273	245	1.0
273	506	1.0
273	751	1.0
273	138	1.0
273	175	1.0
273	2063	1.0
273	2411	1.0
273	2233	1.0
273	2175	1.0
273	938	1.0
273	271	1.0
274	2173	1.0
274	1030	1.0
274	917	1.0
274	1452	1.0
274	886	1.0
274	677	1.0
274	889	1.0
274	1260	1.0
274	1093	1.0
275	1535	1.0
275	1755	1.0
275	1540	1.0
275	1570	1.0
275	1538	1.0
275	1626	1.0
275	1536	1.0
275	1618	1.0
276	992	1.0
276	1054	1.0
276	1497	1.0
276	1488	1.0
276	1275	1.0
276	1453	1.0
276	164	1.0
276	488	1.0
276	1795	1.0
276	1761	1.0
276	1418	1.0
276	1460	1.0
277	1214	1.0
277	1428	1.0
277	1267	1.0
277	1415	1.0
278	1719	1.0
278	1488	1.0
278	744	1.0
278	1937	1.0
278	798	1.0
278	745	1.0
278	610	1.0
279	1902	1.0
279	2018	1.0
279	1630	1.0
279	296	1.0
279	244	1.0
279	2047	1.0
279	1599	1.0
279	2032	1.0
279	2339	1.0
279	1687	1.0
279	351	1.0
279	1818	1.0
279	307	1.0
279	1632	1.0
279	2412	1.0
279	1839	1.0
279	2128	1.0
279	1884	1.0
279	1385	1.0
280	1367	1.0
280	1351	1.0
280	1891	1.0
280	1912	1.0
281	1902	1.0
281	1196	1.0
281	2010	1.0
281	1778	1.0
281	1996	1.0
281	1857	1.0
281	1811	1.0
281	53	1.0
281	1739	1.0
281	1833	1.0
281	1472	1.0
281	2005	1.0
281	2012	1.0
281	953	1.0
281	1580	1.0
281	1995	1.0
281	1760	1.0
281	1959	1.0
281	1985	1.0
281	1462	1.0
281	1622	1.0
281	1613	1.0
281	1958	1.0
281	1479	1.0
281	1567	1.0
281	1922	1.0
281	1910	1.0
281	2453	1.0
281	1804	1.0
281	1605	1.0
281	719	1.0
281	2416	1.0
281	1471	1.0
281	1491	1.0
281	1993	1.0
281	1606	1.0
281	1453	1.0
281	1674	1.0
281	1549	1.0
281	1339	1.0
282	1191	1.0
282	2091	1.0
282	1713	1.0
282	1925	1.0
282	1741	1.0
282	1641	1.0
282	2392	1.0
282	1621	1.0
282	2425	1.0
282	2321	1.0
282	1729	1.0
282	1857	1.0
282	1742	1.0
282	749	1.0
282	1098	1.0
282	1739	1.0
282	1690	1.0
282	1905	1.0
282	2404	1.0
282	1622	1.0
282	927	1.0
282	2093	1.0
282	1099	1.0
282	1909	1.0
282	953	1.0
282	1472	1.0
282	1608	1.0
282	1900	1.0
282	252	1.0
282	780	1.0
283	2231	1.0
283	175	1.0
283	2170	1.0
283	88	1.0
283	2063	1.0
283	2102	1.0
283	2307	1.0
283	2250	1.0
283	2036	1.0
283	2045	1.0
283	2152	1.0
283	2165	1.0
283	660	1.0
283	2289	1.0
283	1707	1.0
283	2122	1.0
284	479	1.0
284	554	1.0
284	809	1.0
284	10	1.0
284	402	1.0
284	2271	1.0
285	1250	1.0
285	1455	1.0
285	1364	1.0
285	1248	1.0
285	147	1.0
285	1744	1.0
285	1339	1.0
285	1873	1.0
285	1290	1.0
286	2311	1.0
286	342	1.0
286	71	1.0
286	663	1.0
286	779	1.0
286	4	1.0
286	1466	1.0
286	746	1.0
287	2313	1.0
287	1239	1.0
287	1804	1.0
287	1137	1.0
288	317	1.0
288	616	1.0
288	802	1.0
288	2235	1.0
288	679	1.0
289	1348	1.0
289	2345	1.0
289	1310	1.0
289	1235	1.0
290	1325	1.0
290	2000	1.0
290	1527	1.0
290	1170	1.0
290	1237	1.0
290	1622	1.0
290	1324	1.0
290	1603	1.0
290	1602	1.0
290	1740	1.0
290	348	1.0
290	831	1.0
290	1216	1.0
290	1318	1.0
290	1224	1.0
290	1241	1.0
290	1385	1.0
290	664	1.0
290	1281	1.0
290	1368	1.0
290	1464	1.0
290	1154	1.0
290	165	1.0
290	1274	1.0
290	1616	1.0
290	1390	1.0
290	1660	1.0
290	1386	1.0
290	303	1.0
290	1452	1.0
290	1479	1.0
290	1222	1.0
290	1600	1.0
290	2328	1.0
290	1316	1.0
290	475	1.0
290	952	1.0
290	1089	1.0
290	1277	1.0
290	1924	1.0
290	1275	1.0
291	2156	1.0
291	2162	1.0
291	382	1.0
291	314	1.0
291	685	1.0
291	344	1.0
291	2124	1.0
291	652	1.0
291	2123	1.0
291	908	1.0
291	578	1.0
291	2134	1.0
291	1555	1.0
291	80	1.0
291	1449	1.0
291	528	1.0
291	654	1.0
292	1945	1.0
292	1975	1.0
292	1467	1.0
292	1805	1.0
293	1052	1.0
293	761	1.0
293	1073	1.0
293	1346	1.0
293	960	1.0
293	1193	1.0
293	1431	1.0
293	1334	1.0
293	919	1.0
293	920	1.0
293	1512	1.0
293	1513	1.0
293	916	1.0
293	1051	1.0
294	1283	1.0
294	1536	1.0
294	1659	1.0
294	988	1.0
294	1308	1.0
294	1393	1.0
294	863	1.0
294	1600	1.0
294	1527	1.0
294	1198	1.0
294	1418	1.0
294	1497	1.0
294	1267	1.0
294	1619	1.0
294	1588	1.0
294	1285	1.0
294	1620	1.0
294	1315	1.0
294	1344	1.0
294	1589	1.0
294	1495	1.0
294	1728	1.0
294	1197	1.0
294	1479	1.0
294	1464	1.0
294	1322	1.0
294	1664	1.0
294	1684	1.0
295	776	1.0
295	596	1.0
295	1072	1.0
295	240	1.0
295	1480	1.0
295	1410	1.0
295	1361	1.0
295	1366	1.0
295	1414	1.0
295	1454	1.0
296	2071	1.0
296	536	1.0
296	820	1.0
296	1778	1.0
296	1629	1.0
296	291	1.0
296	1799	1.0
297	2272	1.0
297	878	1.0
297	1724	1.0
297	987	1.0
297	1276	1.0
297	981	1.0
297	0	1.0
297	486	1.0
297	657	1.0
297	633	1.0
297	727	1.0
297	371	1.0
297	456	1.0
298	823	1.0
298	576	1.0
298	853	1.0
298	1047	1.0
298	258	1.0
298	156	1.0
298	411	1.0
298	1439	1.0
298	693	1.0
298	607	1.0
298	1342	1.0
299	982	1.0
299	266	1.0
299	1654	1.0
299	1007	1.0
299	1719	1.0
299	1733	1.0
299	1006	1.0
299	1699	1.0
299	1602	1.0
300	674	1.0
300	1776	1.0
300	1620	1.0
300	1556	1.0
300	1843	1.0
300	347	1.0
300	992	1.0
300	1622	1.0
301	1830	1.0
301	1898	1.0
301	1873	1.0
301	1897	1.0
301	1892	1.0
301	1916	1.0
301	1874	1.0
302	1906	1.0
302	2456	1.0
302	497	1.0
302	1180	1.0
302	144	1.0
302	1937	1.0
302	2136	1.0
302	2236	1.0
302	1179	1.0
303	1775	1.0
303	1999	1.0
303	1145	1.0
303	1767	1.0
304	1608	1.0
304	1526	1.0
304	1182	1.0
304	2059	1.0
304	2196	1.0
304	1378	1.0
305	1835	1.0
305	480	1.0
305	2200	1.0
305	2197	1.0
305	2333	1.0
305	455	1.0
305	883	1.0
305	1593	1.0
305	2433	1.0
305	1514	1.0
305	518	1.0
305	1814	1.0
305	2356	1.0
305	2260	1.0
305	1899	1.0
306	1506	1.0
306	2125	1.0
306	2375	1.0
306	2440	1.0
306	583	1.0
306	2336	1.0
306	1177	1.0
306	887	1.0
306	254	1.0
306	2385	1.0
306	2342	1.0
306	2154	1.0
307	936	1.0
307	1999	1.0
307	1496	1.0
307	2451	1.0
307	1615	1.0
307	2000	1.0
307	1536	1.0
307	1539	1.0
307	1618	1.0
307	1971	1.0
307	770	1.0
307	1906	1.0
307	2360	1.0
307	1997	1.0
307	1957	1.0
307	1258	1.0
307	1822	1.0
307	1966	1.0
307	2355	1.0
307	1936	1.0
307	934	1.0
307	1925	1.0
307	1260	1.0
308	1664	1.0
308	1778	1.0
308	1809	1.0
308	1418	1.0
308	1848	1.0
308	792	1.0
308	1952	1.0
308	2347	1.0
308	680	1.0
308	1578	1.0
308	2113	1.0
308	1865	1.0
308	1801	1.0
309	234	1.0
309	866	1.0
309	2017	1.0
309	1035	1.0
309	2242	1.0
309	2301	1.0
309	2131	1.0
310	1091	1.0
310	1572	1.0
310	1487	1.0
310	1494	1.0
310	1927	1.0
310	1650	1.0
311	49	1.0
311	1412	1.0
311	1385	1.0
311	1046	1.0
311	1241	1.0
311	347	1.0
311	1507	1.0
311	1418	1.0
311	514	1.0
311	1560	1.0
311	1530	1.0
312	1766	1.0
312	1713	1.0
312	1875	1.0
312	1740	1.0
312	1716	1.0
312	2396	1.0
312	1720	1.0
312	1385	1.0
312	1718	1.0
312	1618	1.0
312	1723	1.0
312	1719	1.0
312	1721	1.0
312	1842	1.0
312	1717	1.0
312	1804	1.0
312	1739	1.0
312	142	1.0
312	105	1.0
312	1727	1.0
312	1857	1.0
312	1715	1.0
312	1722	1.0
312	1622	1.0
313	406	1.0
313	437	1.0
313	573	1.0
313	939	1.0
313	161	1.0
313	422	1.0
313	465	1.0
313	1484	1.0
313	495	1.0
313	687	1.0
313	172	1.0
313	965	1.0
313	2172	1.0
314	1989	1.0
314	1750	1.0
314	1906	1.0
314	1841	1.0
314	1766	1.0
314	1978	1.0
315	1750	1.0
315	971	1.0
315	1616	1.0
315	886	1.0
315	1626	1.0
315	1620	1.0
315	1673	1.0
315	1739	1.0
316	458	1.0
316	1346	1.0
316	385	1.0
316	972	1.0
316	1403	1.0
316	1212	1.0
316	1732	1.0
316	1164	1.0
316	255	1.0
316	1858	1.0
316	981	1.0
316	855	1.0
316	1866	1.0
316	1856	1.0
317	346	1.0
317	2247	1.0
317	2044	1.0
317	1874	1.0
317	297	1.0
317	246	1.0
317	96	1.0
317	352	1.0
317	2038	1.0
317	108	1.0
317	850	1.0
317	324	1.0
317	2142	1.0
317	306	1.0
317	304	1.0
317	764	1.0
317	295	1.0
317	472	1.0
317	291	1.0
317	460	1.0
317	311	1.0
317	2257	1.0
317	286	1.0
317	2034	1.0
317	99	1.0
317	2199	1.0
317	290	1.0
317	2135	1.0
317	328	1.0
317	745	1.0
317	95	1.0
317	91	1.0
317	2256	1.0
317	329	1.0
317	2295	1.0
317	293	1.0
317	2184	1.0
317	279	1.0
317	2050	1.0
317	2043	1.0
317	471	1.0
317	2077	1.0
317	2294	1.0
318	2329	1.0
318	855	1.0
318	1572	1.0
318	1287	1.0
319	1943	1.0
319	1644	1.0
319	1823	1.0
319	633	1.0
320	1937	1.0
320	1959	1.0
320	741	1.0
320	1752	1.0
321	205	1.0
321	93	1.0
321	2118	1.0
321	694	1.0
321	2409	1.0
321	791	1.0
321	1611	1.0
321	795	1.0
321	1323	1.0
321	2297	1.0
321	758	1.0
321	2365	1.0
321	190	1.0
321	2364	1.0
321	1027	1.0
321	335	1.0
321	608	1.0
321	223	1.0
321	2395	1.0
321	590	1.0
321	146	1.0
321	394	1.0
321	589	1.0
321	2040	1.0
321	1325	1.0
321	600	1.0
321	515	1.0
321	89	1.0
321	632	1.0
321	769	1.0
321	664	1.0
321	1022	1.0
321	766	1.0
321	2159	1.0
321	384	1.0
321	211	1.0
321	803	1.0
321	543	1.0
322	1158	1.0
322	508	1.0
322	1280	1.0
322	19	1.0
322	1269	1.0
322	374	1.0
322	1271	1.0
322	1740	1.0
322	821	1.0
322	1718	1.0
322	2214	1.0
322	145	1.0
322	45	1.0
322	162	1.0
322	1722	1.0
322	144	1.0
322	1139	1.0
322	1715	1.0
322	1198	1.0
322	1174	1.0
322	1038	1.0
322	1645	1.0
322	759	1.0
322	1719	1.0
322	1486	1.0
322	46	1.0
322	489	1.0
322	835	1.0
323	552	1.0
323	1936	1.0
323	534	1.0
323	2262	1.0
323	1097	1.0
323	475	1.0
323	1913	1.0
323	1861	1.0
323	1937	1.0
323	266	1.0
323	2338	1.0
323	175	1.0
323	1901	1.0
323	2063	1.0
323	2270	1.0
323	653	1.0
324	2007	1.0
324	2010	1.0
324	1873	1.0
324	2074	1.0
325	662	1.0
325	65	1.0
325	1756	1.0
325	208	1.0
325	669	1.0
325	1240	1.0
325	1120	1.0
325	1807	1.0
325	1217	1.0
325	1304	1.0
325	523	1.0
325	1114	1.0
325	835	1.0
325	16	1.0
325	35	1.0
325	1853	1.0
325	1381	1.0
325	141	1.0
325	339	1.0
325	17	1.0
325	1389	1.0
325	1150	1.0
325	205	1.0
325	1556	1.0
325	1264	1.0
325	1347	1.0
325	1003	1.0
325	490	1.0
325	303	1.0
325	130	1.0
325	1028	1.0
325	418	1.0
325	233	1.0
325	581	1.0
325	417	1.0
325	594	1.0
325	441	1.0
325	907	1.0
325	824	1.0
325	1671	1.0
325	1197	1.0
325	536	1.0
325	325	1.0
326	1505	1.0
326	1660	1.0
326	1742	1.0
326	1161	1.0
326	749	1.0
326	1922	1.0
327	626	1.0
327	625	1.0
327	781	1.0
327	1804	1.0
328	195	1.0
328	1653	1.0
328	1787	1.0
328	1680	1.0
328	1682	1.0
328	2426	1.0
328	1577	1.0
328	1690	1.0
328	1254	1.0
328	2390	1.0
328	1667	1.0
328	1200	1.0
329	2077	1.0
329	1145	1.0
329	1719	1.0
329	984	1.0
329	2417	1.0
329	2070	1.0
329	424	1.0
329	2357	1.0
329	2393	1.0
329	345	1.0
329	938	1.0
329	2026	1.0
329	2224	1.0
329	267	1.0
329	287	1.0
329	241	1.0
329	305	1.0
329	653	1.0
329	1461	1.0
329	1781	1.0
329	1826	1.0
329	2170	1.0
329	2437	1.0
329	2418	1.0
329	2058	1.0
329	2211	1.0
329	2320	1.0
329	2443	1.0
329	2238	1.0
329	2314	1.0
329	405	1.0
329	1090	1.0
329	2394	1.0
329	324	1.0
329	2246	1.0
329	2251	1.0
329	236	1.0
329	1748	1.0
329	2201	1.0
329	2379	1.0
329	1976	1.0
329	1874	1.0
329	280	1.0
329	2084	1.0
329	2406	1.0
329	2101	1.0
329	160	1.0
329	1767	1.0
329	1645	1.0
329	299	1.0
329	2445	1.0
329	834	1.0
329	972	1.0
329	489	1.0
329	2097	1.0
329	171	1.0
329	2220	1.0
329	1507	1.0
329	2086	1.0
329	159	1.0
329	2112	1.0
329	2045	1.0
329	316	1.0
329	2250	1.0
329	2350	1.0
330	1328	1.0
330	1353	1.0
330	1109	1.0
330	1248	1.0
330	1126	1.0
330	1185	1.0
330	1290	1.0
330	918	1.0
331	2199	1.0
331	2219	1.0
331	681	1.0
331	2038	1.0
331	1649	1.0
331	2154	1.0
331	2162	1.0
331	2245	1.0
331	2150	1.0
331	2280	1.0
331	298	1.0
331	2184	1.0
331	109	1.0
331	2096	1.0
331	768	1.0
331	2287	1.0
331	314	1.0
331	779	1.0
331	2085	1.0
331	812	1.0
331	859	1.0
331	126	1.0
331	2276	1.0
331	2132	1.0
331	2306	1.0
331	194	1.0
331	2037	1.0
331	2033	1.0
331	2339	1.0
331	751	1.0
331	663	1.0
331	2043	1.0
331	204	1.0
331	435	1.0
331	8	1.0
331	2044	1.0
331	2016	1.0
332	837	1.0
332	1807	1.0
332	1260	1.0
332	2324	1.0
332	2144	1.0
332	698	1.0
333	1800	1.0
333	1919	1.0
333	427	1.0
333	208	1.0
333	523	1.0
333	280	1.0
333	377	1.0
333	1927	1.0
333	2296	1.0
333	879	1.0
333	1911	1.0
333	1739	1.0
334	2240	1.0
334	1069	1.0
334	2013	1.0
334	1656	1.0
334	1754	1.0
