0	3860	1.0
0	906	1.0
0	48	1.0
0	2364	1.0
0	3657	1.0
0	1730	1.0
0	237	1.0
0	1600	1.0
0	0	1.0
0	1350	1.0
0	398	1.0
0	3499	1.0
0	751	1.0
0	2977	1.0
1	4300	1.0
1	1117	1.0
1	1	1.0
1	1123	1.0
2	2489	1.0
2	905	1.0
2	533	1.0
2	903	1.0
2	1594	1.0
2	1665	1.0
2	774	1.0
2	433	1.0
3	3994	1.0
3	2458	1.0
3	2573	1.0
3	3413	1.0
3	3819	1.0
3	698	1.0
3	3875	1.0
3	628	1.0
3	3822	1.0
3	601	1.0
3	3041	1.0
3	4166	1.0
3	1564	1.0
3	1306	1.0
3	1681	1.0
3	2	1.0
3	3201	1.0
3	1923	1.0
3	4028	1.0
3	3172	1.0
3	1627	1.0
3	387	1.0
3	865	1.0
3	2339	1.0
3	4050	1.0
3	3672	1.0
3	2874	1.0
3	1357	1.0
3	864	1.0
3	1915	1.0
3	858	1.0
3	4147	1.0
3	2154	1.0
3	1905	1.0
3	164	1.0
3	3090	1.0
3	1904	1.0
3	4622	1.0
3	2185	1.0
3	2749	1.0
3	829	1.0
3	2857	1.0
3	1128	1.0
3	2353	1.0
3	1776	1.0
3	1918	1.0
3	1964	1.0
3	2783	1.0
3	2318	1.0
3	1589	1.0
3	2019	1.0
3	2973	1.0
3	921	1.0
3	2768	1.0
4	505	1.0
4	3271	1.0
4	2590	1.0
4	920	1.0
4	1146	1.0
4	756	1.0
4	258	1.0
4	2	1.0
4	3362	1.0
4	2771	1.0
4	4390	1.0
4	29	1.0
4	2267	1.0
4	1525	1.0
5	3	1.0
5	3398	1.0
5	2775	1.0
5	2657	1.0
5	4370	1.0
5	2453	1.0
6	1967	1.0
6	1395	1.0
6	636	1.0
6	2819	1.0
6	867	1.0
6	1234	1.0
6	1287	1.0
7	2748	1.0
7	4177	1.0
7	5	1.0
7	2048	1.0
7	3959	1.0
8	1061	1.0
8	1924	1.0
8	3876	1.0
8	359	1.0
8	2776	1.0
8	182	1.0
8	1714	1.0
8	1761	1.0
8	6	1.0
8	973	1.0
8	1360	1.0
8	965	1.0
8	572	1.0
8	43	1.0
8	896	1.0
8	1995	1.0
8	258	1.0
9	3992	1.0
9	3574	1.0
9	3575	1.0
9	1050	1.0
9	656	1.0
9	4139	1.0
9	3415	1.0
9	1489	1.0
9	3156	1.0
9	7	1.0
10	13	1.0
10	33	1.0
10	156	1.0
10	45	1.0
10	60	1.0
10	962	1.0
10	61	1.0
10	58	1.0
10	780	1.0
10	782	1.0
10	12	1.0
10	634	1.0
10	3869	1.0
10	300	1.0
10	8	1.0
10	2698	1.0
10	622	1.0
10	104	1.0
10	749	1.0
10	3456	1.0
10	219	1.0
10	3185	1.0
10	186	1.0
10	35	1.0
10	2370	1.0
10	9	1.0
10	34	1.0
10	36	1.0
10	4205	1.0
11	2780	1.0
11	4213	1.0
11	645	1.0
11	3265	1.0
11	1192	1.0
11	717	1.0
11	4320	1.0
11	1252	1.0
11	1223	1.0
11	2084	1.0
11	4461	1.0
11	3259	1.0
11	9	1.0
11	1705	1.0
11	2850	1.0
11	3910	1.0
11	3418	1.0
11	618	1.0
11	4331	1.0
11	3297	1.0
11	445	1.0
11	4687	1.0
11	3363	1.0
12	2426	1.0
12	10	1.0
12	2392	1.0
12	63	1.0
12	46	1.0
12	2393	1.0
12	2250	1.0
12	4663	1.0
12	603	1.0
13	17	1.0
13	2010	1.0
13	10	1.0
13	1712	1.0
14	4403	1.0
14	1941	1.0
14	4143	1.0
14	636	1.0
14	410	1.0
14	1837	1.0
14	11	1.0
14	3253	1.0
14	3265	1.0
14	482	1.0
14	10	1.0
14	406	1.0
14	16	1.0
14	1867	1.0
14	75	1.0
15	1263	1.0
15	928	1.0
15	968	1.0
15	83	1.0
15	191	1.0
15	914	1.0
15	2265	1.0
15	2574	1.0
15	212	1.0
15	4125	1.0
15	1196	1.0
15	1341	1.0
15	2019	1.0
15	1940	1.0
15	2564	1.0
15	49	1.0
15	1567	1.0
15	3136	1.0
15	1017	1.0
15	575	1.0
15	2156	1.0
15	1871	1.0
15	606	1.0
15	4418	1.0
15	1884	1.0
15	1045	1.0
15	730	1.0
15	1510	1.0
15	2305	1.0
15	1782	1.0
15	1357	1.0
15	3256	1.0
15	2373	1.0
15	2709	1.0
15	3091	1.0
15	4555	1.0
15	2630	1.0
15	727	1.0
15	2077	1.0
15	13	1.0
15	1261	1.0
15	3330	1.0
15	4739	1.0
15	2421	1.0
15	132	1.0
15	1943	1.0
15	2499	1.0
15	263	1.0
15	738	1.0
15	2982	1.0
15	4143	1.0
15	1383	1.0
15	889	1.0
15	257	1.0
16	218	1.0
16	333	1.0
16	66	1.0
16	2585	1.0
16	315	1.0
16	13	1.0
16	65	1.0
16	41	1.0
17	1397	1.0
17	2570	1.0
17	615	1.0
17	937	1.0
17	2838	1.0
17	13	1.0
17	2909	1.0
17	3198	1.0
18	22	1.0
18	906	1.0
18	69	1.0
18	3779	1.0
18	2962	1.0
18	1724	1.0
18	2686	1.0
18	45	1.0
18	42	1.0
18	17	1.0
18	128	1.0
18	14	1.0
18	13	1.0
19	486	1.0
19	1729	1.0
19	1631	1.0
19	14	1.0
19	4196	1.0
19	3778	1.0
20	4472	1.0
20	4319	1.0
20	16	1.0
20	1759	1.0
21	175	1.0
21	1133	1.0
21	3367	1.0
21	72	1.0
21	17	1.0
21	75	1.0
21	1021	1.0
21	3162	1.0
21	1180	1.0
21	3869	1.0
22	2542	1.0
22	1465	1.0
22	205	1.0
22	514	1.0
22	18	1.0
22	1454	1.0
22	391	1.0
22	1466	1.0
23	853	1.0
23	80	1.0
23	4090	1.0
23	283	1.0
23	2796	1.0
23	3641	1.0
23	1997	1.0
23	543	1.0
23	1574	1.0
23	269	1.0
23	3075	1.0
23	1881	1.0
23	3159	1.0
23	19	1.0
23	1437	1.0
23	2674	1.0
23	544	1.0
23	3853	1.0
23	2260	1.0
24	4481	1.0
24	272	1.0
24	2889	1.0
24	171	1.0
24	1161	1.0
24	20	1.0
24	1376	1.0
25	21	1.0
25	4471	1.0
25	2249	1.0
25	3204	1.0
25	4467	1.0
25	2135	1.0
25	2079	1.0
25	3291	1.0
25	2116	1.0
26	2657	1.0
26	1229	1.0
26	337	1.0
26	1519	1.0
27	1821	1.0
27	1071	1.0
27	25	1.0
27	1033	1.0
27	1753	1.0
27	2893	1.0
27	1782	1.0
27	307	1.0
28	26	1.0
28	1048	1.0
28	2363	1.0
28	167	1.0
28	2804	1.0
28	4429	1.0
29	27	1.0
29	1871	1.0
29	1870	1.0
29	1781	1.0
29	3256	1.0
29	1422	1.0
29	4369	1.0
29	1166	1.0
29	1723	1.0
29	3821	1.0
29	4259	1.0
29	1110	1.0
29	990	1.0
29	3129	1.0
30	900	1.0
30	1794	1.0
30	851	1.0
30	830	1.0
30	3208	1.0
30	1292	1.0
30	4314	1.0
30	1152	1.0
30	2740	1.0
30	921	1.0
30	1490	1.0
30	2888	1.0
31	4399	1.0
31	261	1.0
31	118	1.0
31	4350	1.0
31	3789	1.0
32	3728	1.0
32	3095	1.0
32	1145	1.0
32	2080	1.0
32	3834	1.0
32	4318	1.0
32	2807	1.0
32	2034	1.0
32	30	1.0
32	1983	1.0
32	2369	1.0
33	2971	1.0
33	1579	1.0
33	2726	1.0
33	2204	1.0
33	424	1.0
33	2723	1.0
33	211	1.0
33	2485	1.0
33	1290	1.0
33	654	1.0
33	31	1.0
34	3257	1.0
34	666	1.0
34	221	1.0
34	1506	1.0
34	1609	1.0
34	32	1.0
34	3031	1.0
34	2786	1.0
34	1815	1.0
34	4288	1.0
34	1780	1.0
34	1805	1.0
34	1087	1.0
34	2551	1.0
34	1808	1.0
34	1586	1.0
34	4642	1.0
34	103	1.0
34	43	1.0
35	581	1.0
35	1591	1.0
35	4172	1.0
35	217	1.0
35	1513	1.0
35	1162	1.0
35	34	1.0
35	1225	1.0
35	1298	1.0
35	4175	1.0
36	1660	1.0
36	4382	1.0
36	3956	1.0
36	2263	1.0
36	1320	1.0
36	3567	1.0
36	1444	1.0
36	1667	1.0
36	4351	1.0
36	2464	1.0
36	3880	1.0
36	4254	1.0
36	3371	1.0
36	619	1.0
36	37	1.0
36	3939	1.0
36	2064	1.0
36	3483	1.0
36	3861	1.0
36	1443	1.0
36	3117	1.0
36	1445	1.0
36	4615	1.0
36	1231	1.0
36	2802	1.0
36	3481	1.0
37	37	1.0
37	98	1.0
37	466	1.0
37	3952	1.0
37	2902	1.0
38	1326	1.0
38	1343	1.0
38	638	1.0
38	92	1.0
38	38	1.0
38	493	1.0
39	2000	1.0
39	3855	1.0
39	39	1.0
39	3521	1.0
40	3386	1.0
40	599	1.0
40	3787	1.0
40	3910	1.0
40	48	1.0
40	4379	1.0
40	1671	1.0
40	117	1.0
40	2435	1.0
40	3916	1.0
40	39	1.0
40	223	1.0
40	3810	1.0
40	1170	1.0
40	4032	1.0
40	4223	1.0
40	3894	1.0
40	3924	1.0
40	617	1.0
40	3879	1.0
40	134	1.0
40	2114	1.0
40	353	1.0
41	93	1.0
41	1608	1.0
41	2515	1.0
41	949	1.0
41	2273	1.0
41	40	1.0
41	54	1.0
41	2365	1.0
41	2443	1.0
41	2262	1.0
41	112	1.0
42	669	1.0
42	677	1.0
42	47	1.0
42	4143	1.0
43	3742	1.0
43	2878	1.0
43	4162	1.0
43	861	1.0
43	4684	1.0
43	4460	1.0
43	3600	1.0
43	1750	1.0
43	1223	1.0
44	4571	1.0
44	1142	1.0
44	4035	1.0
44	2102	1.0
44	3576	1.0
44	51	1.0
45	1687	1.0
45	4313	1.0
45	506	1.0
45	1120	1.0
45	1209	1.0
45	114	1.0
45	824	1.0
45	706	1.0
45	3155	1.0
45	2036	1.0
45	52	1.0
45	2878	1.0
45	293	1.0
45	4162	1.0
45	703	1.0
45	549	1.0
45	3256	1.0
45	3992	1.0
45	2184	1.0
45	1498	1.0
45	4263	1.0
45	3623	1.0
45	4413	1.0
45	4019	1.0
45	2568	1.0
45	553	1.0
45	289	1.0
45	292	1.0
45	1684	1.0
45	3600	1.0
45	1800	1.0
45	1135	1.0
45	1433	1.0
45	2571	1.0
45	2225	1.0
46	3709	1.0
46	556	1.0
46	2175	1.0
46	3365	1.0
46	2728	1.0
46	53	1.0
46	4094	1.0
46	2612	1.0
46	3393	1.0
46	4418	1.0
46	428	1.0
46	2077	1.0
46	3376	1.0
46	557	1.0
46	259	1.0
46	3359	1.0
46	1498	1.0
46	326	1.0
46	2246	1.0
46	3380	1.0
46	3358	1.0
46	426	1.0
46	4737	1.0
46	3732	1.0
46	3832	1.0
46	2858	1.0
46	3367	1.0
46	4191	1.0
46	3670	1.0
46	1222	1.0
46	1955	1.0
46	4278	1.0
46	2596	1.0
46	1124	1.0
46	873	1.0
46	3410	1.0
46	4144	1.0
46	1101	1.0
46	2485	1.0
46	714	1.0
46	717	1.0
46	2584	1.0
46	3383	1.0
46	2860	1.0
46	4707	1.0
46	2265	1.0
46	2385	1.0
47	2349	1.0
47	53	1.0
47	3498	1.0
47	2390	1.0
47	651	1.0
47	2169	1.0
47	2388	1.0
47	4756	1.0
47	2795	1.0
47	1498	1.0
47	2246	1.0
47	761	1.0
47	2371	1.0
47	4685	1.0
47	3133	1.0
47	3254	1.0
47	3179	1.0
48	585	1.0
48	1866	1.0
48	3654	1.0
48	2546	1.0
48	4035	1.0
48	2190	1.0
48	3171	1.0
48	1750	1.0
48	3686	1.0
48	245	1.0
48	4188	1.0
48	1751	1.0
48	4047	1.0
48	3869	1.0
48	54	1.0
48	2834	1.0
48	637	1.0
48	1116	1.0
48	4026	1.0
48	4077	1.0
48	3469	1.0
48	1752	1.0
49	55	1.0
49	1387	1.0
49	1022	1.0
49	781	1.0
49	62	1.0
49	308	1.0
49	1390	1.0
50	1353	1.0
50	604	1.0
50	1302	1.0
50	140	1.0
50	968	1.0
50	56	1.0
51	1731	1.0
51	465	1.0
51	57	1.0
51	480	1.0
52	127	1.0
52	479	1.0
52	57	1.0
52	962	1.0
52	4051	1.0
53	3124	1.0
53	281	1.0
53	1350	1.0
53	59	1.0
54	539	1.0
54	932	1.0
54	1723	1.0
54	1517	1.0
54	92	1.0
54	206	1.0
54	1411	1.0
54	2886	1.0
54	1893	1.0
54	1085	1.0
54	1487	1.0
54	64	1.0
54	2292	1.0
54	2356	1.0
54	4525	1.0
54	1760	1.0
54	2351	1.0
54	2126	1.0
54	916	1.0
55	3609	1.0
55	2535	1.0
55	4488	1.0
55	1219	1.0
55	187	1.0
55	1314	1.0
55	153	1.0
55	67	1.0
55	260	1.0
55	280	1.0
55	389	1.0
55	115	1.0
55	1662	1.0
55	137	1.0
55	4489	1.0
55	1806	1.0
55	192	1.0
55	241	1.0
56	1978	1.0
56	3086	1.0
56	77	1.0
56	121	1.0
56	244	1.0
56	415	1.0
56	508	1.0
56	809	1.0
56	1638	1.0
56	3188	1.0
56	2774	1.0
56	247	1.0
56	1747	1.0
56	68	1.0
56	4043	1.0
57	4272	1.0
57	3032	1.0
57	4046	1.0
57	1295	1.0
58	214	1.0
58	394	1.0
58	4704	1.0
58	4682	1.0
58	2370	1.0
58	117	1.0
58	4074	1.0
58	3456	1.0
58	70	1.0
58	4552	1.0
58	4746	1.0
58	4752	1.0
59	3937	1.0
59	685	1.0
59	82	1.0
59	122	1.0
59	3704	1.0
59	71	1.0
59	783	1.0
59	2155	1.0
59	2051	1.0
59	3825	1.0
59	136	1.0
59	2424	1.0
59	1539	1.0
59	3673	1.0
60	73	1.0
60	260	1.0
60	2471	1.0
60	151	1.0
61	74	1.0
61	2738	1.0
61	437	1.0
61	1103	1.0
62	1075	1.0
62	3235	1.0
62	4493	1.0
62	971	1.0
62	1313	1.0
62	1113	1.0
63	1784	1.0
63	621	1.0
63	3318	1.0
63	1650	1.0
63	2317	1.0
63	522	1.0
63	1790	1.0
63	3198	1.0
63	4002	1.0
63	2287	1.0
63	78	1.0
63	4363	1.0
63	834	1.0
63	1779	1.0
63	2053	1.0
63	1344	1.0
64	1385	1.0
64	1159	1.0
64	3640	1.0
64	4173	1.0
64	1611	1.0
64	1347	1.0
64	993	1.0
64	78	1.0
65	165	1.0
65	3780	1.0
65	3985	1.0
65	4378	1.0
65	4113	1.0
65	3864	1.0
65	3630	1.0
65	798	1.0
65	3490	1.0
65	3188	1.0
65	3886	1.0
65	79	1.0
66	3746	1.0
66	2802	1.0
66	2690	1.0
66	3050	1.0
66	1857	1.0
66	1931	1.0
66	2485	1.0
66	847	1.0
66	3936	1.0
66	1984	1.0
67	4641	1.0
67	81	1.0
67	2659	1.0
67	765	1.0
68	2833	1.0
68	2058	1.0
68	787	1.0
68	4431	1.0
68	1931	1.0
68	522	1.0
68	82	1.0
68	2265	1.0
68	2612	1.0
68	3340	1.0
68	3722	1.0
68	2106	1.0
68	500	1.0
68	1483	1.0
68	1025	1.0
68	3652	1.0
69	444	1.0
69	754	1.0
69	779	1.0
69	840	1.0
69	3560	1.0
70	186	1.0
70	367	1.0
70	262	1.0
70	1718	1.0
70	141	1.0
70	4476	1.0
70	360	1.0
71	3158	1.0
71	2801	1.0
71	2744	1.0
71	361	1.0
71	1592	1.0
71	1008	1.0
71	219	1.0
71	1341	1.0
71	3012	1.0
71	1949	1.0
71	1603	1.0
71	4622	1.0
71	3221	1.0
71	865	1.0
71	3501	1.0
71	771	1.0
71	1387	1.0
71	575	1.0
71	1325	1.0
71	730	1.0
71	921	1.0
71	3232	1.0
71	2421	1.0
71	2596	1.0
71	1495	1.0
71	168	1.0
71	439	1.0
71	1605	1.0
71	2154	1.0
71	1889	1.0
71	1452	1.0
71	3293	1.0
71	2725	1.0
71	889	1.0
71	2826	1.0
71	833	1.0
71	4394	1.0
71	993	1.0
71	1309	1.0
71	1013	1.0
71	1497	1.0
71	1496	1.0
71	1212	1.0
71	2979	1.0
71	96	1.0
71	4133	1.0
71	928	1.0
71	1045	1.0
71	2840	1.0
71	1189	1.0
71	2437	1.0
71	426	1.0
71	2169	1.0
71	1953	1.0
71	770	1.0
71	873	1.0
71	85	1.0
71	111	1.0
71	2313	1.0
71	1188	1.0
71	109	1.0
71	919	1.0
71	626	1.0
71	1241	1.0
71	1200	1.0
71	2887	1.0
71	3808	1.0
71	2278	1.0
71	2229	1.0
71	2356	1.0
72	3848	1.0
72	4639	1.0
72	178	1.0
72	1827	1.0
72	1554	1.0
72	3622	1.0
72	429	1.0
72	86	1.0
72	2631	1.0
72	2404	1.0
72	792	1.0
72	1224	1.0
72	380	1.0
72	4430	1.0
72	2403	1.0
72	801	1.0
72	921	1.0
72	2657	1.0
72	2486	1.0
73	4485	1.0
73	203	1.0
73	195	1.0
73	584	1.0
73	86	1.0
74	3518	1.0
74	2118	1.0
74	724	1.0
74	913	1.0
74	705	1.0
74	388	1.0
74	87	1.0
74	288	1.0
74	704	1.0
74	321	1.0
74	280	1.0
74	2638	1.0
74	3303	1.0
74	682	1.0
74	925	1.0
75	1273	1.0
75	2502	1.0
75	786	1.0
75	785	1.0
76	3578	1.0
76	1961	1.0
76	3412	1.0
76	3911	1.0
76	1992	1.0
76	3504	1.0
76	1721	1.0
76	1328	1.0
76	3446	1.0
76	1406	1.0
76	4414	1.0
76	1670	1.0
76	1580	1.0
76	274	1.0
76	2799	1.0
76	338	1.0
76	1271	1.0
76	1825	1.0
76	495	1.0
76	484	1.0
76	853	1.0
76	1963	1.0
76	3112	1.0
76	1392	1.0
76	3676	1.0
76	857	1.0
76	1377	1.0
76	1261	1.0
76	2310	1.0
76	2978	1.0
76	1494	1.0
76	3895	1.0
76	89	1.0
76	3186	1.0
76	3328	1.0
76	595	1.0
76	1623	1.0
76	2650	1.0
76	598	1.0
76	402	1.0
76	3430	1.0
76	2679	1.0
76	1624	1.0
76	570	1.0
76	1710	1.0
76	828	1.0
76	2637	1.0
76	4065	1.0
76	2779	1.0
76	1313	1.0
76	2008	1.0
76	311	1.0
76	1352	1.0
76	1828	1.0
76	989	1.0
76	943	1.0
76	3261	1.0
76	4416	1.0
76	3741	1.0
76	982	1.0
76	3441	1.0
76	3242	1.0
76	88	1.0
76	3299	1.0
76	231	1.0
76	3115	1.0
76	701	1.0
76	383	1.0
76	1677	1.0
76	983	1.0
76	3496	1.0
76	1035	1.0
76	885	1.0
76	1856	1.0
76	2513	1.0
76	2588	1.0
76	2419	1.0
76	1735	1.0
76	4164	1.0
76	1991	1.0
76	3460	1.0
76	1114	1.0
76	2611	1.0
76	249	1.0
76	1263	1.0
76	1674	1.0
76	4458	1.0
76	1778	1.0
77	803	1.0
77	1606	1.0
77	1651	1.0
77	1235	1.0
77	1484	1.0
77	392	1.0
77	1327	1.0
77	802	1.0
77	3550	1.0
77	4310	1.0
77	309	1.0
77	961	1.0
77	4406	1.0
77	2939	1.0
77	478	1.0
77	1993	1.0
77	931	1.0
77	2351	1.0
77	2179	1.0
77	882	1.0
77	384	1.0
77	1349	1.0
77	4312	1.0
77	89	1.0
77	1521	1.0
77	740	1.0
77	1119	1.0
78	1280	1.0
78	327	1.0
78	2381	1.0
78	1282	1.0
78	569	1.0
78	589	1.0
78	2121	1.0
78	90	1.0
78	341	1.0
78	1233	1.0
78	4603	1.0
78	4502	1.0
78	908	1.0
79	3677	1.0
79	835	1.0
79	1962	1.0
79	2859	1.0
79	331	1.0
79	90	1.0
80	91	1.0
80	1145	1.0
80	811	1.0
80	2868	1.0
81	978	1.0
81	1007	1.0
81	3050	1.0
81	199	1.0
81	1710	1.0
81	732	1.0
81	92	1.0
82	905	1.0
82	4087	1.0
82	876	1.0
82	3927	1.0
82	1771	1.0
82	3427	1.0
82	4379	1.0
82	2306	1.0
82	144	1.0
82	837	1.0
82	1742	1.0
82	2981	1.0
82	2333	1.0
82	3719	1.0
82	488	1.0
82	1640	1.0
82	871	1.0
82	1569	1.0
82	639	1.0
82	4355	1.0
82	3976	1.0
82	2218	1.0
82	463	1.0
82	3970	1.0
82	3914	1.0
82	4007	1.0
82	2913	1.0
82	1913	1.0
82	3315	1.0
82	780	1.0
82	3687	1.0
82	94	1.0
82	526	1.0
82	4166	1.0
82	665	1.0
83	826	1.0
83	4160	1.0
83	3636	1.0
83	2435	1.0
83	1526	1.0
83	95	1.0
83	610	1.0
83	4145	1.0
83	381	1.0
84	4093	1.0
84	97	1.0
84	3909	1.0
84	4472	1.0
85	3652	1.0
85	465	1.0
85	4543	1.0
85	99	1.0
85	1269	1.0
86	2901	1.0
86	4758	1.0
86	3530	1.0
86	4140	1.0
86	4281	1.0
86	100	1.0
86	3669	1.0
86	4239	1.0
86	3255	1.0
87	369	1.0
87	414	1.0
87	100	1.0
87	4025	1.0
87	1071	1.0
87	1936	1.0
88	2840	1.0
88	4593	1.0
88	3138	1.0
88	3109	1.0
89	3517	1.0
89	2316	1.0
89	101	1.0
89	2677	1.0
90	555	1.0
90	114	1.0
90	1084	1.0
90	255	1.0
90	2968	1.0
90	2485	1.0
90	3264	1.0
90	3628	1.0
90	101	1.0
90	522	1.0
90	2719	1.0
91	1515	1.0
91	2920	1.0
91	693	1.0
91	1560	1.0
91	564	1.0
91	1470	1.0
91	1080	1.0
91	339	1.0
91	1561	1.0
91	2294	1.0
91	743	1.0
91	2551	1.0
91	1596	1.0
91	2045	1.0
91	1397	1.0
91	932	1.0
91	1667	1.0
91	1820	1.0
91	1318	1.0
91	101	1.0
91	997	1.0
92	2607	1.0
92	1172	1.0
92	2444	1.0
92	101	1.0
92	2393	1.0
92	1560	1.0
92	1556	1.0
92	1446	1.0
92	2593	1.0
93	474	1.0
93	1475	1.0
93	939	1.0
93	418	1.0
94	716	1.0
94	466	1.0
94	616	1.0
94	105	1.0
94	799	1.0
94	552	1.0
95	2784	1.0
95	234	1.0
95	347	1.0
95	466	1.0
95	2037	1.0
95	106	1.0
95	560	1.0
95	169	1.0
96	2009	1.0
96	107	1.0
96	2198	1.0
96	2196	1.0
96	2923	1.0
96	1788	1.0
97	312	1.0
97	1148	1.0
97	1368	1.0
97	592	1.0
97	108	1.0
97	2401	1.0
97	1864	1.0
97	1676	1.0
97	146	1.0
97	286	1.0
97	396	1.0
97	734	1.0
97	280	1.0
97	395	1.0
98	4123	1.0
98	863	1.0
98	4564	1.0
98	2130	1.0
98	109	1.0
98	1003	1.0
98	4424	1.0
98	475	1.0
99	109	1.0
99	4627	1.0
99	2354	1.0
99	3702	1.0
99	287	1.0
99	766	1.0
100	4554	1.0
100	4550	1.0
100	4551	1.0
100	109	1.0
101	4536	1.0
101	243	1.0
101	1436	1.0
101	4482	1.0
101	722	1.0
101	109	1.0
102	1023	1.0
102	4499	1.0
102	3173	1.0
102	3106	1.0
102	1622	1.0
102	2623	1.0
102	3195	1.0
102	163	1.0
102	386	1.0
102	451	1.0
102	959	1.0
102	3200	1.0
102	756	1.0
102	235	1.0
102	3191	1.0
102	921	1.0
102	155	1.0
102	297	1.0
102	3478	1.0
102	3569	1.0
102	109	1.0
102	2330	1.0
102	343	1.0
102	1704	1.0
102	2831	1.0
102	2363	1.0
102	524	1.0
102	285	1.0
102	2754	1.0
102	425	1.0
102	202	1.0
103	3812	1.0
103	4037	1.0
103	125	1.0
103	4120	1.0
103	4580	1.0
103	2215	1.0
104	677	1.0
104	1694	1.0
104	248	1.0
104	518	1.0
105	1649	1.0
105	109	1.0
105	1024	1.0
105	867	1.0
106	109	1.0
106	2711	1.0
106	3088	1.0
106	3696	1.0
107	3258	1.0
107	3534	1.0
107	3447	1.0
107	109	1.0
107	1830	1.0
107	571	1.0
107	4447	1.0
107	223	1.0
108	4058	1.0
108	109	1.0
108	4115	1.0
108	2071	1.0
108	2062	1.0
109	3156	1.0
109	921	1.0
109	2514	1.0
109	136	1.0
109	2485	1.0
109	678	1.0
110	887	1.0
110	2014	1.0
110	3102	1.0
110	4309	1.0
111	3547	1.0
111	4645	1.0
111	1922	1.0
111	2056	1.0
111	1953	1.0
111	2267	1.0
111	2160	1.0
111	1065	1.0
111	534	1.0
111	109	1.0
111	1063	1.0
112	2133	1.0
112	109	1.0
112	126	1.0
112	121	1.0
113	2003	1.0
113	2798	1.0
113	646	1.0
113	109	1.0
113	935	1.0
114	766	1.0
114	580	1.0
114	1095	1.0
114	2949	1.0
114	830	1.0
114	1469	1.0
114	2838	1.0
115	2644	1.0
115	4336	1.0
115	1504	1.0
115	110	1.0
116	2252	1.0
116	832	1.0
116	556	1.0
116	2430	1.0
117	3900	1.0
117	876	1.0
117	2485	1.0
117	4419	1.0
117	114	1.0
117	3784	1.0
117	906	1.0
117	1070	1.0
117	1041	1.0
117	2853	1.0
117	2251	1.0
117	4479	1.0
117	2029	1.0
118	3823	1.0
118	116	1.0
118	2189	1.0
118	2694	1.0
118	1223	1.0
118	3027	1.0
118	3053	1.0
119	860	1.0
119	119	1.0
119	892	1.0
119	4565	1.0
119	830	1.0
119	2454	1.0
119	4559	1.0
119	1060	1.0
119	1614	1.0
120	120	1.0
120	2087	1.0
120	2025	1.0
120	878	1.0
120	2331	1.0
120	4601	1.0
120	3982	1.0
120	4749	1.0
120	697	1.0
121	123	1.0
121	1899	1.0
121	1509	1.0
121	1511	1.0
121	2875	1.0
121	4333	1.0
121	252	1.0
121	905	1.0
122	4170	1.0
122	4264	1.0
122	4360	1.0
122	3273	1.0
122	129	1.0
123	4098	1.0
123	2479	1.0
123	130	1.0
123	4330	1.0
123	4520	1.0
123	4067	1.0
123	520	1.0
124	154	1.0
124	600	1.0
124	1291	1.0
124	2363	1.0
124	3839	1.0
124	1202	1.0
124	1144	1.0
124	131	1.0
124	1143	1.0
124	2264	1.0
124	2115	1.0
125	4402	1.0
125	4367	1.0
125	1319	1.0
125	3704	1.0
125	132	1.0
125	849	1.0
126	2109	1.0
126	868	1.0
126	546	1.0
126	133	1.0
127	135	1.0
127	2441	1.0
127	3248	1.0
127	3585	1.0
127	4341	1.0
128	565	1.0
128	322	1.0
128	137	1.0
128	18	1.0
129	1427	1.0
129	1228	1.0
129	1642	1.0
129	633	1.0
129	886	1.0
129	138	1.0
130	3613	1.0
130	4224	1.0
130	3417	1.0
130	3650	1.0
130	3820	1.0
130	1672	1.0
130	1508	1.0
130	1758	1.0
130	4006	1.0
130	4071	1.0
130	4008	1.0
130	2227	1.0
130	3326	1.0
130	3801	1.0
130	4045	1.0
130	138	1.0
130	2006	1.0
130	3854	1.0
130	3522	1.0
130	1697	1.0
130	3873	1.0
130	3974	1.0
130	3834	1.0
130	3802	1.0
130	1586	1.0
130	3584	1.0
130	3082	1.0
130	3073	1.0
130	3803	1.0
130	1386	1.0
130	2924	1.0
130	4318	1.0
130	2583	1.0
130	3017	1.0
130	1774	1.0
131	176	1.0
131	4267	1.0
131	1477	1.0
131	980	1.0
131	2943	1.0
131	2909	1.0
131	137	1.0
131	1342	1.0
132	2242	1.0
132	244	1.0
132	796	1.0
132	869	1.0
132	2254	1.0
132	266	1.0
133	139	1.0
133	546	1.0
133	155	1.0
133	447	1.0
133	271	1.0
133	260	1.0
133	295	1.0
134	278	1.0
134	1956	1.0
134	4516	1.0
134	312	1.0
134	142	1.0
135	3159	1.0
135	1881	1.0
135	3903	1.0
135	2539	1.0
135	968	1.0
135	143	1.0
135	236	1.0
136	2447	1.0
136	398	1.0
136	3003	1.0
136	1093	1.0
136	2370	1.0
136	143	1.0
136	314	1.0
137	3343	1.0
137	145	1.0
137	304	1.0
137	2943	1.0
138	2822	1.0
138	3629	1.0
138	1720	1.0
138	147	1.0
138	862	1.0
139	1928	1.0
139	148	1.0
139	4169	1.0
139	4703	1.0
139	398	1.0
140	3658	1.0
140	2078	1.0
140	906	1.0
140	3849	1.0
141	4104	1.0
141	3243	1.0
141	3664	1.0
141	4106	1.0
141	3282	1.0
141	3094	1.0
141	3100	1.0
141	2576	1.0
141	3743	1.0
141	3846	1.0
141	2669	1.0
141	3710	1.0
141	2732	1.0
141	2809	1.0
141	2980	1.0
141	3045	1.0
141	3002	1.0
141	2492	1.0
141	2744	1.0
141	149	1.0
141	3597	1.0
141	3906	1.0
141	2178	1.0
141	3414	1.0
141	2555	1.0
141	2884	1.0
141	3136	1.0
141	2933	1.0
141	2306	1.0
141	3731	1.0
141	3302	1.0
141	3114	1.0
141	3608	1.0
141	3653	1.0
141	2212	1.0
141	3851	1.0
141	3061	1.0
141	3493	1.0
141	3103	1.0
141	2738	1.0
141	2624	1.0
141	2844	1.0
141	2706	1.0
141	2954	1.0
141	239	1.0
141	3927	1.0
141	3356	1.0
141	3747	1.0
141	3431	1.0
141	1341	1.0
141	3147	1.0
141	4686	1.0
141	2675	1.0
141	3983	1.0
141	3706	1.0
141	3537	1.0
141	3423	1.0
141	3651	1.0
141	3965	1.0
141	2981	1.0
141	2565	1.0
141	4092	1.0
141	3831	1.0
141	3245	1.0
141	1582	1.0
142	149	1.0
142	216	1.0
142	388	1.0
142	912	1.0
142	213	1.0
142	220	1.0
143	159	1.0
143	160	1.0
143	820	1.0
143	457	1.0
143	776	1.0
143	1450	1.0
143	758	1.0
144	846	1.0
144	3556	1.0
144	2390	1.0
144	152	1.0
144	3859	1.0
144	2123	1.0
144	709	1.0
144	3786	1.0
144	191	1.0
145	2364	1.0
145	3298	1.0
145	1260	1.0
145	577	1.0
145	2478	1.0
145	2375	1.0
145	2481	1.0
145	3317	1.0
145	154	1.0
145	2033	1.0
145	4662	1.0
146	4612	1.0
146	3918	1.0
146	4265	1.0
146	154	1.0
147	1001	1.0
147	1111	1.0
147	4570	1.0
147	157	1.0
147	4521	1.0
147	4496	1.0
147	1403	1.0
147	1402	1.0
148	893	1.0
148	160	1.0
148	158	1.0
148	504	1.0
149	161	1.0
149	1931	1.0
149	1930	1.0
149	2905	1.0
150	4217	1.0
150	1808	1.0
150	1758	1.0
150	2195	1.0
150	4073	1.0
150	2075	1.0
150	426	1.0
150	4112	1.0
151	2861	1.0
151	2002	1.0
151	4346	1.0
151	212	1.0
151	677	1.0
151	3712	1.0
151	530	1.0
151	162	1.0
152	576	1.0
152	164	1.0
152	3463	1.0
152	1169	1.0
152	3411	1.0
153	1080	1.0
153	166	1.0
153	686	1.0
153	2475	1.0
153	2900	1.0
153	1750	1.0
153	1090	1.0
153	1694	1.0
153	680	1.0
153	2103	1.0
154	1339	1.0
154	226	1.0
154	228	1.0
154	1153	1.0
154	471	1.0
154	4056	1.0
155	1931	1.0
155	670	1.0
155	2802	1.0
155	2698	1.0
155	2181	1.0
155	3811	1.0
155	1752	1.0
155	1355	1.0
155	168	1.0
155	1785	1.0
155	1413	1.0
156	786	1.0
156	3034	1.0
156	169	1.0
156	479	1.0
157	3244	1.0
157	3950	1.0
157	1910	1.0
157	1121	1.0
157	3150	1.0
157	954	1.0
157	3760	1.0
157	3956	1.0
157	1207	1.0
157	169	1.0
157	1632	1.0
157	3304	1.0
157	354	1.0
157	2063	1.0
157	284	1.0
158	3453	1.0
158	224	1.0
158	2553	1.0
158	2500	1.0
158	3896	1.0
158	2806	1.0
158	170	1.0
158	2550	1.0
158	2069	1.0
159	268	1.0
159	3775	1.0
159	3425	1.0
159	2369	1.0
159	1756	1.0
159	2002	1.0
159	3156	1.0
159	4044	1.0
159	1444	1.0
159	189	1.0
159	1973	1.0
159	171	1.0
160	1228	1.0
160	921	1.0
160	836	1.0
160	1220	1.0
161	4273	1.0
161	620	1.0
161	1647	1.0
161	924	1.0
161	4361	1.0
161	851	1.0
161	1265	1.0
161	173	1.0
162	2256	1.0
162	3084	1.0
162	1451	1.0
162	1478	1.0
162	173	1.0
162	2210	1.0
163	3053	1.0
163	174	1.0
163	2625	1.0
163	3256	1.0
163	2604	1.0
163	2616	1.0
163	1815	1.0
163	1279	1.0
163	2948	1.0
164	2408	1.0
164	267	1.0
164	2425	1.0
164	4206	1.0
164	177	1.0
164	1838	1.0
164	1880	1.0
164	1809	1.0
165	3531	1.0
165	3766	1.0
165	4214	1.0
165	179	1.0
166	180	1.0
166	1849	1.0
166	1421	1.0
166	430	1.0
167	3352	1.0
167	3758	1.0
167	1353	1.0
167	3787	1.0
167	970	1.0
167	316	1.0
167	2366	1.0
167	1908	1.0
167	2067	1.0
168	3539	1.0
168	1353	1.0
168	3445	1.0
168	183	1.0
168	3286	1.0
168	516	1.0
168	2243	1.0
168	3462	1.0
169	207	1.0
169	1107	1.0
169	1984	1.0
169	4717	1.0
169	2106	1.0
169	1090	1.0
169	1931	1.0
170	3249	1.0
170	3615	1.0
170	187	1.0
170	683	1.0
170	3307	1.0
170	3564	1.0
170	3044	1.0
170	1674	1.0
170	917	1.0
170	1425	1.0
170	2222	1.0
170	1896	1.0
171	188	1.0
171	2903	1.0
171	677	1.0
171	2989	1.0
172	189	1.0
172	2381	1.0
172	2345	1.0
172	558	1.0
172	2182	1.0
172	2081	1.0
172	3762	1.0
172	3773	1.0
173	3442	1.0
173	1759	1.0
173	3890	1.0
173	3867	1.0
173	365	1.0
173	1208	1.0
173	2516	1.0
173	4417	1.0
173	3750	1.0
173	3777	1.0
173	3489	1.0
173	2837	1.0
173	3769	1.0
173	2862	1.0
173	2603	1.0
173	1761	1.0
173	3788	1.0
173	408	1.0
173	3780	1.0
173	2594	1.0
173	4724	1.0
173	1458	1.0
173	2298	1.0
173	276	1.0
173	4198	1.0
173	375	1.0
174	1401	1.0
174	4666	1.0
174	4681	1.0
174	4504	1.0
174	193	1.0
174	1914	1.0
175	2824	1.0
175	4426	1.0
175	1953	1.0
175	4374	1.0
175	4386	1.0
175	915	1.0
175	4067	1.0
175	192	1.0
176	2601	1.0
176	2723	1.0
176	3993	1.0
176	1503	1.0
176	194	1.0
176	2139	1.0
177	222	1.0
177	1885	1.0
177	196	1.0
177	1813	1.0
178	197	1.0
178	303	1.0
178	1384	1.0
178	2904	1.0
178	2015	1.0
178	1702	1.0
179	369	1.0
179	573	1.0
179	676	1.0
179	1029	1.0
179	625	1.0
179	3754	1.0
180	345	1.0
180	2217	1.0
180	2662	1.0
180	1132	1.0
180	200	1.0
180	755	1.0
181	1723	1.0
181	1146	1.0
181	1233	1.0
181	4538	1.0
181	201	1.0
182	897	1.0
182	871	1.0
182	204	1.0
182	4142	1.0
182	1216	1.0
182	1417	1.0
182	438	1.0
182	545	1.0
182	1951	1.0
182	1089	1.0
182	1493	1.0
182	4174	1.0
182	2439	1.0
182	4600	1.0
182	1503	1.0
182	1168	1.0
183	3145	1.0
183	637	1.0
183	1338	1.0
183	3160	1.0
183	2985	1.0
183	425	1.0
183	2518	1.0
183	1894	1.0
184	2030	1.0
184	1866	1.0
184	3049	1.0
184	846	1.0
184	2471	1.0
184	679	1.0
184	1694	1.0
184	1615	1.0
184	209	1.0
185	210	1.0
185	2558	1.0
185	912	1.0
185	232	1.0
185	809	1.0
185	2363	1.0
185	988	1.0
185	623	1.0
185	353	1.0
185	2485	1.0
185	3912	1.0
186	425	1.0
186	956	1.0
186	440	1.0
186	918	1.0
186	1576	1.0
186	371	1.0
187	2887	1.0
187	3223	1.0
187	3135	1.0
187	1671	1.0
187	3489	1.0
187	3571	1.0
187	3509	1.0
187	4700	1.0
187	323	1.0
187	4245	1.0
187	3051	1.0
187	3815	1.0
187	2559	1.0
187	3013	1.0
187	3120	1.0
187	3044	1.0
187	3466	1.0
187	3428	1.0
187	3187	1.0
187	330	1.0
187	212	1.0
187	274	1.0
187	1155	1.0
187	3510	1.0
187	3241	1.0
187	3277	1.0
187	1568	1.0
187	3816	1.0
187	3630	1.0
187	2946	1.0
187	3279	1.0
187	3124	1.0
188	1609	1.0
188	215	1.0
188	1976	1.0
188	728	1.0
188	553	1.0
188	3143	1.0
188	2345	1.0
189	3137	1.0
189	218	1.0
189	3569	1.0
189	2574	1.0
189	3998	1.0
189	3432	1.0
189	2982	1.0
189	775	1.0
189	3002	1.0
189	2569	1.0
189	3136	1.0
189	3210	1.0
189	2382	1.0
189	3103	1.0
189	3528	1.0
189	3081	1.0
189	2565	1.0
189	3870	1.0
189	3353	1.0
190	1586	1.0
190	4494	1.0
190	2363	1.0
190	3104	1.0
190	155	1.0
190	224	1.0
191	2150	1.0
191	246	1.0
191	559	1.0
191	225	1.0
191	3734	1.0
192	4070	1.0
192	4071	1.0
192	3558	1.0
192	2281	1.0
192	4003	1.0
192	3803	1.0
192	227	1.0
192	4081	1.0
192	4135	1.0
192	4255	1.0
193	1846	1.0
193	229	1.0
193	1136	1.0
193	3077	1.0
193	2267	1.0
193	2253	1.0
193	1105	1.0
193	3469	1.0
194	452	1.0
194	4440	1.0
194	3451	1.0
194	381	1.0
194	3009	1.0
194	272	1.0
195	4086	1.0
195	3218	1.0
195	3993	1.0
195	4236	1.0
195	230	1.0
195	4243	1.0
195	4474	1.0
196	2055	1.0
196	4280	1.0
196	2022	1.0
196	230	1.0
196	3347	1.0
196	1509	1.0
197	4286	1.0
197	230	1.0
197	3646	1.0
197	1534	1.0
197	3296	1.0
197	1586	1.0
197	677	1.0
197	2714	1.0
198	473	1.0
198	671	1.0
198	678	1.0
198	230	1.0
199	441	1.0
199	1921	1.0
199	232	1.0
199	1934	1.0
200	1587	1.0
200	759	1.0
200	547	1.0
200	1935	1.0
200	232	1.0
200	4545	1.0
201	329	1.0
201	3402	1.0
201	4128	1.0
201	3322	1.0
201	674	1.0
202	2854	1.0
202	3687	1.0
202	4223	1.0
202	1537	1.0
202	259	1.0
202	3078	1.0
202	2934	1.0
202	419	1.0
202	233	1.0
202	2214	1.0
202	1590	1.0
202	1842	1.0
203	1399	1.0
203	826	1.0
203	898	1.0
203	237	1.0
204	238	1.0
204	535	1.0
204	282	1.0
204	1837	1.0
204	3594	1.0
204	4091	1.0
204	1839	1.0
204	458	1.0
205	641	1.0
205	1734	1.0
205	3327	1.0
205	240	1.0
205	3304	1.0
206	4690	1.0
206	3702	1.0
206	1574	1.0
206	2472	1.0
206	2646	1.0
206	487	1.0
206	756	1.0
206	875	1.0
206	241	1.0
206	1439	1.0
206	3019	1.0
207	1784	1.0
207	242	1.0
207	1586	1.0
207	2485	1.0
208	244	1.0
208	4624	1.0
208	1876	1.0
208	3122	1.0
209	2724	1.0
209	4473	1.0
209	244	1.0
209	4127	1.0
209	4466	1.0
210	2509	1.0
210	2262	1.0
210	2001	1.0
210	1722	1.0
210	2195	1.0
210	507	1.0
210	1959	1.0
210	1775	1.0
210	1211	1.0
210	708	1.0
210	1811	1.0
210	1720	1.0
210	2598	1.0
210	748	1.0
210	1364	1.0
210	2379	1.0
210	720	1.0
210	1183	1.0
210	1138	1.0
210	1814	1.0
210	1014	1.0
210	244	1.0
210	1770	1.0
210	1769	1.0
210	2011	1.0
210	678	1.0
211	1353	1.0
211	247	1.0
211	1408	1.0
211	2548	1.0
212	2834	1.0
212	1894	1.0
212	1130	1.0
212	3146	1.0
212	248	1.0
212	3007	1.0
212	4719	1.0
212	2333	1.0
213	955	1.0
213	1185	1.0
213	3076	1.0
213	249	1.0
214	2005	1.0
214	446	1.0
214	1440	1.0
214	2478	1.0
214	2338	1.0
214	2462	1.0
214	2235	1.0
214	4302	1.0
214	2759	1.0
214	2208	1.0
214	2870	1.0
214	4352	1.0
214	2463	1.0
214	3304	1.0
214	1845	1.0
214	4452	1.0
214	3467	1.0
214	476	1.0
214	2097	1.0
214	2484	1.0
214	1650	1.0
214	3553	1.0
214	4269	1.0
214	3785	1.0
214	2215	1.0
214	2485	1.0
214	4074	1.0
214	2495	1.0
214	3649	1.0
214	2459	1.0
214	250	1.0
215	251	1.0
215	1423	1.0
215	874	1.0
215	297	1.0
216	649	1.0
216	1257	1.0
216	3127	1.0
216	510	1.0
216	253	1.0
217	3961	1.0
217	4292	1.0
217	2423	1.0
217	3174	1.0
217	2431	1.0
217	254	1.0
218	615	1.0
218	423	1.0
218	501	1.0
218	3108	1.0
218	1675	1.0
218	551	1.0
218	256	1.0
218	1602	1.0
218	968	1.0
218	2143	1.0
218	334	1.0
218	4324	1.0
218	4417	1.0
218	2354	1.0
218	474	1.0
219	4679	1.0
219	892	1.0
219	2270	1.0
219	1633	1.0
219	808	1.0
219	259	1.0
219	1053	1.0
220	3706	1.0
220	1698	1.0
220	279	1.0
220	263	1.0
221	2571	1.0
221	264	1.0
221	681	1.0
221	328	1.0
221	4560	1.0
222	264	1.0
222	1946	1.0
222	489	1.0
222	866	1.0
222	880	1.0
223	265	1.0
223	3010	1.0
223	2544	1.0
223	4726	1.0
223	3251	1.0
223	3030	1.0
223	2922	1.0
223	2156	1.0
223	269	1.0
223	4728	1.0
223	742	1.0
223	2309	1.0
223	267	1.0
223	1316	1.0
223	1364	1.0
224	4439	1.0
224	266	1.0
224	2666	1.0
224	4747	1.0
225	269	1.0
225	3075	1.0
225	2983	1.0
225	3591	1.0
226	3052	1.0
226	3733	1.0
226	2260	1.0
226	3955	1.0
226	3276	1.0
226	2117	1.0
226	3292	1.0
227	1886	1.0
227	2869	1.0
227	1966	1.0
227	1586	1.0
228	3261	1.0
228	1710	1.0
228	2822	1.0
228	1741	1.0
228	4085	1.0
228	3083	1.0
228	3770	1.0
228	1471	1.0
228	3969	1.0
228	3771	1.0
228	4291	1.0
228	4284	1.0
228	3774	1.0
228	3735	1.0
228	3798	1.0
228	1536	1.0
228	272	1.0
228	4105	1.0
228	3874	1.0
229	273	1.0
229	1750	1.0
229	1586	1.0
229	1810	1.0
229	1860	1.0
230	1621	1.0
230	4319	1.0
230	4287	1.0
230	4304	1.0
230	736	1.0
230	275	1.0
230	3630	1.0
231	4019	1.0
231	825	1.0
231	921	1.0
231	277	1.0
231	3992	1.0
231	3610	1.0
231	3579	1.0
231	3646	1.0
232	799	1.0
232	987	1.0
232	277	1.0
232	788	1.0
232	4432	1.0
232	880	1.0
233	1072	1.0
233	2279	1.0
233	287	1.0
233	3633	1.0
234	2397	1.0
234	1308	1.0
234	967	1.0
234	288	1.0
234	3190	1.0
234	3203	1.0
234	1187	1.0
234	589	1.0
235	1528	1.0
235	291	1.0
235	4326	1.0
235	290	1.0
236	1732	1.0
236	660	1.0
236	294	1.0
236	1696	1.0
237	301	1.0
237	1518	1.0
237	2491	1.0
237	2096	1.0
237	296	1.0
238	810	1.0
238	3992	1.0
238	856	1.0
238	3813	1.0
238	2443	1.0
238	687	1.0
238	1586	1.0
238	3155	1.0
238	298	1.0
238	2259	1.0
238	677	1.0
238	1959	1.0
238	778	1.0
238	2423	1.0
238	2083	1.0
239	851	1.0
239	299	1.0
239	892	1.0
239	823	1.0
240	2792	1.0
240	1074	1.0
240	3205	1.0
240	2528	1.0
240	3449	1.0
240	305	1.0
240	3308	1.0
241	895	1.0
241	3889	1.0
241	1574	1.0
241	1299	1.0
242	401	1.0
242	3561	1.0
242	417	1.0
242	306	1.0
242	2020	1.0
243	1705	1.0
243	2265	1.0
243	427	1.0
243	310	1.0
243	1685	1.0
244	4434	1.0
244	4462	1.0
244	3256	1.0
244	2163	1.0
244	2964	1.0
244	2959	1.0
244	494	1.0
244	3574	1.0
244	1586	1.0
244	4072	1.0
244	2099	1.0
244	1686	1.0
244	313	1.0
244	4433	1.0
244	3754	1.0
244	1265	1.0
244	3962	1.0
245	1351	1.0
245	1711	1.0
245	1483	1.0
245	1899	1.0
245	2261	1.0
245	315	1.0
245	3880	1.0
245	888	1.0
245	3068	1.0
245	388	1.0
245	4270	1.0
245	2335	1.0
246	315	1.0
246	2251	1.0
246	2635	1.0
246	4119	1.0
246	2294	1.0
246	2530	1.0
246	2820	1.0
246	2932	1.0
246	1516	1.0
246	756	1.0
246	1810	1.0
246	2649	1.0
246	2788	1.0
246	892	1.0
246	496	1.0
246	946	1.0
246	4229	1.0
246	3156	1.0
247	1538	1.0
247	1932	1.0
247	1700	1.0
247	715	1.0
247	1577	1.0
247	1462	1.0
247	1400	1.0
247	945	1.0
247	3266	1.0
247	1604	1.0
247	991	1.0
247	317	1.0
248	318	1.0
248	2379	1.0
248	346	1.0
248	324	1.0
249	4343	1.0
249	319	1.0
249	2318	1.0
249	1259	1.0
250	2856	1.0
250	3759	1.0
250	4253	1.0
250	1272	1.0
250	3244	1.0
250	3751	1.0
250	512	1.0
250	320	1.0
250	2326	1.0
250	4706	1.0
250	2791	1.0
250	3057	1.0
250	1856	1.0
251	2698	1.0
251	4468	1.0
251	597	1.0
251	1531	1.0
251	325	1.0
252	1236	1.0
252	2003	1.0
252	3549	1.0
252	859	1.0
252	613	1.0
252	1485	1.0
253	4506	1.0
253	328	1.0
253	2342	1.0
253	98	1.0
253	2267	1.0
253	2780	1.0
254	913	1.0
254	880	1.0
254	329	1.0
254	3434	1.0
254	2789	1.0
254	778	1.0
254	788	1.0
254	1182	1.0
255	2262	1.0
255	3038	1.0
255	332	1.0
255	1558	1.0
256	3899	1.0
256	3156	1.0
256	1632	1.0
256	1009	1.0
256	3904	1.0
256	335	1.0
257	307	1.0
257	929	1.0
257	704	1.0
257	336	1.0
257	1578	1.0
258	1888	1.0
258	774	1.0
258	814	1.0
258	340	1.0
259	426	1.0
259	1110	1.0
259	341	1.0
259	2591	1.0
260	341	1.0
260	378	1.0
260	427	1.0
260	393	1.0
261	377	1.0
261	1066	1.0
261	1078	1.0
261	1067	1.0
261	503	1.0
262	349	1.0
262	855	1.0
262	1266	1.0
262	3880	1.0
262	344	1.0
263	876	1.0
263	4235	1.0
263	2485	1.0
263	1092	1.0
263	348	1.0
263	2331	1.0
263	4398	1.0
263	2698	1.0
263	3385	1.0
263	1072	1.0
264	2267	1.0
264	1146	1.0
264	905	1.0
264	4503	1.0
264	2140	1.0
264	1525	1.0
264	369	1.0
265	352	1.0
265	2264	1.0
265	1765	1.0
265	2735	1.0
265	1394	1.0
265	1645	1.0
265	1134	1.0
265	2337	1.0
265	3426	1.0
265	2252	1.0
266	2007	1.0
266	4100	1.0
266	1902	1.0
266	4650	1.0
266	1815	1.0
266	4240	1.0
266	1752	1.0
266	3053	1.0
266	1785	1.0
267	744	1.0
267	1492	1.0
267	1388	1.0
267	969	1.0
267	2549	1.0
267	800	1.0
267	355	1.0
268	3395	1.0
268	4171	1.0
268	593	1.0
268	355	1.0
268	3661	1.0
269	3573	1.0
269	2648	1.0
269	2698	1.0
269	356	1.0
269	2251	1.0
269	4019	1.0
269	2354	1.0
269	922	1.0
269	4088	1.0
269	1351	1.0
269	3156	1.0
269	3576	1.0
270	1891	1.0
270	870	1.0
270	357	1.0
270	1292	1.0
270	1650	1.0
270	879	1.0
270	1506	1.0
271	2072	1.0
271	2321	1.0
271	2608	1.0
271	1661	1.0
272	2641	1.0
272	4210	1.0
272	2378	1.0
272	1006	1.0
272	4557	1.0
272	358	1.0
272	1969	1.0
273	361	1.0
273	816	1.0
273	4509	1.0
273	2440	1.0
273	4558	1.0
273	3991	1.0
273	3382	1.0
273	3374	1.0
273	4528	1.0
273	4692	1.0
273	3612	1.0
273	4262	1.0
273	4110	1.0
273	4654	1.0
273	4742	1.0
273	4718	1.0
273	3368	1.0
273	3403	1.0
273	4754	1.0
273	4636	1.0
273	2155	1.0
273	3827	1.0
273	3920	1.0
273	3361	1.0
273	4529	1.0
273	904	1.0
273	821	1.0
274	3715	1.0
274	4167	1.0
274	4011	1.0
274	3792	1.0
275	2696	1.0
275	795	1.0
275	1819	1.0
275	427	1.0
275	364	1.0
275	3917	1.0
275	4289	1.0
275	1529	1.0
276	554	1.0
276	366	1.0
276	1745	1.0
276	1773	1.0
277	3233	1.0
277	1861	1.0
277	3654	1.0
277	678	1.0
277	1871	1.0
278	2262	1.0
278	4128	1.0
278	4461	1.0
278	2708	1.0
278	2791	1.0
278	1512	1.0
278	3678	1.0
278	4121	1.0
278	2065	1.0
278	1922	1.0
278	370	1.0
278	3205	1.0
278	1782	1.0
278	1076	1.0
278	3881	1.0
278	4023	1.0
278	1777	1.0
278	1461	1.0
278	3969	1.0
278	2999	1.0
278	1652	1.0
278	4140	1.0
278	4235	1.0
279	895	1.0
279	1270	1.0
279	597	1.0
279	371	1.0
279	4062	1.0
279	4576	1.0
279	4586	1.0
280	372	1.0
280	563	1.0
280	443	1.0
280	373	1.0
281	1895	1.0
281	1239	1.0
281	1240	1.0
281	3888	1.0
282	4340	1.0
282	376	1.0
282	629	1.0
282	1703	1.0
282	664	1.0
282	695	1.0
282	4222	1.0
282	1791	1.0
282	1815	1.0
282	712	1.0
282	4306	1.0
282	4623	1.0
282	1223	1.0
282	1948	1.0
282	1871	1.0
282	1269	1.0
283	1824	1.0
283	938	1.0
283	1632	1.0
283	1274	1.0
283	2147	1.0
283	760	1.0
283	3975	1.0
283	979	1.0
284	2239	1.0
284	2705	1.0
284	379	1.0
284	2280	1.0
285	1973	1.0
285	4038	1.0
285	3649	1.0
285	1487	1.0
285	1649	1.0
285	2469	1.0
285	3219	1.0
285	3351	1.0
285	4152	1.0
285	1572	1.0
285	3348	1.0
285	2404	1.0
285	382	1.0
285	1618	1.0
286	385	1.0
286	397	1.0
286	2342	1.0
286	1506	1.0
286	3556	1.0
286	3407	1.0
286	1377	1.0
286	1146	1.0
286	2348	1.0
287	631	1.0
287	1123	1.0
287	4578	1.0
287	1070	1.0
287	3039	1.0
287	1177	1.0
287	3153	1.0
288	2337	1.0
288	2193	1.0
288	3018	1.0
288	3035	1.0
288	388	1.0
289	3050	1.0
289	388	1.0
289	3616	1.0
289	1828	1.0
289	3448	1.0
289	2780	1.0
289	3544	1.0
289	2300	1.0
290	781	1.0
290	3334	1.0
290	3122	1.0
290	3673	1.0
291	1372	1.0
291	2251	1.0
291	3176	1.0
291	4366	1.0
291	1741	1.0
291	2048	1.0
291	388	1.0
292	3495	1.0
292	2376	1.0
292	388	1.0
292	906	1.0
292	1218	1.0
292	1643	1.0
292	2810	1.0
293	1407	1.0
293	3398	1.0
293	4048	1.0
293	388	1.0
293	426	1.0
294	1871	1.0
294	2626	1.0
294	632	1.0
294	624	1.0
294	400	1.0
294	1833	1.0
294	2928	1.0
294	1686	1.0
295	1273	1.0
295	2038	1.0
295	1006	1.0
295	1191	1.0
295	2150	1.0
295	3184	1.0
295	393	1.0
295	532	1.0
296	1749	1.0
296	397	1.0
296	1393	1.0
296	1245	1.0
296	1586	1.0
297	1840	1.0
297	397	1.0
297	3646	1.0
297	3322	1.0
298	1081	1.0
298	2880	1.0
298	4124	1.0
298	397	1.0
298	4665	1.0
298	958	1.0
299	398	1.0
299	4016	1.0
299	3354	1.0
299	2407	1.0
299	1894	1.0
300	3335	1.0
300	1123	1.0
300	635	1.0
300	398	1.0
300	3320	1.0
300	1632	1.0
301	3807	1.0
301	1398	1.0
301	2234	1.0
301	2960	1.0
301	398	1.0
301	4714	1.0
301	1945	1.0
301	2657	1.0
301	1994	1.0
301	3217	1.0
301	2320	1.0
301	2648	1.0
301	1612	1.0
301	1303	1.0
301	2579	1.0
301	2168	1.0
301	2504	1.0
301	640	1.0
302	1500	1.0
302	2892	1.0
302	411	1.0
302	1435	1.0
302	938	1.0
302	615	1.0
302	435	1.0
302	1499	1.0
302	399	1.0
302	521	1.0
302	517	1.0
302	1739	1.0
302	1455	1.0
302	1548	1.0
303	2918	1.0
303	1952	1.0
303	398	1.0
303	2122	1.0
303	2869	1.0
303	3667	1.0
303	2012	1.0
303	3182	1.0
303	1126	1.0
303	4646	1.0
304	1555	1.0
304	1715	1.0
304	2061	1.0
304	3551	1.0
304	402	1.0
305	513	1.0
305	3256	1.0
305	403	1.0
305	2628	1.0
305	1070	1.0
305	1320	1.0
305	2629	1.0
305	1142	1.0
305	420	1.0
305	872	1.0
306	404	1.0
306	2105	1.0
306	1732	1.0
306	1707	1.0
306	432	1.0
306	1367	1.0
307	1212	1.0
307	1195	1.0
307	777	1.0
307	405	1.0
308	3345	1.0
308	3566	1.0
308	3456	1.0
308	407	1.0
308	3604	1.0
309	2991	1.0
309	412	1.0
309	3140	1.0
309	3040	1.0
309	2129	1.0
310	1071	1.0
310	2663	1.0
310	2578	1.0
310	647	1.0
310	1082	1.0
310	2394	1.0
310	1716	1.0
310	2400	1.0
310	1512	1.0
310	750	1.0
310	763	1.0
310	2415	1.0
310	1145	1.0
310	2275	1.0
310	431	1.0
310	737	1.0
310	1607	1.0
310	413	1.0
311	3557	1.0
311	891	1.0
311	3885	1.0
311	3404	1.0
311	413	1.0
311	2852	1.0
311	4513	1.0
311	4484	1.0
311	4389	1.0
311	877	1.0
312	416	1.0
312	4405	1.0
312	1063	1.0
312	849	1.0
312	976	1.0
312	455	1.0
313	2622	1.0
313	608	1.0
313	846	1.0
313	418	1.0
314	1481	1.0
314	1788	1.0
314	464	1.0
314	418	1.0
314	999	1.0
315	2161	1.0
315	2713	1.0
315	1305	1.0
315	1237	1.0
315	1032	1.0
315	1020	1.0
315	2148	1.0
315	2149	1.0
315	418	1.0
315	4519	1.0
315	1143	1.0
316	518	1.0
316	3555	1.0
316	729	1.0
316	923	1.0
317	421	1.0
317	3050	1.0
317	1726	1.0
317	3396	1.0
317	2827	1.0
318	1353	1.0
318	2485	1.0
318	1302	1.0
318	4062	1.0
318	1743	1.0
318	422	1.0
318	3324	1.0
318	2166	1.0
318	634	1.0
318	2748	1.0
319	1634	1.0
319	2618	1.0
319	3506	1.0
319	2710	1.0
319	1072	1.0
319	499	1.0
320	1099	1.0
320	425	1.0
320	4699	1.0
320	1096	1.0
321	3744	1.0
321	429	1.0
321	661	1.0
321	685	1.0
322	2485	1.0
322	2050	1.0
322	3209	1.0
322	906	1.0
322	425	1.0
323	1397	1.0
323	4542	1.0
323	720	1.0
323	4384	1.0
323	4596	1.0
323	689	1.0
323	692	1.0
323	706	1.0
323	1694	1.0
323	431	1.0
323	4621	1.0
323	696	1.0
323	1226	1.0
323	4598	1.0
323	2798	1.0
323	4548	1.0
323	4537	1.0
324	2737	1.0
324	876	1.0
324	3050	1.0
324	793	1.0
324	425	1.0
324	1523	1.0
325	2221	1.0
325	1070	1.0
325	4321	1.0
325	436	1.0
326	3330	1.0
326	876	1.0
326	1817	1.0
326	1784	1.0
326	2151	1.0
326	436	1.0
327	437	1.0
327	4708	1.0
327	710	1.0
327	4149	1.0
328	4208	1.0
328	578	1.0
328	442	1.0
328	581	1.0
328	1815	1.0
328	1824	1.0
329	1315	1.0
329	801	1.0
329	2302	1.0
329	3938	1.0
329	2428	1.0
329	2552	1.0
329	1762	1.0
329	2267	1.0
329	448	1.0
329	804	1.0
329	1872	1.0
329	769	1.0
329	1719	1.0
329	2416	1.0
329	3267	1.0
329	723	1.0
329	3142	1.0
329	587	1.0
329	2955	1.0
330	1052	1.0
330	4125	1.0
330	4219	1.0
330	449	1.0
330	2267	1.0
330	4377	1.0
330	1086	1.0
331	3167	1.0
331	3144	1.0
331	453	1.0
331	3930	1.0
332	1712	1.0
332	3529	1.0
332	1278	1.0
332	456	1.0
333	4518	1.0
333	531	1.0
333	456	1.0
333	3765	1.0
333	3472	1.0
333	3305	1.0
333	3901	1.0
333	3668	1.0
333	3633	1.0
333	2563	1.0
334	630	1.0
334	2158	1.0
334	4207	1.0
334	3729	1.0
334	4183	1.0
334	4078	1.0
334	3725	1.0
334	890	1.0
334	1553	1.0
334	459	1.0
335	849	1.0
335	1077	1.0
335	2566	1.0
335	519	1.0
336	3514	1.0
336	1519	1.0
336	2176	1.0
336	4463	1.0
336	3107	1.0
336	4753	1.0
336	3978	1.0
336	2956	1.0
336	3836	1.0
336	2142	1.0
337	4225	1.0
337	4117	1.0
337	4473	1.0
337	3405	1.0
338	3036	1.0
338	2267	1.0
338	2107	1.0
338	3753	1.0
339	1087	1.0
339	1145	1.0
339	472	1.0
339	1220	1.0
340	4024	1.0
340	4023	1.0
340	4036	1.0
340	4015	1.0
341	757	1.0
341	481	1.0
341	848	1.0
341	672	1.0
342	498	1.0
342	3822	1.0
342	1175	1.0
342	3135	1.0
342	483	1.0
342	1243	1.0
342	3314	1.0
342	4294	1.0
342	3260	1.0
342	2954	1.0
342	2771	1.0
342	1683	1.0
342	486	1.0
342	1708	1.0
342	630	1.0
342	485	1.0
342	2675	1.0
342	2712	1.0
342	3429	1.0
342	1214	1.0
342	1919	1.0
342	1137	1.0
342	1217	1.0
342	2177	1.0
343	817	1.0
343	1829	1.0
343	1412	1.0
343	490	1.0
343	502	1.0
343	1642	1.0
343	1460	1.0
344	1586	1.0
344	4042	1.0
344	1752	1.0
344	4076	1.0
344	3942	1.0
344	756	1.0
344	491	1.0
344	4410	1.0
344	4119	1.0
344	3326	1.0
344	4449	1.0
344	3660	1.0
345	852	1.0
345	1664	1.0
345	499	1.0
345	843	1.0
346	4020	1.0
346	4095	1.0
346	1171	1.0
346	3724	1.0
346	4111	1.0
346	4018	1.0
346	3866	1.0
346	499	1.0
347	2374	1.0
347	828	1.0
347	3477	1.0
347	508	1.0
348	1650	1.0
348	642	1.0
348	509	1.0
348	4531	1.0
348	4534	1.0
348	1482	1.0
348	4540	1.0
349	2118	1.0
349	2272	1.0
349	511	1.0
349	1629	1.0
349	1752	1.0
349	2171	1.0
350	514	1.0
350	3740	1.0
350	2052	1.0
350	3237	1.0
350	3977	1.0
350	2984	1.0
350	2734	1.0
350	3859	1.0
350	2475	1.0
350	2395	1.0
350	2691	1.0
350	2847	1.0
350	3739	1.0
350	2763	1.0
350	2741	1.0
350	3177	1.0
350	1429	1.0
350	3697	1.0
350	3858	1.0
350	2821	1.0
351	2586	1.0
351	3021	1.0
351	3230	1.0
351	4616	1.0
351	1544	1.0
351	3339	1.0
351	4178	1.0
351	1513	1.0
351	3229	1.0
351	1215	1.0
351	2620	1.0
351	4711	1.0
351	1154	1.0
351	3122	1.0
351	4010	1.0
351	515	1.0
351	1264	1.0
351	1209	1.0
351	2505	1.0
352	3405	1.0
352	518	1.0
352	1310	1.0
352	4258	1.0
352	1070	1.0
352	1071	1.0
352	1430	1.0
353	4535	1.0
353	2000	1.0
353	4415	1.0
353	4454	1.0
353	2223	1.0
353	520	1.0
354	2882	1.0
354	2315	1.0
354	3589	1.0
354	2866	1.0
354	527	1.0
354	1501	1.0
354	1268	1.0
354	3593	1.0
354	1987	1.0
355	977	1.0
355	1335	1.0
355	2359	1.0
355	4539	1.0
355	530	1.0
355	713	1.0
355	1920	1.0
356	2140	1.0
356	1785	1.0
356	1276	1.0
356	536	1.0
356	3587	1.0
356	2948	1.0
356	1751	1.0
356	2616	1.0
356	3284	1.0
356	1580	1.0
356	3450	1.0
356	1122	1.0
356	2600	1.0
357	2966	1.0
357	4451	1.0
357	1667	1.0
357	3997	1.0
357	1501	1.0
357	4019	1.0
358	538	1.0
358	2885	1.0
358	2585	1.0
358	716	1.0
358	540	1.0
359	4059	1.0
359	4276	1.0
359	4477	1.0
359	541	1.0
360	844	1.0
360	1744	1.0
360	4344	1.0
360	542	1.0
360	4240	1.0
360	3986	1.0
360	1233	1.0
361	659	1.0
361	2852	1.0
361	554	1.0
361	3754	1.0
361	4216	1.0
362	2688	1.0
362	1030	1.0
362	1004	1.0
362	1442	1.0
362	2703	1.0
362	1404	1.0
362	3664	1.0
362	1245	1.0
363	1079	1.0
363	594	1.0
363	3263	1.0
363	2890	1.0
363	2258	1.0
363	827	1.0
363	4659	1.0
363	1069	1.0
363	3613	1.0
363	562	1.0
363	1226	1.0
363	2132	1.0
363	2497	1.0
364	1083	1.0
364	2336	1.0
364	2255	1.0
364	2420	1.0
364	2128	1.0
364	2231	1.0
364	1087	1.0
364	614	1.0
364	566	1.0
364	4168	1.0
364	2042	1.0
364	1165	1.0
364	1828	1.0
364	1841	1.0
364	1730	1.0
365	2672	1.0
365	2446	1.0
365	3859	1.0
365	1431	1.0
365	838	1.0
365	1855	1.0
365	567	1.0
365	2793	1.0
365	2018	1.0
365	3016	1.0
366	3703	1.0
366	650	1.0
366	1184	1.0
366	3290	1.0
367	3682	1.0
367	3674	1.0
367	1449	1.0
367	701	1.0
367	582	1.0
367	2110	1.0
367	2516	1.0
368	2342	1.0
368	3979	1.0
368	3714	1.0
368	3635	1.0
368	4048	1.0
368	583	1.0
368	3650	1.0
368	2687	1.0
368	1501	1.0
368	2209	1.0
368	2698	1.0
368	3617	1.0
368	2485	1.0
368	3848	1.0
368	2452	1.0
368	3713	1.0
368	3688	1.0
369	611	1.0
369	586	1.0
369	3001	1.0
369	2483	1.0
370	1369	1.0
370	894	1.0
370	4257	1.0
370	588	1.0
371	590	1.0
371	3123	1.0
371	1177	1.0
371	2358	1.0
371	3893	1.0
372	2595	1.0
372	1291	1.0
372	2266	1.0
372	2652	1.0
373	1378	1.0
373	1037	1.0
373	1410	1.0
373	1505	1.0
373	1581	1.0
373	596	1.0
373	2762	1.0
373	2090	1.0
373	1688	1.0
373	1982	1.0
374	1145	1.0
374	3056	1.0
374	1461	1.0
374	3888	1.0
374	1150	1.0
374	1310	1.0
374	3388	1.0
374	3028	1.0
374	602	1.0
375	3127	1.0
375	1593	1.0
375	2408	1.0
375	3091	1.0
375	1660	1.0
375	986	1.0
375	1142	1.0
375	2617	1.0
375	1348	1.0
375	2860	1.0
375	1358	1.0
375	4622	1.0
375	1598	1.0
375	1335	1.0
375	1346	1.0
375	3356	1.0
375	1812	1.0
375	1757	1.0
375	631	1.0
375	1549	1.0
375	977	1.0
375	2841	1.0
375	2981	1.0
375	2782	1.0
375	2614	1.0
375	4609	1.0
375	3097	1.0
375	2887	1.0
375	1016	1.0
375	2380	1.0
375	3147	1.0
375	2379	1.0
375	1737	1.0
375	606	1.0
375	3331	1.0
375	2565	1.0
375	2912	1.0
375	2178	1.0
375	2277	1.0
375	2675	1.0
375	4101	1.0
375	2200	1.0
375	4065	1.0
375	1108	1.0
375	1617	1.0
375	2386	1.0
375	2776	1.0
375	837	1.0
375	3824	1.0
375	2229	1.0
375	1431	1.0
375	4195	1.0
375	2265	1.0
375	4529	1.0
375	3002	1.0
375	1599	1.0
375	1657	1.0
375	2519	1.0
375	3012	1.0
375	1562	1.0
375	4029	1.0
375	1767	1.0
375	1656	1.0
375	2613	1.0
375	2733	1.0
375	2874	1.0
375	2774	1.0
375	2595	1.0
375	3330	1.0
376	4643	1.0
376	1039	1.0
376	1928	1.0
376	4428	1.0
376	4541	1.0
376	607	1.0
376	4448	1.0
376	908	1.0
376	2298	1.0
377	1470	1.0
377	1650	1.0
377	2832	1.0
377	3053	1.0
377	1469	1.0
377	2510	1.0
377	2543	1.0
377	1070	1.0
377	1710	1.0
377	1905	1.0
377	608	1.0
377	2720	1.0
377	1707	1.0
377	4361	1.0
377	3593	1.0
377	1585	1.0
377	1506	1.0
377	917	1.0
377	1668	1.0
377	4166	1.0
377	1286	1.0
377	1265	1.0
377	1988	1.0
377	2589	1.0
377	2661	1.0
378	1389	1.0
378	2201	1.0
378	609	1.0
378	1605	1.0
378	1540	1.0
379	1145	1.0
379	1761	1.0
379	608	1.0
379	3244	1.0
379	791	1.0
379	2292	1.0
379	1144	1.0
380	771	1.0
380	608	1.0
380	942	1.0
380	901	1.0
381	2332	1.0
381	2179	1.0
381	4201	1.0
381	2410	1.0
381	610	1.0
382	1654	1.0
382	3155	1.0
382	612	1.0
382	4118	1.0
383	2684	1.0
383	3872	1.0
383	2458	1.0
383	1659	1.0
383	1829	1.0
383	1047	1.0
383	2288	1.0
383	4727	1.0
383	2153	1.0
383	2232	1.0
383	3806	1.0
383	4614	1.0
383	1740	1.0
383	2681	1.0
383	1147	1.0
383	1281	1.0
383	3433	1.0
383	806	1.0
383	636	1.0
383	635	1.0
383	3779	1.0
383	2082	1.0
383	1078	1.0
383	1070	1.0
383	1648	1.0
383	2712	1.0
384	637	1.0
384	764	1.0
384	665	1.0
384	767	1.0
385	3152	1.0
385	4068	1.0
385	4265	1.0
385	3048	1.0
385	3880	1.0
385	921	1.0
385	4475	1.0
385	637	1.0
385	3165	1.0
386	1625	1.0
386	784	1.0
386	946	1.0
386	643	1.0
386	4114	1.0
386	2922	1.0
387	1543	1.0
387	3956	1.0
387	1560	1.0
387	3227	1.0
387	715	1.0
387	644	1.0
388	2777	1.0
388	648	1.0
388	3151	1.0
388	4463	1.0
389	649	1.0
389	675	1.0
389	1005	1.0
389	4585	1.0
389	998	1.0
390	1097	1.0
390	3648	1.0
390	1038	1.0
390	1212	1.0
390	1571	1.0
390	3919	1.0
390	652	1.0
390	3973	1.0
390	1340	1.0
390	3814	1.0
391	1675	1.0
391	1356	1.0
391	2421	1.0
391	2561	1.0
391	2216	1.0
391	1157	1.0
391	653	1.0
391	1917	1.0
391	1497	1.0
391	1524	1.0
391	1496	1.0
391	1738	1.0
391	1653	1.0
391	1130	1.0
391	2324	1.0
391	905	1.0
391	1378	1.0
392	3644	1.0
392	3694	1.0
392	3632	1.0
392	1337	1.0
392	653	1.0
393	4203	1.0
393	1682	1.0
393	1203	1.0
393	3835	1.0
393	1381	1.0
393	655	1.0
393	4395	1.0
394	2024	1.0
394	3699	1.0
394	656	1.0
394	2832	1.0
394	1996	1.0
394	1973	1.0
394	2466	1.0
395	2219	1.0
395	2616	1.0
395	3738	1.0
395	2205	1.0
395	658	1.0
396	4689	1.0
396	1756	1.0
396	3650	1.0
396	3533	1.0
396	4218	1.0
396	662	1.0
396	1204	1.0
396	1953	1.0
397	2207	1.0
397	2242	1.0
397	667	1.0
397	1547	1.0
397	1415	1.0
398	1620	1.0
398	1033	1.0
398	4124	1.0
398	709	1.0
398	2247	1.0
398	2697	1.0
398	2638	1.0
398	668	1.0
398	1909	1.0
398	1616	1.0
398	4745	1.0
399	1151	1.0
399	672	1.0
399	1201	1.0
399	1530	1.0
399	1220	1.0
400	756	1.0
400	2765	1.0
400	3666	1.0
400	2868	1.0
400	4165	1.0
400	673	1.0
400	2544	1.0
400	4012	1.0
401	675	1.0
401	4080	1.0
401	4735	1.0
401	4279	1.0
401	2004	1.0
401	719	1.0
401	753	1.0
402	2029	1.0
402	2189	1.0
402	4497	1.0
402	1811	1.0
402	302	1.0
402	4495	1.0
402	677	1.0
403	3062	1.0
403	677	1.0
403	1926	1.0
403	2605	1.0
403	4673	1.0
403	3101	1.0
404	3548	1.0
404	4486	1.0
404	4153	1.0
404	800	1.0
404	677	1.0
405	3362	1.0
405	4434	1.0
405	1838	1.0
405	693	1.0
405	3166	1.0
405	3384	1.0
406	677	1.0
406	1753	1.0
406	2735	1.0
406	3947	1.0
407	921	1.0
407	1853	1.0
407	3595	1.0
407	2689	1.0
407	3031	1.0
408	2880	1.0
408	678	1.0
408	2224	1.0
408	1939	1.0
409	4200	1.0
409	1628	1.0
409	4247	1.0
409	4232	1.0
409	4433	1.0
409	4434	1.0
409	1359	1.0
409	1109	1.0
409	4148	1.0
410	4517	1.0
410	4678	1.0
410	4480	1.0
410	1748	1.0
410	3944	1.0
410	2156	1.0
410	2205	1.0
410	688	1.0
411	3963	1.0
411	693	1.0
411	1868	1.0
411	3459	1.0
411	689	1.0
411	2355	1.0
411	3040	1.0
411	2164	1.0
411	1975	1.0
412	1334	1.0
412	1370	1.0
412	690	1.0
412	1437	1.0
412	1545	1.0
413	1543	1.0
413	3454	1.0
413	1694	1.0
413	974	1.0
413	4329	1.0
414	711	1.0
414	1434	1.0
414	3990	1.0
414	693	1.0
415	2621	1.0
415	3118	1.0
415	2917	1.0
415	2581	1.0
415	1465	1.0
415	2930	1.0
415	720	1.0
416	3131	1.0
416	695	1.0
416	1901	1.0
416	1530	1.0
416	1764	1.0
416	1031	1.0
417	938	1.0
417	1694	1.0
417	699	1.0
417	3995	1.0
417	720	1.0
418	994	1.0
418	701	1.0
418	1746	1.0
418	2032	1.0
418	2313	1.0
418	2756	1.0
419	4358	1.0
419	1639	1.0
419	1455	1.0
419	702	1.0
420	4563	1.0
420	709	1.0
420	1236	1.0
420	913	1.0
420	2092	1.0
420	4638	1.0
421	2592	1.0
421	1382	1.0
421	3085	1.0
421	3526	1.0
421	709	1.0
421	1100	1.0
421	1062	1.0
421	2057	1.0
421	2372	1.0
421	4297	1.0
421	1980	1.0
421	1934	1.0
421	4613	1.0
421	4617	1.0
421	2789	1.0
421	3266	1.0
421	944	1.0
421	2141	1.0
421	1046	1.0
421	2120	1.0
422	2790	1.0
422	1269	1.0
422	709	1.0
422	3809	1.0
423	2485	1.0
423	2442	1.0
423	4460	1.0
423	715	1.0
423	2373	1.0
423	3287	1.0
423	3416	1.0
424	3932	1.0
424	4327	1.0
424	3124	1.0
424	2156	1.0
424	718	1.0
424	2965	1.0
425	2991	1.0
425	4083	1.0
425	1851	1.0
425	2442	1.0
425	2970	1.0
425	720	1.0
426	1310	1.0
426	4637	1.0
426	1944	1.0
426	965	1.0
427	3099	1.0
427	1140	1.0
427	2770	1.0
427	2881	1.0
427	975	1.0
427	3121	1.0
427	721	1.0
427	2027	1.0
427	1104	1.0
428	4061	1.0
428	723	1.0
428	2379	1.0
428	2535	1.0
428	3752	1.0
428	2157	1.0
428	941	1.0
428	1044	1.0
428	2375	1.0
428	2547	1.0
428	1501	1.0
428	2236	1.0
429	1067	1.0
429	723	1.0
429	1782	1.0
429	4337	1.0
430	4362	1.0
430	4498	1.0
430	723	1.0
430	2449	1.0
431	2199	1.0
431	1818	1.0
431	2050	1.0
431	725	1.0
431	2875	1.0
431	4334	1.0
431	3970	1.0
431	3871	1.0
432	2360	1.0
432	2104	1.0
432	2256	1.0
432	731	1.0
432	2423	1.0
432	2665	1.0
432	2213	1.0
432	2322	1.0
432	2362	1.0
432	3920	1.0
433	1479	1.0
433	4293	1.0
433	2761	1.0
433	2308	1.0
433	2545	1.0
433	735	1.0
434	995	1.0
434	739	1.0
434	2325	1.0
434	1552	1.0
435	1658	1.0
435	3322	1.0
435	885	1.0
435	3620	1.0
435	831	1.0
435	741	1.0
435	3578	1.0
435	1991	1.0
436	745	1.0
436	2845	1.0
436	2108	1.0
436	2205	1.0
436	1722	1.0
436	980	1.0
436	1958	1.0
436	2058	1.0
436	3322	1.0
436	4181	1.0
436	3053	1.0
437	4242	1.0
437	3953	1.0
437	1597	1.0
437	4730	1.0
438	3357	1.0
438	1720	1.0
438	752	1.0
438	4467	1.0
438	1072	1.0
438	3490	1.0
438	3364	1.0
438	3708	1.0
438	3246	1.0
439	2814	1.0
439	1049	1.0
439	2339	1.0
439	1146	1.0
439	1430	1.0
439	756	1.0
439	3063	1.0
439	2571	1.0
439	3141	1.0
439	2834	1.0
440	3181	1.0
440	3295	1.0
440	2604	1.0
440	1854	1.0
440	756	1.0
441	756	1.0
441	1663	1.0
441	3690	1.0
441	4139	1.0
442	3024	1.0
442	756	1.0
442	2950	1.0
442	1164	1.0
443	3568	1.0
443	3757	1.0
443	1426	1.0
443	3057	1.0
443	766	1.0
443	2070	1.0
443	2140	1.0
443	994	1.0
443	3500	1.0
443	2995	1.0
444	3964	1.0
444	3936	1.0
444	4434	1.0
444	772	1.0
444	3577	1.0
444	2690	1.0
444	1826	1.0
444	1345	1.0
444	2216	1.0
444	2225	1.0
444	4668	1.0
444	1379	1.0
444	3913	1.0
444	2698	1.0
444	2307	1.0
444	4212	1.0
445	2354	1.0
445	847	1.0
445	3314	1.0
445	3622	1.0
445	3156	1.0
445	3389	1.0
445	1951	1.0
445	773	1.0
446	2046	1.0
446	3074	1.0
446	4386	1.0
446	784	1.0
446	3704	1.0
447	790	1.0
447	2855	1.0
447	2127	1.0
447	1588	1.0
447	969	1.0
447	1766	1.0
447	2676	1.0
447	2850	1.0
447	2138	1.0
448	813	1.0
448	936	1.0
448	2629	1.0
448	2507	1.0
448	1409	1.0
448	2406	1.0
448	2031	1.0
448	792	1.0
448	4158	1.0
449	2919	1.0
449	1550	1.0
449	2043	1.0
449	794	1.0
449	3095	1.0
449	1694	1.0
450	819	1.0
450	2457	1.0
450	793	1.0
450	2538	1.0
450	2524	1.0
451	2494	1.0
451	797	1.0
451	1055	1.0
451	2049	1.0
451	1374	1.0
451	3224	1.0
451	2097	1.0
451	820	1.0
451	1363	1.0
451	1317	1.0
451	2086	1.0
451	1163	1.0
451	1212	1.0
451	2802	1.0
451	1852	1.0
452	1006	1.0
452	807	1.0
452	4487	1.0
452	2270	1.0
452	3055	1.0
453	809	1.0
453	1112	1.0
453	4651	1.0
453	3130	1.0
454	3213	1.0
454	4157	1.0
454	2935	1.0
454	2267	1.0
454	4408	1.0
454	4420	1.0
454	1946	1.0
454	4141	1.0
454	3377	1.0
454	4246	1.0
454	4128	1.0
454	1153	1.0
454	1463	1.0
454	4129	1.0
454	3283	1.0
454	3805	1.0
454	4230	1.0
454	2955	1.0
454	4250	1.0
454	4391	1.0
454	4305	1.0
454	2957	1.0
454	4251	1.0
454	3066	1.0
454	2271	1.0
454	1698	1.0
454	4435	1.0
454	1464	1.0
454	3049	1.0
454	4213	1.0
454	1742	1.0
454	4453	1.0
454	3321	1.0
454	2800	1.0
454	4085	1.0
454	4108	1.0
454	4091	1.0
454	1535	1.0
454	2780	1.0
454	4299	1.0
454	2722	1.0
454	3830	1.0
454	4556	1.0
454	3508	1.0
454	2334	1.0
454	809	1.0
455	822	1.0
455	3096	1.0
455	2716	1.0
455	3183	1.0
456	1068	1.0
456	3293	1.0
456	2912	1.0
456	2450	1.0
456	900	1.0
456	2226	1.0
456	818	1.0
456	2488	1.0
457	1937	1.0
457	4402	1.0
457	2211	1.0
457	3425	1.0
457	3869	1.0
457	839	1.0
457	4407	1.0
457	4433	1.0
457	4039	1.0
458	907	1.0
458	1558	1.0
458	1787	1.0
458	845	1.0
458	2534	1.0
459	1522	1.0
459	846	1.0
459	4695	1.0
459	4150	1.0
459	719	1.0
459	705	1.0
459	3959	1.0
459	4256	1.0
460	1288	1.0
460	3502	1.0
460	1129	1.0
460	849	1.0
460	1076	1.0
460	1065	1.0
461	896	1.0
461	899	1.0
461	1757	1.0
461	1912	1.0
461	4308	1.0
461	1856	1.0
461	917	1.0
461	850	1.0
461	946	1.0
461	3818	1.0
462	4197	1.0
462	2872	1.0
462	3968	1.0
462	3270	1.0
462	3846	1.0
463	4024	1.0
463	2387	1.0
463	3126	1.0
463	854	1.0
463	2295	1.0
464	1033	1.0
464	911	1.0
464	876	1.0
464	1322	1.0
465	2802	1.0
465	950	1.0
465	1198	1.0
465	2444	1.0
465	2443	1.0
465	1027	1.0
465	2803	1.0
465	2112	1.0
465	1010	1.0
465	939	1.0
465	963	1.0
465	1193	1.0
465	1931	1.0
466	4052	1.0
466	2882	1.0
466	3898	1.0
466	3058	1.0
466	921	1.0
466	883	1.0
466	1088	1.0
466	3933	1.0
467	1926	1.0
467	885	1.0
467	2354	1.0
467	2767	1.0
468	892	1.0
468	4356	1.0
468	1491	1.0
468	2434	1.0
469	1476	1.0
469	897	1.0
469	2431	1.0
469	2908	1.0
469	4440	1.0
469	2467	1.0
470	3228	1.0
470	4500	1.0
470	900	1.0
470	3737	1.0
470	2925	1.0
470	4546	1.0
470	4527	1.0
470	1468	1.0
470	2234	1.0
470	4316	1.0
470	1068	1.0
471	2659	1.0
471	2268	1.0
471	1970	1.0
471	1472	1.0
471	1655	1.0
471	905	1.0
471	1394	1.0
472	905	1.0
472	2540	1.0
472	1907	1.0
472	3887	1.0
473	1763	1.0
473	4346	1.0
473	906	1.0
473	2701	1.0
474	991	1.0
474	1098	1.0
474	2091	1.0
474	998	1.0
474	1522	1.0
475	910	1.0
475	2465	1.0
475	2429	1.0
475	2816	1.0
476	3205	1.0
476	911	1.0
476	2571	1.0
476	1879	1.0
476	3065	1.0
476	4582	1.0
476	4635	1.0
477	1302	1.0
477	911	1.0
477	1174	1.0
477	1365	1.0
477	3841	1.0
477	3033	1.0
478	928	1.0
478	1013	1.0
478	1015	1.0
478	914	1.0
478	4418	1.0
479	1586	1.0
479	917	1.0
479	3941	1.0
479	3532	1.0
479	2755	1.0
480	1269	1.0
480	2125	1.0
480	2187	1.0
480	921	1.0
480	4202	1.0
480	1895	1.0
481	1269	1.0
481	2863	1.0
481	926	1.0
481	3776	1.0
482	2988	1.0
482	1699	1.0
482	1916	1.0
482	927	1.0
483	2085	1.0
483	1619	1.0
483	934	1.0
483	2931	1.0
483	1627	1.0
484	2148	1.0
484	2910	1.0
484	2864	1.0
484	2911	1.0
484	2867	1.0
484	2554	1.0
484	3175	1.0
484	2880	1.0
484	935	1.0
485	1977	1.0
485	2023	1.0
485	1907	1.0
485	2098	1.0
485	2124	1.0
485	2120	1.0
486	941	1.0
486	3066	1.0
486	3070	1.0
486	2996	1.0
486	4677	1.0
486	3105	1.0
487	3893	1.0
487	2347	1.0
487	948	1.0
487	3865	1.0
488	3301	1.0
488	2239	1.0
488	3431	1.0
488	952	1.0
488	2341	1.0
488	2244	1.0
488	3419	1.0
489	1322	1.0
489	1610	1.0
489	2202	1.0
489	4393	1.0
489	1637	1.0
489	1635	1.0
489	2590	1.0
489	954	1.0
489	1488	1.0
489	2058	1.0
490	4507	1.0
490	3256	1.0
490	957	1.0
490	1054	1.0
490	2398	1.0
491	964	1.0
491	1297	1.0
491	2131	1.0
491	1840	1.0
491	3837	1.0
491	3538	1.0
491	4022	1.0
491	4401	1.0
492	1720	1.0
492	2974	1.0
492	2695	1.0
492	2938	1.0
492	3223	1.0
492	966	1.0
493	3614	1.0
493	3494	1.0
493	4274	1.0
493	3621	1.0
493	3484	1.0
493	4371	1.0
493	3922	1.0
493	992	1.0
493	4228	1.0
493	1002	1.0
493	3602	1.0
493	3004	1.0
494	3250	1.0
494	3884	1.0
494	1253	1.0
494	984	1.0
495	1586	1.0
495	985	1.0
495	1258	1.0
495	2314	1.0
495	4133	1.0
496	1848	1.0
496	1108	1.0
496	1348	1.0
496	1738	1.0
496	1241	1.0
496	2557	1.0
496	1008	1.0
496	1768	1.0
496	996	1.0
496	1767	1.0
496	1863	1.0
496	2654	1.0
496	4226	1.0
496	1812	1.0
496	1346	1.0
496	1737	1.0
496	1690	1.0
496	1593	1.0
496	2265	1.0
496	986	1.0
497	2267	1.0
497	1701	1.0
497	3892	1.0
497	993	1.0
497	1018	1.0
498	1950	1.0
498	1042	1.0
498	1000	1.0
498	2198	1.0
499	4568	1.0
499	1221	1.0
499	1665	1.0
499	1001	1.0
500	1937	1.0
500	1490	1.0
500	4187	1.0
500	3322	1.0
500	3562	1.0
500	3944	1.0
500	1678	1.0
500	4140	1.0
501	1011	1.0
501	2751	1.0
501	4241	1.0
501	2753	1.0
502	1012	1.0
502	1040	1.0
502	2680	1.0
502	2307	1.0
503	1290	1.0
503	3677	1.0
503	1361	1.0
503	3040	1.0
503	4064	1.0
504	1028	1.0
504	1691	1.0
504	1986	1.0
504	2660	1.0
504	1354	1.0
504	1153	1.0
505	1029	1.0
505	4581	1.0
505	1256	1.0
505	4661	1.0
505	2166	1.0
506	2431	1.0
506	1892	1.0
506	1633	1.0
506	2144	1.0
506	1034	1.0
506	2898	1.0
506	2757	1.0
507	1036	1.0
507	2137	1.0
507	1373	1.0
507	4248	1.0
508	3680	1.0
508	1981	1.0
508	2802	1.0
508	2074	1.0
508	2417	1.0
508	1929	1.0
508	3435	1.0
508	3464	1.0
508	2828	1.0
508	3480	1.0
508	3642	1.0
508	3178	1.0
508	4053	1.0
508	3072	1.0
508	3475	1.0
508	3476	1.0
508	3721	1.0
508	2956	1.0
508	3582	1.0
508	2992	1.0
508	1039	1.0
508	3684	1.0
508	2457	1.0
509	1353	1.0
509	1254	1.0
509	4332	1.0
509	4587	1.0
509	1051	1.0
509	4619	1.0
509	2811	1.0
509	3093	1.0
510	2268	1.0
510	2830	1.0
510	1336	1.0
510	3926	1.0
510	3484	1.0
510	2685	1.0
510	1052	1.0
511	3488	1.0
511	4311	1.0
511	4442	1.0
511	1055	1.0
511	2823	1.0
511	2886	1.0
511	2365	1.0
511	3813	1.0
512	1296	1.0
512	1056	1.0
512	1106	1.0
512	1307	1.0
512	1233	1.0
513	2076	1.0
513	1059	1.0
513	1250	1.0
513	2577	1.0
513	2100	1.0
513	2839	1.0
513	2772	1.0
513	2039	1.0
513	2520	1.0
513	1894	1.0
514	3783	1.0
514	1064	1.0
514	4421	1.0
514	4054	1.0
514	3945	1.0
514	3306	1.0
514	4434	1.0
514	3933	1.0
514	4338	1.0
514	3971	1.0
514	2328	1.0
514	3588	1.0
514	4296	1.0
514	4373	1.0
514	3741	1.0
515	1430	1.0
515	4142	1.0
515	4508	1.0
515	4738	1.0
515	2861	1.0
515	3370	1.0
516	1832	1.0
516	4303	1.0
516	2704	1.0
516	3100	1.0
517	3063	1.0
517	1081	1.0
517	2267	1.0
517	3122	1.0
517	1693	1.0
518	4114	1.0
518	1087	1.0
518	2527	1.0
518	4084	1.0
519	1090	1.0
519	2531	1.0
519	2599	1.0
519	4180	1.0
519	1815	1.0
520	1090	1.0
520	3070	1.0
520	4136	1.0
520	1644	1.0
521	1736	1.0
521	1353	1.0
521	3336	1.0
521	3350	1.0
521	1091	1.0
522	3638	1.0
522	3755	1.0
522	1797	1.0
522	3683	1.0
522	1090	1.0
523	4305	1.0
523	3023	1.0
523	2469	1.0
523	1095	1.0
523	1666	1.0
523	2655	1.0
524	1213	1.0
524	1179	1.0
524	1293	1.0
524	1102	1.0
524	1289	1.0
525	1706	1.0
525	3768	1.0
525	1115	1.0
525	4292	1.0
525	1473	1.0
525	3541	1.0
525	4688	1.0
525	2274	1.0
525	3711	1.0
525	4273	1.0
526	3062	1.0
526	3963	1.0
526	4666	1.0
526	4114	1.0
526	3104	1.0
526	1115	1.0
526	2610	1.0
526	3850	1.0
526	4134	1.0
526	4355	1.0
527	4372	1.0
527	3856	1.0
527	2233	1.0
527	1723	1.0
527	1123	1.0
528	3042	1.0
528	1181	1.0
528	3941	1.0
528	2653	1.0
528	2136	1.0
528	3491	1.0
528	3620	1.0
528	1734	1.0
528	1557	1.0
528	2541	1.0
528	2399	1.0
528	1125	1.0
528	4510	1.0
528	3592	1.0
528	3681	1.0
529	3444	1.0
529	1127	1.0
529	3214	1.0
529	3665	1.0
529	2119	1.0
530	1878	1.0
530	3762	1.0
530	1130	1.0
530	1689	1.0
531	4185	1.0
531	2422	1.0
531	4327	1.0
531	3456	1.0
531	3863	1.0
531	2165	1.0
531	2162	1.0
532	2174	1.0
532	1783	1.0
532	3391	1.0
532	1139	1.0
532	3294	1.0
533	2964	1.0
533	4163	1.0
533	1140	1.0
533	4060	1.0
533	1785	1.0
533	2262	1.0
533	4036	1.0
534	1142	1.0
534	4634	1.0
534	3420	1.0
534	4222	1.0
534	2389	1.0
534	2031	1.0
534	4522	1.0
534	2035	1.0
535	2397	1.0
535	1145	1.0
535	261	1.0
535	2445	1.0
536	2379	1.0
536	4591	1.0
536	2972	1.0
536	3266	1.0
537	1160	1.0
537	1268	1.0
537	2976	1.0
537	3036	1.0
537	4631	1.0
538	280	1.0
538	1586	1.0
538	4161	1.0
538	1162	1.0
538	1883	1.0
538	264	1.0
539	2202	1.0
539	1162	1.0
539	4145	1.0
539	1843	1.0
539	3256	1.0
539	1897	1.0
539	1190	1.0
539	2783	1.0
540	4097	1.0
540	3815	1.0
540	3992	1.0
540	3923	1.0
540	3610	1.0
540	1167	1.0
541	2609	1.0
541	3705	1.0
541	3161	1.0
541	2718	1.0
541	2916	1.0
541	2299	1.0
541	2763	1.0
541	3631	1.0
541	2700	1.0
541	1795	1.0
541	2729	1.0
541	1319	1.0
541	2736	1.0
541	1801	1.0
541	2894	1.0
541	3069	1.0
541	3689	1.0
541	2237	1.0
541	2825	1.0
541	3691	1.0
541	2989	1.0
541	3314	1.0
541	3659	1.0
541	2059	1.0
541	3522	1.0
541	2526	1.0
541	1170	1.0
541	3285	1.0
541	3565	1.0
541	2865	1.0
541	2757	1.0
541	2842	1.0
541	2998	1.0
542	1353	1.0
542	4189	1.0
542	1173	1.0
542	1380	1.0
542	1408	1.0
543	1467	1.0
543	1177	1.0
543	3058	1.0
543	2444	1.0
543	3193	1.0
544	1501	1.0
544	3693	1.0
544	2411	1.0
544	2354	1.0
544	2344	1.0
545	3593	1.0
545	4046	1.0
545	3934	1.0
545	1333	1.0
546	1233	1.0
546	2249	1.0
546	1285	1.0
546	3194	1.0
546	1186	1.0
547	4099	1.0
547	4732	1.0
547	3940	1.0
547	1249	1.0
548	1223	1.0
548	2758	1.0
548	3040	1.0
548	1194	1.0
548	1785	1.0
548	3833	1.0
549	2814	1.0
549	3486	1.0
549	3596	1.0
549	3046	1.0
549	3688	1.0
549	3759	1.0
549	1197	1.0
550	1761	1.0
550	1199	1.0
550	2021	1.0
550	2897	1.0
550	1759	1.0
550	1212	1.0
551	2951	1.0
551	3043	1.0
551	3126	1.0
551	1857	1.0
551	1205	1.0
551	3461	1.0
552	3797	1.0
552	2830	1.0
552	1206	1.0
552	1251	1.0
552	4233	1.0
552	3494	1.0
552	4573	1.0
552	4220	1.0
552	3790	1.0
552	3877	1.0
552	4137	1.0
552	4239	1.0
552	2267	1.0
552	3587	1.0
553	4584	1.0
553	2832	1.0
553	1300	1.0
553	1474	1.0
553	2167	1.0
553	1238	1.0
553	1210	1.0
553	4736	1.0
554	1785	1.0
554	3231	1.0
554	3878	1.0
554	4040	1.0
554	2419	1.0
554	4075	1.0
554	4193	1.0
554	3060	1.0
554	3037	1.0
554	4183	1.0
554	1313	1.0
554	4192	1.0
554	3020	1.0
554	4005	1.0
554	4000	1.0
554	2556	1.0
554	3337	1.0
554	3540	1.0
554	1229	1.0
554	4109	1.0
554	4031	1.0
555	1231	1.0
555	3329	1.0
555	3457	1.0
555	3826	1.0
555	4264	1.0
555	3372	1.0
555	1844	1.0
555	3563	1.0
555	2411	1.0
556	4376	1.0
556	4715	1.0
556	1232	1.0
556	2572	1.0
556	4644	1.0
557	1874	1.0
557	1242	1.0
557	3222	1.0
557	2739	1.0
557	3516	1.0
557	3554	1.0
558	2283	1.0
558	3005	1.0
558	2849	1.0
558	3915	1.0
559	1840	1.0
559	2414	1.0
559	2122	1.0
559	2828	1.0
559	2413	1.0
559	1255	1.0
559	3168	1.0
559	3182	1.0
559	1501	1.0
559	3257	1.0
560	2363	1.0
560	1799	1.0
560	1626	1.0
560	1573	1.0
560	3880	1.0
560	1262	1.0
560	3425	1.0
561	1754	1.0
561	2619	1.0
561	1892	1.0
561	1507	1.0
561	2144	1.0
561	1858	1.0
561	4194	1.0
561	1487	1.0
561	3656	1.0
561	1264	1.0
562	1835	1.0
562	4027	1.0
562	3312	1.0
562	1265	1.0
562	1871	1.0
562	2506	1.0
562	1784	1.0
563	2647	1.0
563	2391	1.0
563	1727	1.0
563	2898	1.0
563	1456	1.0
564	1392	1.0
564	4014	1.0
564	4436	1.0
564	1269	1.0
565	3054	1.0
565	1274	1.0
565	2772	1.0
565	4680	1.0
565	2651	1.0
566	1541	1.0
566	1649	1.0
566	1275	1.0
566	1971	1.0
567	1650	1.0
567	1277	1.0
567	3988	1.0
567	1646	1.0
568	3763	1.0
568	1276	1.0
568	4459	1.0
568	4396	1.0
568	1570	1.0
568	1747	1.0
569	1283	1.0
569	1649	1.0
569	1967	1.0
569	2929	1.0
570	3378	1.0
570	3252	1.0
570	3067	1.0
570	2664	1.0
570	3382	1.0
570	1292	1.0
570	3366	1.0
570	2655	1.0
570	2333	1.0
570	3344	1.0
570	2522	1.0
570	3394	1.0
570	3387	1.0
570	3392	1.0
570	4221	1.0
570	2490	1.0
570	3397	1.0
570	3335	1.0
570	1390	1.0
570	2323	1.0
570	3390	1.0
570	3006	1.0
570	1471	1.0
571	3698	1.0
571	1706	1.0
571	1632	1.0
571	2433	1.0
571	1294	1.0
572	4610	1.0
572	4594	1.0
572	3596	1.0
572	4629	1.0
572	1513	1.0
572	1294	1.0
572	4628	1.0
572	4590	1.0
573	3882	1.0
573	3408	1.0
573	4606	1.0
573	3627	1.0
573	3888	1.0
574	4199	1.0
574	3840	1.0
574	1300	1.0
574	3288	1.0
575	1305	1.0
575	2328	1.0
575	1418	1.0
575	1831	1.0
576	3008	1.0
576	1960	1.0
576	1311	1.0
576	1520	1.0
577	4359	1.0
577	3089	1.0
577	1312	1.0
577	2708	1.0
578	3619	1.0
578	3727	1.0
578	4247	1.0
578	2426	1.0
578	4425	1.0
578	4252	1.0
578	3110	1.0
578	1319	1.0
578	2970	1.0
578	3992	1.0
578	4025	1.0
578	4353	1.0
578	3646	1.0
578	2377	1.0
578	4409	1.0
578	4436	1.0
579	1322	1.0
579	1396	1.0
579	1632	1.0
579	4385	1.0
580	3550	1.0
580	4140	1.0
580	1323	1.0
580	4120	1.0
581	4597	1.0
581	1329	1.0
581	4588	1.0
581	4592	1.0
582	4604	1.0
582	2851	1.0
582	1331	1.0
582	3795	1.0
582	4096	1.0
582	4423	1.0
582	2886	1.0
583	1346	1.0
583	1549	1.0
583	1489	1.0
583	1563	1.0
583	2436	1.0
583	1592	1.0
583	1875	1.0
583	1332	1.0
583	3875	1.0
584	3487	1.0
584	1336	1.0
584	2140	1.0
584	1405	1.0
584	3308	1.0
584	1669	1.0
585	3603	1.0
585	3966	1.0
585	2717	1.0
585	2829	1.0
585	2067	1.0
585	1998	1.0
585	3262	1.0
585	1353	1.0
585	3443	1.0
585	2587	1.0
585	3014	1.0
585	3645	1.0
585	4307	1.0
585	3704	1.0
585	2941	1.0
586	2636	1.0
586	4249	1.0
586	4191	1.0
586	1353	1.0
587	2730	1.0
587	1601	1.0
587	1501	1.0
587	2148	1.0
587	4159	1.0
587	3525	1.0
587	2746	1.0
587	2766	1.0
587	2633	1.0
587	2838	1.0
587	1362	1.0
587	1804	1.0
588	4693	1.0
588	2482	1.0
588	2409	1.0
588	2523	1.0
588	2587	1.0
588	4211	1.0
588	2521	1.0
589	4630	1.0
589	1695	1.0
589	4653	1.0
589	1422	1.0
589	4626	1.0
589	1377	1.0
589	1428	1.0
590	3720	1.0
590	3304	1.0
590	3025	1.0
590	3124	1.0
590	2952	1.0
591	2293	1.0
591	1501	1.0
591	3149	1.0
591	4236	1.0
591	3639	1.0
592	2241	1.0
592	2798	1.0
592	4660	1.0
592	2969	1.0
592	1694	1.0
592	1380	1.0
592	4672	1.0
593	1514	1.0
593	1391	1.0
593	1788	1.0
593	2346	1.0
593	2327	1.0
594	4325	1.0
594	2645	1.0
594	1480	1.0
594	1397	1.0
595	4263	1.0
595	1968	1.0
595	2601	1.0
595	1408	1.0
595	2602	1.0
595	3999	1.0
595	2327	1.0
595	4361	1.0
596	3381	1.0
596	4089	1.0
596	3375	1.0
596	1414	1.0
597	3557	1.0
597	3826	1.0
597	2834	1.0
597	1420	1.0
597	3009	1.0
597	3711	1.0
597	3392	1.0
598	1941	1.0
598	1424	1.0
598	1927	1.0
598	2267	1.0
598	3154	1.0
599	4575	1.0
599	1979	1.0
599	1438	1.0
599	1448	1.0
599	4572	1.0
600	1460	1.0
600	1641	1.0
600	2009	1.0
600	1989	1.0
601	3313	1.0
601	4733	1.0
601	3321	1.0
601	3379	1.0
601	1507	1.0
601	1455	1.0
601	4549	1.0
601	4427	1.0
601	2964	1.0
601	2066	1.0
602	1461	1.0
602	4041	1.0
602	3527	1.0
602	2798	1.0
602	2760	1.0
603	2511	1.0
603	1470	1.0
603	4743	1.0
603	4361	1.0
603	2060	1.0
603	2514	1.0
603	4205	1.0
603	4400	1.0
604	3649	1.0
604	1471	1.0
604	4017	1.0
604	3064	1.0
605	2896	1.0
605	2124	1.0
605	4483	1.0
605	1486	1.0
605	2044	1.0
606	4460	1.0
606	3587	1.0
606	4343	1.0
606	3595	1.0
606	1502	1.0
606	4434	1.0
606	3723	1.0
606	4055	1.0
606	2658	1.0
606	4342	1.0
606	3494	1.0
607	1503	1.0
607	4383	1.0
607	3626	1.0
607	2580	1.0
608	3559	1.0
608	1532	1.0
608	3215	1.0
608	3941	1.0
609	2927	1.0
609	2469	1.0
609	2292	1.0
609	2326	1.0
610	2031	1.0
610	4750	1.0
610	4156	1.0
610	4066	1.0
610	1566	1.0
610	3219	1.0
611	1882	1.0
611	2319	1.0
611	1939	1.0
611	1584	1.0
611	2643	1.0
612	1586	1.0
612	1856	1.0
612	4261	1.0
612	4154	1.0
612	3702	1.0
613	2131	1.0
613	3962	1.0
613	1586	1.0
613	2944	1.0
614	2994	1.0
614	2023	1.0
614	2869	1.0
614	1786	1.0
614	3207	1.0
615	4227	1.0
615	2068	1.0
615	2016	1.0
615	4381	1.0
616	1938	1.0
616	2843	1.0
616	2582	1.0
616	2794	1.0
616	2942	1.0
616	2350	1.0
616	1586	1.0
617	2296	1.0
617	3834	1.0
617	2089	1.0
617	1836	1.0
617	1586	1.0
618	1337	1.0
618	1595	1.0
618	3351	1.0
618	4740	1.0
618	1633	1.0
618	4702	1.0
618	1650	1.0
618	2183	1.0
618	4275	1.0
619	2262	1.0
619	2525	1.0
619	1612	1.0
619	2269	1.0
619	2904	1.0
620	2160	1.0
620	1996	1.0
620	2986	1.0
620	2627	1.0
620	2576	1.0
620	3147	1.0
620	2024	1.0
621	3992	1.0
621	1630	1.0
621	4375	1.0
621	4438	1.0
622	2496	1.0
622	4431	1.0
622	4530	1.0
622	1663	1.0
622	2240	1.0
622	4069	1.0
622	1926	1.0
623	1966	1.0
623	2131	1.0
623	1667	1.0
623	3538	1.0
624	3682	1.0
624	4209	1.0
624	4544	1.0
624	1679	1.0
624	4170	1.0
624	3981	1.0
624	3988	1.0
624	3349	1.0
624	4322	1.0
625	1680	1.0
625	2805	1.0
625	2192	1.0
625	2209	1.0
625	2230	1.0
626	3114	1.0
626	2684	1.0
626	2682	1.0
626	2361	1.0
626	2707	1.0
626	2277	1.0
626	3822	1.0
626	2836	1.0
626	2493	1.0
626	2106	1.0
626	2352	1.0
626	2768	1.0
626	2968	1.0
626	2286	1.0
626	2670	1.0
626	2873	1.0
626	2915	1.0
626	2826	1.0
626	2278	1.0
626	2744	1.0
626	3128	1.0
626	2412	1.0
626	2961	1.0
626	1690	1.0
627	1709	1.0
627	2771	1.0
627	2274	1.0
627	3663	1.0
627	2847	1.0
627	2183	1.0
627	4179	1.0
628	3958	1.0
628	3847	1.0
628	2172	1.0
628	1713	1.0
628	1710	1.0
628	2615	1.0
629	2228	1.0
629	1717	1.0
629	4561	1.0
629	2354	1.0
630	3311	1.0
630	3236	1.0
630	2921	1.0
630	1789	1.0
630	3038	1.0
630	3274	1.0
630	2786	1.0
630	2473	1.0
630	1838	1.0
631	1728	1.0
631	2698	1.0
631	2348	1.0
631	2078	1.0
632	1743	1.0
632	3908	1.0
632	4253	1.0
632	3163	1.0
632	4433	1.0
632	2715	1.0
633	1751	1.0
633	1785	1.0
633	4155	1.0
633	3156	1.0
633	2604	1.0
633	4632	1.0
634	1784	1.0
634	2387	1.0
634	1752	1.0
634	2461	1.0
635	2728	1.0
635	1792	1.0
635	1903	1.0
635	2835	1.0
636	4215	1.0
636	3523	1.0
636	4445	1.0
636	3257	1.0
636	1782	1.0
636	2191	1.0
636	4465	1.0
636	2959	1.0
637	1798	1.0
637	1784	1.0
637	2702	1.0
637	3865	1.0
637	2645	1.0
638	1784	1.0
638	4078	1.0
638	4523	1.0
638	4372	1.0
639	2482	1.0
639	3953	1.0
639	4030	1.0
639	1785	1.0
639	2940	1.0
639	2004	1.0
640	4618	1.0
640	1205	1.0
640	4492	1.0
640	4034	1.0
641	2492	1.0
641	3523	1.0
641	1793	1.0
641	2262	1.0
642	3169	1.0
642	1862	1.0
642	3596	1.0
642	4446	1.0
642	2093	1.0
642	2658	1.0
642	1796	1.0
642	3800	1.0
642	1957	1.0
642	3605	1.0
642	4713	1.0
642	1805	1.0
643	3332	1.0
643	2095	1.0
643	3865	1.0
643	1868	1.0
643	4710	1.0
643	461	1.0
643	2274	1.0
643	3701	1.0
643	1798	1.0
643	4674	1.0
643	1942	1.0
643	3546	1.0
643	1837	1.0
643	4697	1.0
643	3188	1.0
643	4656	1.0
643	1990	1.0
643	1873	1.0
643	4701	1.0
643	2728	1.0
643	3440	1.0
643	3338	1.0
643	4577	1.0
643	3931	1.0
643	2997	1.0
643	2877	1.0
644	3468	1.0
644	3707	1.0
644	1856	1.0
644	3905	1.0
644	4315	1.0
644	4655	1.0
644	4063	1.0
644	4365	1.0
645	4279	1.0
645	3679	1.0
645	1847	1.0
645	2571	1.0
645	3436	1.0
645	2721	1.0
645	2451	1.0
645	3700	1.0
646	1850	1.0
646	1907	1.0
646	4387	1.0
646	4388	1.0
646	3310	1.0
647	4705	1.0
647	2188	1.0
647	2431	1.0
647	3272	1.0
647	3011	1.0
647	1859	1.0
647	2194	1.0
647	2480	1.0
647	2899	1.0
647	3455	1.0
647	2776	1.0
647	2291	1.0
648	2073	1.0
648	2200	1.0
648	2907	1.0
648	3862	1.0
648	3907	1.0
649	3530	1.0
649	3134	1.0
649	1873	1.0
649	4393	1.0
650	2508	1.0
650	4648	1.0
650	2684	1.0
650	3066	1.0
651	3838	1.0
651	3281	1.0
651	3702	1.0
651	4721	1.0
651	2517	1.0
651	2284	1.0
651	2869	1.0
651	1877	1.0
651	3570	1.0
652	2000	1.0
652	2206	1.0
652	2501	1.0
652	1881	1.0
652	3519	1.0
652	2936	1.0
652	2671	1.0
652	3791	1.0
653	3159	1.0
653	1881	1.0
653	2303	1.0
653	1947	1.0
653	2947	1.0
653	2134	1.0
653	2753	1.0
653	1946	1.0
654	1972	1.0
654	3159	1.0
654	2396	1.0
654	1881	1.0
655	2353	1.0
655	2549	1.0
655	2536	1.0
655	2683	1.0
655	3767	1.0
656	2628	1.0
656	2877	1.0
656	2848	1.0
656	1925	1.0
656	2474	1.0
656	3197	1.0
656	2747	1.0
656	4569	1.0
656	3079	1.0
656	2673	1.0
656	3736	1.0
656	4533	1.0
657	3678	1.0
657	4237	1.0
657	3980	1.0
657	3793	1.0
657	3116	1.0
657	4238	1.0
657	1933	1.0
657	4283	1.0
657	2963	1.0
658	3931	1.0
658	2531	1.0
658	2063	1.0
658	2937	1.0
659	2256	1.0
659	2787	1.0
659	4669	1.0
659	1948	1.0
660	2677	1.0
660	4748	1.0
660	4023	1.0
660	4755	1.0
661	1965	1.0
661	918	1.0
661	3196	1.0
661	3764	1.0
662	2081	1.0
662	1981	1.0
662	3511	1.0
662	2285	1.0
663	2002	1.0
663	3256	1.0
663	3156	1.0
663	2953	1.0
663	3042	1.0
663	4244	1.0
663	3861	1.0
664	2013	1.0
664	2632	1.0
664	3532	1.0
664	3092	1.0
665	2152	1.0
665	2028	1.0
665	2667	1.0
665	2159	1.0
666	4285	1.0
666	3527	1.0
666	3515	1.0
666	2032	1.0
666	2367	1.0
666	2743	1.0
666	4290	1.0
667	3559	1.0
667	4001	1.0
667	2040	1.0
667	4392	1.0
667	2984	1.0
667	3678	1.0
667	2778	1.0
667	3458	1.0
667	3680	1.0
667	2956	1.0
667	2037	1.0
667	3794	1.0
667	3845	1.0
667	4349	1.0
667	4365	1.0
667	4317	1.0
667	3852	1.0
667	4380	1.0
667	3438	1.0
668	3478	1.0
668	3543	1.0
668	3475	1.0
668	2871	1.0
668	3643	1.0
668	2692	1.0
668	3098	1.0
668	2050	1.0
668	3346	1.0
668	3234	1.0
668	3211	1.0
668	3581	1.0
668	3472	1.0
668	3473	1.0
668	4589	1.0
668	2990	1.0
668	2532	1.0
668	3572	1.0
669	3000	1.0
669	2879	1.0
669	3817	1.0
669	2173	1.0
669	2769	1.0
669	2054	1.0
669	4130	1.0
670	4120	1.0
670	2058	1.0
670	4437	1.0
670	3244	1.0
670	4160	1.0
670	4734	1.0
671	3052	1.0
671	3590	1.0
671	2094	1.0
671	2181	1.0
671	718	1.0
672	4086	1.0
672	2113	1.0
672	4608	1.0
672	4415	1.0
672	3993	1.0
673	2131	1.0
673	4057	1.0
673	3139	1.0
673	4152	1.0
674	2787	1.0
674	2145	1.0
674	3470	1.0
674	2537	1.0
675	4021	1.0
675	3341	1.0
675	3781	1.0
675	2768	1.0
675	2425	1.0
675	2560	1.0
675	3430	1.0
675	3164	1.0
675	2562	1.0
675	3452	1.0
675	3199	1.0
675	2808	1.0
675	2797	1.0
675	2684	1.0
675	4470	1.0
675	3695	1.0
675	4149	1.0
675	3300	1.0
675	4404	1.0
675	3185	1.0
675	2830	1.0
675	2340	1.0
675	2170	1.0
676	2205	1.0
676	2187	1.0
676	2262	1.0
676	3058	1.0
676	3155	1.0
677	3226	1.0
677	4611	1.0
677	4676	1.0
677	3343	1.0
677	4675	1.0
677	4107	1.0
677	4691	1.0
677	2958	1.0
677	3323	1.0
677	2197	1.0
677	2634	1.0
678	2301	1.0
678	3761	1.0
678	3306	1.0
678	2248	1.0
678	3772	1.0
678	4296	1.0
679	2259	1.0
679	2656	1.0
679	3325	1.0
679	3675	1.0
680	4479	1.0
680	2262	1.0
680	3903	1.0
680	2964	1.0
680	2818	1.0
680	4190	1.0
680	3157	1.0
680	4116	1.0
680	4009	1.0
680	4419	1.0
681	3524	1.0
681	3515	1.0
681	3087	1.0
681	2847	1.0
681	3220	1.0
681	3662	1.0
681	2297	1.0
681	4526	1.0
681	3685	1.0
681	2802	1.0
681	3439	1.0
681	3633	1.0
681	2693	1.0
681	3745	1.0
681	3543	1.0
681	3598	1.0
681	2743	1.0
682	3424	1.0
682	4524	1.0
682	2329	1.0
682	2776	1.0
683	2368	1.0
683	3804	1.0
683	2926	1.0
683	3505	1.0
683	4566	1.0
683	2416	1.0
684	3438	1.0
684	2498	1.0
684	3559	1.0
684	4751	1.0
684	2906	1.0
684	3954	1.0
684	2450	1.0
684	2387	1.0
684	4683	1.0
684	3437	1.0
684	2752	1.0
684	2731	1.0
684	3042	1.0
685	2945	1.0
685	4515	1.0
685	2405	1.0
685	2507	1.0
685	2512	1.0
686	4501	1.0
686	667	1.0
686	2476	1.0
686	4491	1.0
686	2482	1.0
687	2817	1.0
687	4456	1.0
687	2427	1.0
687	2969	1.0
688	3868	1.0
688	4231	1.0
688	4731	1.0
688	3026	1.0
688	4722	1.0
688	3053	1.0
688	4757	1.0
688	3166	1.0
688	2444	1.0
689	3238	1.0
689	2950	1.0
689	4348	1.0
689	2606	1.0
690	3561	1.0
690	2583	1.0
690	3202	1.0
690	4709	1.0
690	3730	1.0
690	3474	1.0
691	3156	1.0
691	3344	1.0
691	3960	1.0
691	3155	1.0
692	2805	1.0
692	2846	1.0
692	2668	1.0
692	4511	1.0
693	3156	1.0
693	3171	1.0
693	3421	1.0
693	2698	1.0
694	2743	1.0
694	2905	1.0
694	4505	1.0
694	3515	1.0
694	3342	1.0
694	3618	1.0
694	2813	1.0
694	3507	1.0
695	4196	1.0
695	3206	1.0
695	3718	1.0
695	3362	1.0
695	2785	1.0
696	3256	1.0
696	2834	1.0
696	3935	1.0
696	4478	1.0
696	4184	1.0
697	3957	1.0
697	2964	1.0
697	2883	1.0
697	3240	1.0
698	3125	1.0
698	3319	1.0
698	2993	1.0
698	3748	1.0
698	3198	1.0
698	3053	1.0
699	3655	1.0
699	3029	1.0
699	4151	1.0
699	4037	1.0
699	3272	1.0
699	4103	1.0
700	3943	1.0
700	4049	1.0
700	3047	1.0
700	4183	1.0
701	4145	1.0
701	3062	1.0
701	4182	1.0
701	3173	1.0
702	3399	1.0
702	3080	1.0
702	3406	1.0
702	4403	1.0
702	4142	1.0
703	3796	1.0
703	3749	1.0
703	4039	1.0
703	3967	1.0
703	3096	1.0
704	3257	1.0
704	4361	1.0
704	3726	1.0
704	3828	1.0
704	4271	1.0
704	4079	1.0
704	4328	1.0
704	3351	1.0
704	4204	1.0
704	4080	1.0
705	4027	1.0
705	4035	1.0
705	1843	1.0
705	3216	1.0
706	3593	1.0
706	3485	1.0
706	3694	1.0
706	3607	1.0
706	3225	1.0
707	4725	1.0
707	3250	1.0
707	4268	1.0
707	3471	1.0
708	4694	1.0
708	3268	1.0
708	4698	1.0
708	4696	1.0
709	3309	1.0
709	4126	1.0
709	4443	1.0
709	2738	1.0
710	4004	1.0
710	3357	1.0
710	3608	1.0
710	4138	1.0
711	3586	1.0
711	3634	1.0
711	4361	1.0
711	3601	1.0
712	3598	1.0
712	4296	1.0
712	4186	1.0
712	4368	1.0
