0	0	1
0	268	1
0	329	1
0	472	1
0	546	1
0	549	1
0	964	1
0	1003	1
0	1501	1
1	0	1
1	110	1
1	239	1
1	366	1
1	382	1
1	429	1
1	500	1
1	514	1
1	517	1
1	518	1
1	558	1
1	684	1
1	784	1
1	821	1
1	942	1
1	959	1
1	986	1
1	1014	1
1	1077	1
1	1154	1
1	1155	1
1	1161	1
1	1164	1
1	1167	1
1	1191	1
1	1230	1
1	1302	1
1	1323	1
1	1376	1
1	1401	1
1	1412	1
1	1418	1
1	1483	1
1	1555	1
1	1654	1
1	1662	1
1	1672	1
1	1717	1
1	1728	1
1	1786	1
1	1824	1
1	1856	1
1	1903	1
1	1920	1
1	2063	1
1	2216	1
1	2305	1
1	2307	1
1	2342	1
1	2416	1
1	2432	1
1	2447	1
1	2500	1
1	2508	1
1	2743	1
2	0	1
2	21	1
2	167	1
2	314	1
2	461	1
2	557	1
2	693	1
2	918	1
2	1371	1
2	1568	1
2	1663	1
2	1901	1
2	1968	1
2	2024	1
2	2625	1
3	1	1
3	404	1
3	635	1
3	895	1
3	1897	1
3	2060	1
3	2065	1
3	2155	1
3	2156	1
3	2415	1
3	2493	1
4	2	1
4	3	1
4	6	1
4	7	1
4	9	1
4	24	1
4	25	1
4	26	1
4	27	1
4	35	1
4	45	1
4	47	1
4	48	1
4	80	1
4	104	1
4	121	1
4	139	1
4	191	1
4	377	1
4	387	1
4	457	1
4	476	1
4	478	1
4	579	1
4	1429	1
4	1630	1
4	1911	1
4	2090	1
4	2337	1
4	2531	1
5	4	1
5	36	1
5	50	1
5	368	1
5	1362	1
5	1442	1
5	1444	1
5	1463	1
5	1524	1
5	2765	1
6	4	1
6	11	1
6	18	1
6	1035	1
6	1224	1
7	4	1
7	5	1
7	10	1
7	59	1
7	249	1
7	250	1
7	299	1
7	389	1
7	504	1
7	1112	1
7	1132	1
7	1177	1
7	1958	1
7	1965	1
7	2496	1
7	2635	1
8	7	1
8	39	1
8	66	1
8	92	1
8	125	1
8	135	1
8	166	1
8	171	1
8	351	1
8	369	1
8	445	1
8	448	1
8	453	1
8	536	1
8	553	1
8	562	1
8	582	1
8	610	1
8	630	1
8	720	1
8	760	1
8	808	1
8	821	1
8	836	1
8	909	1
8	944	1
8	1081	1
8	1135	1
8	1143	1
8	1176	1
8	1179	1
8	1230	1
8	1262	1
8	1304	1
8	1370	1
8	1393	1
8	1431	1
8	1459	1
8	1506	1
8	1547	1
8	1556	1
8	1587	1
8	1636	1
8	1722	1
8	1792	1
8	1857	1
8	1885	1
8	1960	1
8	2002	1
8	2487	1
8	2496	1
8	2647	1
8	2715	1
8	762	1
8	2806	1
9	7	1
9	31	1
9	51	1
9	52	1
9	138	1
9	199	1
9	207	1
9	555	1
9	1563	1
10	7	1
10	375	1
10	567	1
10	846	1
10	1365	1
10	1552	1
10	1705	1
10	1749	1
10	1919	1
11	7	1
11	8	1
11	11	1
11	16	1
11	32	1
11	35	1
11	54	1
11	90	1
11	548	1
11	1043	1
11	1621	1
11	1779	1
11	2436	1
11	2283	1
12	8	1
12	301	1
12	943	1
12	988	1
12	1045	1
12	2282	1
12	2527	1
13	12	1
13	131	1
13	242	1
13	320	1
13	710	1
13	877	1
13	882	1
13	883	1
13	1533	1
14	13	1
14	64	1
14	175	1
14	183	1
14	335	1
14	336	1
14	512	1
14	870	1
14	951	1
14	1142	1
14	1213	1
14	1367	1
14	1613	1
14	1682	1
14	1846	1
14	1899	1
14	2193	1
14	2229	1
14	2330	1
14	2470	1
15	14	1
15	176	1
15	637	1
15	704	1
15	829	1
15	1739	1
15	2685	1
15	2687	1
16	15	1
16	1264	1
16	1283	1
16	1290	1
16	1361	1
16	1921	1
16	1979	1
16	2108	1
16	2677	1
16	2678	1
17	17	1
17	210	1
17	741	1
17	914	1
17	1602	1
18	19	1
18	34	1
18	195	1
18	621	1
18	647	1
18	1063	1
18	1081	1
18	1101	1
18	1741	1
19	20	1
19	113	1
19	233	1
19	633	1
19	1424	1
19	1688	1
19	2654	1
20	22	1
20	692	1
20	1194	1
20	1202	1
20	1241	1
20	1265	1
20	1427	1
20	1689	1
20	1859	1
20	2252	1
20	2316	1
20	2590	1
21	23	1
21	33	1
21	79	1
21	140	1
21	410	1
21	658	1
21	905	1
21	958	1
21	973	1
21	1079	1
21	1091	1
21	1093	1
21	1097	1
21	1247	1
21	1539	1
21	1674	1
21	1819	1
21	1961	1
21	2573	1
21	2753	1
22	25	1
22	137	1
22	285	1
22	355	1
22	705	1
22	738	1
22	778	1
22	911	1
22	961	1
22	2512	1
22	2515	1
23	28	1
23	76	1
23	289	1
23	407	1
23	1744	1
23	2386	1
24	29	1
24	72	1
24	306	1
24	391	1
24	739	1
24	797	1
24	809	1
25	30	1
25	1216	1
25	2126	1
25	2211	1
25	2332	1
26	30	1
26	38	1
26	85	1
26	93	1
26	141	1
26	217	1
26	365	1
26	376	1
26	707	1
26	1008	1
26	1282	1
26	1468	1
26	2043	1
26	2055	1
26	2288	1
26	2301	1
26	2343	1
26	2351	1
26	2357	1
26	2363	1
26	2368	1
26	2435	1
26	2540	1
26	2619	1
27	37	1
27	413	1
27	417	1
27	701	1
27	2496	1
28	40	1
28	84	1
28	186	1
28	187	1
28	188	1
28	315	1
28	338	1
28	340	1
28	432	1
28	434	1
28	497	1
28	678	1
28	686	1
28	728	1
28	869	1
28	901	1
28	1016	1
28	1018	1
28	1089	1
28	1243	1
28	1322	1
28	1347	1
28	1551	1
28	1553	1
28	1731	1
28	1896	1
28	1960	1
28	2031	1
28	2172	1
28	2182	1
28	2415	1
28	2427	1
28	2505	1
28	2560	1
28	2588	1
28	2642	1
29	41	1
29	168	1
29	202	1
29	263	1
29	262	1
29	342	1
29	343	1
29	439	1
29	441	1
29	523	1
29	666	1
29	681	1
29	735	1
29	901	1
29	1188	1
29	1262	1
29	1317	1
29	1358	1
29	1370	1
29	1438	1
29	1499	1
29	1562	1
29	1571	1
29	1575	1
29	1645	1
29	1718	1
29	1719	1
29	2021	1
29	2022	1
29	2026	1
29	2028	1
29	2034	1
29	2037	1
29	2040	1
29	2048	1
29	2061	1
29	2214	1
29	2238	1
29	2255	1
29	2314	1
29	2473	1
29	2496	1
29	2497	1
29	2524	1
29	2566	1
29	2647	1
29	2787	1
29	2805	1
30	41	1
30	400	1
30	463	1
30	901	1
30	1314	1
30	1358	1
30	1416	1
30	1428	1
30	1440	1
30	1443	1
30	1681	1
30	1719	1
30	1882	1
30	1909	1
30	1959	1
30	2114	1
30	2775	1
30	2815	1
31	42	1
31	156	1
31	357	1
31	390	1
31	677	1
31	1060	1
31	1061	1
31	1062	1
31	1131	1
31	1171	1
31	1326	1
31	1536	1
31	1703	1
31	1902	1
31	2204	1
31	2226	1
31	2337	1
31	2430	1
31	2438	1
31	2445	1
31	2462	1
31	2522	1
31	2097	1
32	43	1
32	49	1
32	196	1
32	467	1
32	477	1
32	613	1
32	840	1
32	842	1
33	44	1
33	288	1
33	297	1
33	345	1
33	1046	1
34	46	1
34	181	1
34	278	1
34	815	1
34	1877	1
35	53	1
35	61	1
35	87	1
35	155	1
35	157	1
35	253	1
35	316	1
35	491	1
35	990	1
35	1058	1
35	1197	1
35	1665	1
35	1853	1
35	1914	1
35	2442	1
35	2659	1
36	55	1
36	775	1
36	1820	1
36	2444	1
36	2564	1
37	56	1
37	65	1
37	88	1
37	94	1
37	420	1
37	479	1
37	925	1
37	1250	1
37	1303	1
37	1461	1
37	1910	1
37	2217	1
37	2235	1
37	2309	1
37	2377	1
38	57	1
38	102	1
38	169	1
38	1492	1
38	2670	1
39	58	1
39	271	1
39	667	1
39	1670	1
39	1649	1
40	60	1
40	583	1
40	651	1
40	674	1
40	789	1
40	1945	1
40	2689	1
41	62	1
41	596	1
41	703	1
41	812	1
41	838	1
41	967	1
41	974	1
41	2192	1
41	2513	1
42	63	1
42	111	1
42	486	1
42	1914	1
42	2108	1
42	2186	1
42	2284	1
42	2334	1
42	2347	1
42	2411	1
42	2483	1
42	2618	1
42	2674	1
43	64	1
43	509	1
43	1126	1
43	1172	1
43	1203	1
43	1499	1
43	1625	1
43	1686	1
43	1828	1
43	2262	1
43	2376	1
44	65	1
44	310	1
44	324	1
44	481	1
44	615	1
44	892	1
44	1172	1
44	1254	1
44	1277	1
44	1370	1
44	1575	1
44	1702	1
44	1742	1
44	2010	1
44	2202	1
44	2249	1
44	2656	1
45	66	1
45	275	1
45	460	1
45	475	1
45	506	1
45	2149	1
46	67	1
46	96	1
46	121	1
46	170	1
46	223	1
46	226	1
46	1039	1
46	2680	1
47	68	1
47	75	1
47	82	1
47	83	1
47	114	1
47	139	1
47	224	1
47	262	1
47	273	1
47	351	1
47	381	1
47	448	1
47	469	1
47	470	1
47	502	1
47	518	1
47	523	1
47	536	1
47	556	1
47	558	1
47	562	1
47	596	1
47	605	1
47	607	1
47	630	1
47	714	1
47	715	1
47	724	1
47	730	1
47	748	1
47	786	1
47	796	1
47	808	1
47	840	1
47	876	1
47	898	1
47	899	1
47	900	1
47	962	1
47	970	1
47	971	1
47	1146	1
47	1184	1
47	1186	1
47	1302	1
47	1314	1
47	1349	1
47	1378	1
47	1399	1
47	1421	1
47	1459	1
47	1469	1
47	1571	1
47	1644	1
47	1652	1
47	1685	1
47	1697	1
47	1707	1
47	1738	1
47	1789	1
47	1808	1
47	1898	1
47	1934	1
47	1942	1
47	1980	1
47	2018	1
47	2115	1
47	2299	1
47	2490	1
47	2627	1
47	2743	1
48	69	1
48	118	1
48	235	1
48	264	1
48	483	1
48	489	1
48	558	1
48	737	1
48	935	1
48	1017	1
48	1105	1
48	1449	1
48	1450	1
48	1500	1
48	1588	1
48	1602	1
48	2183	1
48	2326	1
48	2655	1
48	2751	1
49	70	1
49	71	1
49	146	1
49	159	1
49	178	1
49	197	1
49	211	1
49	238	1
49	246	1
49	300	1
49	308	1
49	349	1
49	361	1
49	364	1
49	499	1
49	512	1
49	513	1
49	533	1
49	571	1
49	588	1
49	589	1
49	595	1
49	622	1
49	675	1
49	760	1
49	762	1
49	767	1
49	789	1
49	798	1
49	817	1
49	830	1
49	844	1
49	853	1
49	897	1
49	953	1
49	982	1
49	983	1
49	1007	1
49	1011	1
49	1013	1
49	1033	1
49	1042	1
49	1049	1
49	1078	1
49	1103	1
49	1106	1
49	1125	1
49	1179	1
49	1189	1
49	1190	1
49	1209	1
49	1210	1
49	1222	1
49	1397	1
49	1458	1
49	1513	1
49	1566	1
49	1574	1
49	1592	1
49	1598	1
49	1616	1
49	1668	1
49	1683	1
49	1788	1
49	1869	1
49	1872	1
49	1912	1
49	1949	1
49	1962	1
49	1982	1
49	2001	1
49	2062	1
49	2073	1
49	2081	1
49	2085	1
49	2092	1
49	2112	1
49	2117	1
49	2159	1
49	2219	1
49	2259	1
49	2352	1
49	2358	1
49	2456	1
49	2507	1
49	2643	1
49	2645	1
49	2671	1
49	430	1
50	72	1
50	129	1
50	265	1
50	449	1
50	587	1
50	604	1
50	1033	1
50	1828	1
51	73	1
51	98	1
51	286	1
51	302	1
51	327	1
51	392	1
51	409	1
51	476	1
51	504	1
51	522	1
51	525	1
51	549	1
51	946	1
51	992	1
51	1055	1
51	1073	1
51	1160	1
51	1342	1
51	1394	1
51	1409	1
51	1480	1
51	1753	1
51	1991	1
51	2071	1
51	2227	1
51	2246	1
51	2361	1
51	2370	1
51	2400	1
51	2404	1
51	2421	1
51	2467	1
51	2508	1
51	2606	1
51	2619	1
51	1791	1
52	74	1
52	236	1
52	372	1
52	461	1
52	498	1
52	919	1
52	1468	1
52	2190	1
52	2498	1
52	2504	1
53	77	1
53	228	1
53	252	1
53	269	1
53	647	1
53	1175	1
53	2429	1
54	78	1
54	84	1
54	164	1
54	324	1
54	341	1
54	656	1
54	1499	1
54	1641	1
54	1964	1
54	2185	1
54	2384	1
54	1783	1
55	78	1
55	212	1
55	347	1
55	425	1
55	455	1
55	565	1
55	600	1
55	653	1
55	791	1
55	846	1
55	887	1
55	912	1
55	939	1
55	940	1
55	965	1
55	1004	1
55	1100	1
55	1245	1
55	1385	1
55	1386	1
55	1539	1
55	1755	1
56	81	1
56	750	1
56	1084	1
56	1223	1
56	1327	1
56	1329	1
56	1756	1
57	82	1
57	435	1
57	2711	1
57	2712	1
57	2714	1
58	82	1
58	369	1
58	520	1
58	614	1
58	995	1
59	82	1
59	94	1
59	418	1
59	558	1
59	1499	1
59	1514	1
59	1897	1
60	82	1
60	534	1
60	1225	1
60	1863	1
60	2587	1
61	82	1
61	330	1
61	640	1
61	642	1
61	1166	1
61	1186	1
61	1252	1
61	1308	1
61	1371	1
61	1549	1
61	2140	1
61	2755	1
62	82	1
62	87	1
62	89	1
62	1288	1
62	2410	1
63	82	1
63	354	1
63	466	1
63	501	1
63	663	1
63	886	1
63	1705	1
63	1770	1
64	84	1
64	525	1
64	548	1
64	627	1
64	646	1
64	1237	1
64	1363	1
64	1499	1
64	1641	1
64	1714	1
64	2286	1
64	2354	1
64	2648	1
64	2683	1
65	86	1
65	427	1
65	527	1
65	1074	1
65	1235	1
65	1268	1
65	1408	1
65	2408	1
65	2732	1
65	2812	1
66	91	1
66	227	1
66	1969	1
66	2510	1
66	2561	1
66	2610	1
67	92	1
67	511	1
67	792	1
67	2235	1
67	2572	1
67	2613	1
67	2634	1
68	95	1
68	839	1
68	907	1
68	958	1
68	1009	1
68	1027	1
68	1066	1
68	1075	1
68	1215	1
68	1221	1
68	1348	1
68	1561	1
68	1757	1
68	1813	1
68	1844	1
68	1850	1
68	1999	1
68	2067	1
68	2127	1
68	2162	1
68	2177	1
68	2200	1
68	2294	1
68	2295	1
68	2296	1
68	2306	1
68	2316	1
68	2331	1
68	2340	1
68	2403	1
68	2420	1
68	2422	1
68	2443	1
68	2458	1
68	2541	1
68	2590	1
69	97	1
69	149	1
69	582	1
69	1142	1
69	1297	1
69	1531	1
69	1899	1
69	2355	1
70	99	1
70	193	1
70	1467	1
70	1765	1
70	2011	1
71	100	1
71	244	1
71	1169	1
71	1892	1
71	2509	1
71	2785	1
72	101	1
72	548	1
72	1263	1
72	2206	1
72	2327	1
73	101	1
73	152	1
73	808	1
73	955	1
73	1319	1
73	1338	1
73	1394	1
73	1503	1
73	1542	1
73	1548	1
73	1557	1
73	1584	1
73	1610	1
73	1614	1
73	1634	1
73	1646	1
73	1649	1
73	1652	1
73	1690	1
73	1709	1
73	1735	1
73	1761	1
73	1772	1
73	1790	1
73	1803	1
73	1826	1
73	1835	1
73	1858	1
73	1862	1
73	1864	1
73	1871	1
73	1885	1
73	1891	1
73	1950	1
73	1952	1
73	1972	1
73	1974	1
73	1983	1
73	2019	1
73	2064	1
73	2069	1
73	2074	1
73	2110	1
73	2133	1
73	2170	1
73	2175	1
73	2201	1
73	2203	1
73	2212	1
73	2236	1
73	2239	1
73	2254	1
73	2260	1
73	2263	1
73	2313	1
73	2324	1
73	2329	1
73	2356	1
73	2370	1
73	2397	1
73	2409	1
73	2472	1
73	2477	1
73	2479	1
73	2776	1
73	1791	1
74	103	1
74	352	1
74	759	1
74	1240	1
74	1425	1
74	1432	1
74	1494	1
74	1495	1
74	1981	1
74	1992	1
74	2603	1
74	2764	1
75	105	1
75	602	1
75	672	1
75	849	1
75	850	1
75	956	1
75	2690	1
75	2698	1
75	2720	1
76	106	1
76	107	1
76	243	1
76	313	1
76	539	1
77	108	1
77	662	1
77	1171	1
77	1172	1
77	1747	1
78	109	1
78	135	1
78	328	1
78	417	1
78	1217	1
78	1720	1
78	2241	1
78	2581	1
78	2602	1
79	112	1
79	142	1
79	143	1
79	293	1
79	698	1
79	806	1
79	2451	1
80	115	1
80	184	1
80	216	1
80	218	1
80	578	1
80	679	1
80	727	1
80	989	1
80	1158	1
80	1257	1
80	1893	1
80	1951	1
80	1984	1
80	2271	1
80	2385	1
80	2388	1
81	116	1
81	503	1
81	558	1
81	733	1
81	740	1
82	117	1
82	174	1
82	1092	1
82	1094	1
82	1113	1
82	1141	1
82	1452	1
82	1462	1
82	2532	1
83	119	1
83	222	1
83	322	1
83	818	1
83	1356	1
83	1976	1
83	2084	1
83	2093	1
83	2135	1
84	120	1
84	132	1
84	660	1
84	670	1
84	1172	1
84	1203	1
84	1277	1
84	2793	1
85	122	1
85	419	1
85	555	1
85	865	1
85	1011	1
85	1151	1
85	1346	1
85	1825	1
85	1955	1
85	1986	1
85	2150	1
85	2178	1
85	2809	1
86	123	1
86	417	1
86	1112	1
86	1745	1
86	1796	1
87	124	1
87	344	1
87	628	1
87	1266	1
87	1320	1
87	1414	1
87	1436	1
87	2273	1
87	2280	1
88	126	1
88	516	1
88	554	1
88	1186	1
88	1696	1
88	2457	1
88	2616	1
88	2621	1
88	2652	1
89	127	1
89	192	1
89	837	1
89	1029	1
89	1226	1
89	1275	1
89	1746	1
90	128	1
90	228	1
90	350	1
90	380	1
90	416	1
90	618	1
90	2267	1
91	130	1
91	272	1
91	326	1
91	337	1
91	522	1
91	542	1
91	659	1
91	706	1
91	732	1
91	859	1
91	896	1
91	903	1
91	1185	1
91	1470	1
91	2495	1
91	2514	1
91	2731	1
92	133	1
92	261	1
92	390	1
92	805	1
92	1149	1
92	1516	1
92	1793	1
92	1889	1
92	1900	1
93	134	1
93	147	1
93	217	1
93	378	1
93	423	1
93	491	1
93	551	1
93	594	1
93	1424	1
93	1499	1
93	1544	1
93	2359	1
94	135	1
94	178	1
94	201	1
94	205	1
94	700	1
94	945	1
94	1008	1
94	1545	1
94	1738	1
94	1767	1
94	1809	1
94	1825	1
94	1829	1
94	1875	1
94	1877	1
94	1884	1
94	1913	1
94	1936	1
94	1948	1
94	1952	1
94	1970	1
94	1971	1
94	2072	1
94	2095	1
94	2107	1
94	2118	1
94	2119	1
94	2152	1
94	2186	1
94	2303	1
94	2304	1
94	2551	1
94	2783	1
95	136	1
95	340	1
95	446	1
95	577	1
95	973	1
95	1196	1
95	1414	1
95	1888	1
96	144	1
96	668	1
96	687	1
96	1118	1
96	1364	1
96	1371	1
96	1847	1
96	1919	1
96	2097	1
97	145	1
97	1931	1
97	2417	1
97	2466	1
97	2546	1
97	2550	1
97	2663	1
97	2679	1
98	145	1
98	878	1
98	908	1
98	1232	1
98	1251	1
98	2014	1
98	2568	1
99	147	1
99	204	1
99	415	1
99	1995	1
99	2056	1
99	2488	1
100	148	1
100	168	1
100	256	1
100	292	1
100	924	1
100	960	1
100	1116	1
100	1339	1
100	1715	1
100	1762	1
100	1848	1
100	2227	1
100	2540	1
101	150	1
101	498	1
101	543	1
101	729	1
101	848	1
102	151	1
102	182	1
102	282	1
102	284	1
102	331	1
102	1114	1
102	1112	1
102	2167	1
102	2471	1
103	153	1
103	394	1
103	1048	1
103	1984	1
103	2000	1
103	2489	1
104	154	1
104	958	1
104	1080	1
104	1112	1
104	1499	1
105	158	1
105	685	1
105	1149	1
105	1330	1
105	1409	1
105	1703	1
105	1806	1
105	1890	1
105	2795	1
106	160	1
106	276	1
106	296	1
106	736	1
106	872	1
106	996	1
106	1117	1
106	1220	1
106	1272	1
106	1336	1
106	1340	1
106	1352	1
106	1411	1
106	1484	1
106	1486	1
106	1487	1
106	1494	1
106	1498	1
106	1499	1
106	1505	1
106	1658	1
106	1725	1
106	1984	1
106	2096	1
106	2145	1
106	2199	1
106	2287	1
106	2460	1
106	2562	1
106	2583	1
106	2604	1
106	2668	1
107	161	1
107	190	1
107	524	1
107	863	1
107	922	1
108	162	1
108	317	1
108	399	1
108	682	1
108	757	1
108	1878	1
109	163	1
109	1460	1
109	1466	1
109	1905	1
109	2312	1
109	2393	1
109	2577	1
110	165	1
110	208	1
110	260	1
110	295	1
110	311	1
110	339	1
110	375	1
110	555	1
110	582	1
110	969	1
110	1012	1
110	1295	1
110	1420	1
110	1867	1
110	2593	1
110	2646	1
111	172	1
111	303	1
111	519	1
111	529	1
111	1181	1
111	1828	1
112	173	1
112	1608	1
112	2418	1
112	2661	1
112	2811	1
113	176	1
113	888	1
113	923	1
113	1033	1
113	1054	1
113	1695	1
113	1851	1
113	1962	1
113	2256	1
113	2277	1
113	2278	1
113	2281	1
113	2292	1
113	2341	1
113	2367	1
113	2399	1
113	2465	1
113	2478	1
113	2570	1
113	2576	1
114	177	1
114	325	1
114	958	1
114	1060	1
114	1095	1
114	1128	1
115	179	1
115	451	1
115	464	1
115	981	1
115	2186	1
115	2572	1
115	2584	1
115	2591	1
116	180	1
116	482	1
116	487	1
116	529	1
116	593	1
116	764	1
116	2657	1
117	185	1
117	648	1
117	1379	1
117	1448	1
117	2187	1
118	189	1
118	406	1
118	823	1
118	1026	1
118	1047	1
119	194	1
119	650	1
119	1524	1
119	1594	1
119	1679	1
119	1922	1
119	1987	1
119	2087	1
120	198	1
120	307	1
120	764	1
120	958	1
120	1017	1
120	1082	1
120	1273	1
120	1310	1
120	1776	1
120	1781	1
120	1960	1
120	2155	1
120	2267	1
120	2394	1
120	2459	1
120	2658	1
120	2659	1
120	2674	1
121	199	1
121	240	1
121	535	1
121	816	1
121	892	1
121	1034	1
121	1153	1
121	1368	1
121	1410	1
121	1828	1
121	1841	1
121	2344	1
121	2563	1
122	199	1
122	309	1
122	461	1
122	540	1
122	573	1
122	913	1
122	1095	1
122	1187	1
122	1363	1
122	1386	1
122	1525	1
122	1590	1
122	1597	1
122	1675	1
122	1694	1
122	1760	1
122	1897	1
122	2485	1
122	2543	1
123	200	1
123	319	1
123	768	1
123	1125	1
123	1406	1
123	1678	1
123	1716	1
123	1787	1
123	1832	1
123	1951	1
123	2264	1
123	2270	1
123	2556	1
123	2786	1
124	203	1
124	374	1
124	515	1
124	744	1
124	893	1
124	1218	1
124	2141	1
125	204	1
125	291	1
125	474	1
125	482	1
125	529	1
125	552	1
125	712	1
125	1676	1
125	2076	1
126	206	1
126	818	1
126	937	1
126	1369	1
126	1822	1
127	209	1
127	287	1
127	433	1
127	563	1
127	952	1
127	195	1
128	213	1
128	472	1
128	492	1
128	576	1
128	1145	1
129	214	1
129	232	1
129	312	1
129	643	1
129	644	1
129	652	1
130	215	1
130	525	1
130	571	1
130	648	1
130	661	1
130	1408	1
130	1499	1
130	1630	1
130	2042	1
130	2545	1
130	2631	1
131	219	1
131	360	1
131	2050	1
131	2209	1
131	2412	1
131	2511	1
132	220	1
132	559	1
132	801	1
132	816	1
132	1363	1
132	1420	1
132	1596	1
132	1630	1
132	1897	1
132	2154	1
132	2157	1
132	2427	1
132	2468	1
133	221	1
133	521	1
133	528	1
133	532	1
133	774	1
133	905	1
133	996	1
133	1147	1
134	224	1
134	493	1
134	494	1
134	496	1
134	547	1
134	1303	1
134	1471	1
134	2023	1
134	2029	1
134	2032	1
134	2039	1
134	2057	1
134	2176	1
134	2311	1
134	2366	1
134	2414	1
134	2482	1
134	2559	1
134	2693	1
134	2702	1
134	2703	1
134	2716	1
134	2749	1
134	2759	1
134	2779	1
134	2794	1
134	2807	1
134	2814	1
135	225	1
135	265	1
135	485	1
135	920	1
135	1099	1
135	1172	1
135	1628	1
135	2364	1
135	2574	1
136	228	1
136	418	1
136	1129	1
136	1135	1
136	1943	1
136	2204	1
137	229	1
137	363	1
137	541	1
137	766	1
137	2215	1
137	2455	1
137	2724	1
137	2728	1
138	230	1
138	746	1
138	747	1
138	1150	1
138	2349	1
139	231	1
139	383	1
139	408	1
139	426	1
139	437	1
139	736	1
139	765	1
139	1030	1
139	1085	1
139	1097	1
139	1110	1
139	1135	1
139	1183	1
139	2539	1
139	2585	1
139	2600	1
139	2744	1
140	234	1
140	305	1
140	1354	1
140	1380	1
140	1633	1
141	237	1
141	894	1
141	905	1
141	949	1
141	979	1
141	995	1
141	1193	1
141	1450	1
141	1491	1
141	1932	1
141	2015	1
141	2016	1
141	2199	1
141	2440	1
141	2503	1
142	240	1
142	1106	1
142	1388	1
142	1669	1
142	1828	1
142	2086	1
142	2137	1
142	2179	1
142	2244	1
143	240	1
143	477	1
143	1876	1
143	2006	1
143	2217	1
144	240	1
144	826	1
144	1248	1
144	1363	1
144	1907	1
144	2612	1
144	1054	1
144	2747	1
145	240	1
145	262	1
145	854	1
145	1828	1
145	2053	1
145	2446	1
146	241	1
146	245	1
146	379	1
146	386	1
146	1017	1
146	1109	1
146	1135	1
146	1585	1
146	1759	1
147	244	1
147	1149	1
147	1451	1
147	2017	1
147	2120	1
147	2425	1
148	244	1
148	388	1
148	682	1
148	989	1
148	1960	1
148	1993	1
148	2007	1
149	244	1
149	393	1
149	428	1
149	782	1
149	847	1
149	975	1
149	1180	1
149	1211	1
149	1313	1
149	1351	1
149	1402	1
149	1507	1
149	1560	1
149	1596	1
149	1602	1
149	1777	1
149	1930	1
149	2298	1
149	2791	1
150	246	1
150	695	1
150	936	1
150	1037	1
150	1256	1
150	2142	1
151	247	1
151	267	1
151	283	1
151	825	1
151	1031	1
151	1047	1
151	1276	1
152	248	1
152	473	1
152	719	1
152	730	1
152	2207	1
153	251	1
153	266	1
153	397	1
153	452	1
153	458	1
153	465	1
153	647	1
153	654	1
153	692	1
153	910	1
153	972	1
153	1038	1
153	1375	1
153	1445	1
153	1447	1
153	1455	1
153	1485	1
153	1559	1
153	1606	1
154	251	1
154	526	1
154	538	1
154	930	1
154	1713	1
154	2058	1
154	2148	1
154	2346	1
154	2624	1
154	2686	1
154	2694	1
155	254	1
155	279	1
155	280	1
155	511	1
155	585	1
155	640	1
155	2636	1
156	255	1
156	370	1
156	508	1
156	1228	1
156	1583	1
157	255	1
157	287	1
157	601	1
157	891	1
157	1010	1
157	1084	1
158	255	1
158	612	1
158	620	1
158	691	1
158	745	1
158	783	1
158	1152	1
158	1298	1
158	1299	1
158	1309	1
158	1638	1
158	2697	1
159	257	1
159	323	1
159	447	1
159	560	1
159	2147	1
160	258	1
160	1044	1
160	1698	1
160	1828	1
160	1946	1
160	2051	1
161	259	1
161	387	1
161	781	1
161	818	1
161	1056	1
161	1312	1
161	1499	1
161	1653	1
161	1815	1
161	1997	1
161	2455	1
162	261	1
162	548	1
162	611	1
162	1249	1
162	1499	1
162	1925	1
163	261	1
163	484	1
163	525	1
163	916	1
163	1028	1
163	1648	1
163	1828	1
164	270	1
164	646	1
164	1345	1
164	2464	1
164	2592	1
165	271	1
165	436	1
165	2501	1
165	2582	1
165	2788	1
166	274	1
166	353	1
166	355	1
166	1097	1
166	1102	1
166	2534	1
166	2761	1
167	277	1
167	359	1
167	443	1
167	468	1
167	488	1
167	489	1
167	790	1
167	1040	1
167	1069	1
167	1136	1
167	1371	1
167	1390	1
167	1456	1
167	1465	1
167	1540	1
167	1773	1
167	1870	1
167	1887	1
167	1967	1
167	2378	1
168	281	1
168	770	1
168	1035	1
168	1736	1
168	2131	1
169	283	1
169	384	1
169	537	1
169	934	1
169	1306	1
169	2250	1
169	2253	1
169	2463	1
169	2481	1
169	2519	1
169	2533	1
170	290	1
170	914	1
170	1294	1
170	1318	1
170	1774	1
170	1866	1
170	2122	1
170	2318	1
170	2405	1
170	2675	1
170	2813	1
171	294	1
171	1278	1
171	1371	1
171	1821	1
171	2266	1
172	294	1
172	658	1
172	692	1
172	733	1
172	1631	1
173	298	1
173	414	1
173	462	1
173	510	1
173	2713	1
174	304	1
174	461	1
174	958	1
174	1062	1
174	1897	1
174	1999	1
174	2208	1
174	2380	1
174	2441	1
174	2461	1
174	2485	1
174	2639	1
174	2665	1
175	318	1
175	987	1
175	1062	1
175	1315	1
175	1373	1
175	1639	1
175	2758	1
176	321	1
176	699	1
176	728	1
176	731	1
176	763	1
176	911	1
176	929	1
176	958	1
176	1508	1
176	1564	1
176	1582	1
176	1814	1
176	1876	1
176	1940	1
176	1941	1
176	2009	1
176	2423	1
176	2516	1
176	2739	1
176	2790	1
177	328	1
177	438	1
177	586	1
177	1165	1
177	1422	1
177	1954	1
177	2705	1
177	803	1
178	332	1
178	680	1
178	689	1
178	769	1
178	953	1
178	1061	1
178	1082	1
178	1293	1
178	1572	1
178	1579	1
178	1769	1
178	1975	1
178	2088	1
178	2164	1
179	333	1
179	902	1
179	1004	1
179	1782	1
179	2419	1
179	2427	1
179	2667	1
180	334	1
180	995	1
180	2452	1
180	2565	1
180	2681	1
181	346	1
181	603	1
181	619	1
181	751	1
181	851	1
181	873	1
181	1623	1
181	1632	1
181	2212	1
182	348	1
182	505	1
182	867	1
182	903	1
182	1124	1
182	1229	1
182	1476	1
182	1612	1
182	1680	1
182	1812	1
182	2333	1
183	356	1
183	902	1
183	1337	1
183	1413	1
183	1479	1
183	1499	1
183	1622	1
183	1630	1
183	2180	1
183	2189	1
183	2200	1
183	2228	1
183	2242	1
183	2243	1
183	2326	1
183	2371	1
183	2406	1
183	2446	1
184	358	1
184	373	1
184	507	1
184	1497	1
184	1802	1
185	362	1
185	624	1
185	831	1
185	856	1
185	904	1
185	954	1
185	1019	1
185	1201	1
185	1269	1
185	1660	1
185	1766	1
186	367	1
186	692	1
186	697	1
186	787	1
186	881	1
186	1818	1
186	1831	1
186	2045	1
186	2349	1
186	2492	1
187	369	1
187	385	1
187	504	1
187	586	1
187	592	1
187	609	1
187	671	1
187	690	1
187	803	1
187	811	1
187	813	1
187	822	1
187	867	1
187	932	1
187	941	1
187	963	1
187	967	1
187	968	1
187	978	1
187	998	1
187	999	1
187	1001	1
187	1051	1
187	1065	1
187	1071	1
187	1096	1
187	1134	1
187	1319	1
187	1331	1
187	1349	1
187	1370	1
187	1377	1
187	1434	1
187	1435	1
187	1439	1
187	1452	1
187	1517	1
187	1548	1
187	1570	1
187	1576	1
187	1577	1
187	1580	1
187	1614	1
187	1647	1
187	1665	1
187	1666	1
187	1671	1
187	1708	1
187	1719	1
187	1728	1
187	1738	1
187	1752	1
187	1791	1
187	1803	1
187	1808	1
187	1857	1
187	1860	1
187	1878	1
187	1891	1
187	2002	1
187	2003	1
187	2019	1
187	2308	1
187	2433	1
187	2456	1
187	2476	1
187	2526	1
187	2703	1
187	2735	1
187	2743	1
188	370	1
188	555	1
188	646	1
188	764	1
188	773	1
188	879	1
188	886	1
188	887	1
188	905	1
188	957	1
188	996	1
188	1005	1
188	1031	1
188	1033	1
188	1206	1
188	1511	1
188	1534	1
188	1567	1
188	1605	1
188	1642	1
188	1701	1
188	1830	1
188	2166	1
188	2508	1
188	2611	1
188	1155	1
189	371	1
189	841	1
189	926	1
189	971	1
189	1332	1
189	2704	1
190	370	1
190	470	1
190	545	1
190	570	1
190	1960	1
191	388	1
191	389	1
191	490	1
191	632	1
191	646	1
191	652	1
191	694	1
191	771	1
191	994	1
191	1000	1
191	1053	1
191	1107	1
191	1267	1
191	1301	1
191	1350	1
191	1384	1
191	1398	1
191	1483	1
191	1617	1
191	1620	1
191	1637	1
191	2075	1
191	2283	1
191	2297	1
191	2339	1
191	2738	1
191	2799	1
192	395	1
192	480	1
192	573	1
192	938	1
192	984	1
192	2484	1
192	2777	1
193	396	1
193	440	1
193	927	1
193	928	1
193	939	1
193	1938	1
193	2388	1
194	398	1
194	548	1
194	1667	1
194	1894	1
194	2675	1
195	401	1
195	625	1
195	664	1
195	730	1
195	807	1
195	948	1
195	1550	1
195	2198	1
195	2302	1
195	2365	1
195	2402	1
196	402	1
196	549	1
196	685	1
196	702	1
196	820	1
196	831	1
196	899	1
196	900	1
196	917	1
196	997	1
196	1012	1
196	1052	1
196	1090	1
196	1163	1
196	1341	1
196	1404	1
196	1459	1
196	1546	1
197	403	1
197	726	1
197	834	1
197	1015	1
197	2317	1
197	2413	1
197	2530	1
197	2628	1
198	404	1
198	1193	1
198	1234	1
198	1488	1
198	1701	1
198	2231	1
198	2752	1
198	1212	1
199	405	1
199	868	1
199	1334	1
199	1343	1
199	1579	1
199	2258	1
200	411	1
200	858	1
200	931	1
200	1333	1
200	1335	1
200	1357	1
201	412	1
201	435	1
201	621	1
201	977	1
201	980	1
201	1157	1
201	1159	1
201	1359	1
201	1593	1
201	1629	1
201	2804	1
201	2810	1
202	414	1
202	696	1
202	725	1
202	733	1
202	799	1
202	921	1
203	417	1
203	425	1
203	1113	1
203	1901	1
203	2024	1
203	2041	1
203	2659	1
204	417	1
204	558	1
204	1123	1
204	1624	1
204	1819	1
204	2168	1
205	421	1
205	1059	1
205	1304	1
205	1324	1
205	1334	1
205	2381	1
205	2684	1
205	2695	1
205	2773	1
206	422	1
206	425	1
206	1025	1
206	1133	1
206	1195	1
206	1311	1
206	1419	1
206	1823	1
206	2091	1
206	2395	1
207	424	1
207	584	1
207	928	1
207	1025	1
207	2089	1
207	2594	1
208	430	1
208	597	1
208	1057	1
208	1239	1
208	1399	1
208	1615	1
208	1656	1
209	431	1
209	878	1
209	991	1
209	1468	1
209	2608	1
210	435	1
210	552	1
210	564	1
210	1270	1
210	2718	1
210	744	1
210	2750	1
211	435	1
211	572	1
211	631	1
211	639	1
211	665	1
211	835	1
211	1174	1
211	1199	1
211	1253	1
211	1285	1
211	1292	1
211	1419	1
211	1430	1
211	1569	1
211	1676	1
211	1852	1
211	1966	1
211	2129	1
211	2580	1
211	2737	1
211	2740	1
212	435	1
212	765	1
212	1677	1
212	2111	1
212	2300	1
213	440	1
213	1431	1
213	1499	1
213	1977	1
213	2066	1
213	2673	1
213	2709	1
213	1472	1
214	442	1
214	1122	1
214	1472	1
214	1490	1
214	1785	1
214	1798	1
214	2464	1
215	443	1
215	569	1
215	629	1
215	902	1
215	948	1
215	1305	1
215	1353	1
215	1432	1
215	1434	1
215	1528	1
215	1537	1
215	2265	1
215	2454	1
216	443	1
216	1081	1
216	2184	1
216	2597	1
216	644	1
217	444	1
217	1098	1
217	1249	1
217	1330	1
217	1593	1
217	1729	1
217	2338	1
217	2400	1
217	2595	1
218	450	1
218	890	1
218	1396	1
218	1535	1
218	1659	1
218	2578	1
218	2587	1
219	454	1
219	598	1
219	903	1
219	933	1
219	1405	1
220	456	1
220	966	1
220	2387	1
220	2549	1
220	2800	1
221	459	1
221	648	1
221	1041	1
221	1915	1
221	1953	1
221	2020	1
221	2025	1
221	2108	1
221	2237	1
221	2677	1
222	461	1
222	634	1
222	693	1
222	795	1
222	866	1
222	1412	1
222	1553	1
222	1692	1
222	1703	1
222	1837	1
222	1886	1
223	471	1
223	810	1
223	832	1
223	1104	1
223	1341	1
223	1347	1
223	1369	1
223	1395	1
223	1625	1
223	1630	1
223	2158	1
223	2360	1
223	2376	1
223	2396	1
223	2537	1
223	2659	1
223	2768	1
224	480	1
224	1246	1
224	1845	1
224	2235	1
224	2621	1
224	2676	1
225	484	1
225	495	1
225	1424	1
225	1482	1
225	1522	1
225	1530	1
226	491	1
226	673	1
226	1880	1
226	2757	1
226	2766	1
227	508	1
227	915	1
227	1881	1
227	2391	1
227	2502	1
227	2557	1
227	2706	1
227	2707	1
227	2781	1
228	525	1
228	550	1
228	621	1
228	793	1
228	1204	1
229	530	1
229	568	1
229	575	1
229	580	1
229	606	1
229	616	1
229	717	1
229	722	1
229	1172	1
229	1280	1
229	1474	1
229	1473	1
229	1687	1
229	1686	1
230	531	1
230	558	1
230	657	1
230	1733	1
230	1833	1
230	2065	1
230	2353	1
230	2373	1
230	2448	1
231	542	1
231	889	1
231	1050	1
231	1466	1
231	1489	1
231	1748	1
231	2662	1
232	544	1
232	645	1
232	885	1
232	1351	1
232	1758	1
232	1939	1
232	2257	1
232	2499	1
232	2589	1
232	2691	1
232	2701	1
232	2708	1
233	549	1
233	1156	1
233	1532	1
233	2230	1
233	2348	1
234	548	1
234	843	1
234	1070	1
234	1631	1
234	2602	1
235	553	1
235	562	1
235	582	1
235	607	1
235	608	1
235	2647	1
236	558	1
236	765	1
236	1150	1
236	1286	1
236	1325	1
236	2529	1
236	2558	1
237	561	1
237	1028	1
237	1162	1
237	1496	1
237	1795	1
238	566	1
238	1298	1
238	1477	1
238	1541	1
238	1721	1
238	1723	1
238	1732	1
238	1750	1
238	1751	1
238	1906	1
239	574	1
239	1087	1
239	1415	1
239	2335	1
239	2350	1
240	581	1
240	777	1
240	1115	1
240	1287	1
240	2134	1
240	2319	1
240	2428	1
240	2596	1
240	2633	1
241	590	1
241	755	1
241	1828	1
241	1956	1
241	2345	1
242	591	1
242	758	1
242	958	1
242	1279	1
242	1400	1
242	2490	1
243	592	1
243	599	1
243	605	1
243	671	1
243	748	1
243	811	1
243	813	1
243	963	1
243	1021	1
243	1051	1
243	1052	1
243	1071	1
243	1072	1
243	1096	1
243	1120	1
243	1130	1
243	1370	1
243	1439	1
243	1543	1
243	1599	1
243	2542	1
244	602	1
244	734	1
244	1003	1
244	2322	1
244	2719	1
245	617	1
245	698	1
245	819	1
245	1022	1
245	1205	1
245	1437	1
245	1604	1
246	618	1
246	756	1
246	780	1
246	1312	1
246	2726	1
246	2763	1
247	623	1
247	814	1
247	827	1
247	1291	1
247	2553	1
248	626	1
248	1170	1
248	1200	1
248	1260	1
248	1457	1
248	1482	1
248	1661	1
248	1686	1
248	1699	1
248	1774	1
248	1799	1
248	1843	1
248	1908	1
248	2077	1
248	2094	1
248	2100	1
248	2101	1
248	2103	1
248	2161	1
248	2194	1
248	2222	1
248	2224	1
248	2248	1
248	2449	1
249	636	1
249	649	1
249	669	1
249	743	1
249	776	1
249	785	1
250	638	1
250	728	1
250	754	1
250	1149	1
250	1244	1
250	1261	1
250	1274	1
250	1518	1
250	1558	1
250	1664	1
250	1706	1
251	641	1
251	1407	1
251	1985	1
251	2165	1
251	2259	1
251	2285	1
251	2373	1
251	2382	1
251	2401	1
251	2450	1
251	2579	1
251	2598	1
251	2615	1
251	2621	1
251	2649	1
251	2659	1
252	655	1
252	1024	1
252	1371	1
252	1837	1
252	1876	1
252	2005	1
253	660	1
253	1086	1
253	1691	1
253	2191	1
253	2223	1
253	2268	1
254	676	1
254	1573	1
254	1836	1
254	1865	1
254	2328	1
254	2395	1
254	2484	1
254	2491	1
254	2606	1
254	2607	1
254	2767	1
255	683	1
255	1284	1
255	1344	1
255	1928	1
255	2083	1
255	2213	1
256	685	1
256	1020	1
256	1023	1
256	1140	1
256	2273	1
257	688	1
257	1082	1
257	1369	1
257	1392	1
257	1781	1
257	2439	1
257	2453	1
257	2506	1
258	690	1
258	1238	1
258	1242	1
258	1441	1
258	2068	1
258	2539	1
258	2699	1
258	600	1
258	2748	1
259	692	1
259	861	1
259	1446	1
259	1475	1
259	2692	1
260	708	1
260	818	1
260	833	1
260	855	1
260	1144	1
260	2523	1
261	709	1
261	884	1
261	1473	1
261	1833	1
261	1916	1
261	2020	1
262	711	1
262	802	1
262	2166	1
262	2374	1
262	2444	1
263	713	1
263	743	1
263	772	1
263	1112	1
263	1361	1
263	1917	1
264	716	1
264	753	1
264	2379	1
264	2475	1
264	2802	1
265	718	1
265	736	1
265	824	1
265	1082	1
265	1657	1
265	1823	1
265	2315	1
266	721	1
266	1692	1
266	1827	1
266	2104	1
266	2105	1
266	2169	1
266	2228	1
266	2270	1
267	723	1
267	730	1
267	752	1
267	1067	1
267	1068	1
267	1231	1
267	1743	1
268	742	1
268	1554	1
268	2617	1
268	2745	1
268	2754	1
268	2792	1
269	749	1
269	1138	1
269	1650	1
269	1935	1
269	2113	1
269	2124	1
269	2146	1
270	751	1
270	1381	1
270	1711	1
270	1804	1
270	2362	1
271	761	1
271	950	1
271	985	1
271	1088	1
271	1420	1
271	1424	1
271	2070	1
271	2344	1
272	763	1
272	894	1
272	906	1
272	1064	1
272	1127	1
272	1148	1
272	1296	1
272	1581	1
272	2205	1
272	2525	1
272	2742	1
273	764	1
273	1076	1
273	1080	1
273	1111	1
273	1135	1
273	1509	1
273	1989	1
273	2431	1
274	765	1
274	844	1
274	1995	1
274	2424	1
274	2660	1
275	769	1
275	947	1
275	1002	1
275	1058	1
275	2274	1
275	2629	1
275	2672	1
276	774	1
276	842	1
276	888	1
276	1403	1
276	1409	1
276	1502	1
276	1520	1
276	1600	1
276	1607	1
276	1805	1
276	1840	1
276	1957	1
276	2007	1
276	2012	1
276	2026	1
276	2027	1
276	2035	1
276	2039	1
276	2044	1
276	2046	1
276	2049	1
276	2047	1
276	2052	1
276	2538	1
277	779	1
277	1978	1
277	1987	1
277	2321	1
277	2528	1
278	783	1
278	860	1
278	1108	1
278	1407	1
278	1493	1
279	788	1
279	1855	1
279	2116	1
279	2609	1
279	2774	1
280	792	1
280	1433	1
280	1463	1
280	1785	1
280	1868	1
280	2181	1
280	2197	1
280	2251	1
280	2415	1
280	2429	1
280	2552	1
280	2555	1
280	2605	1
280	2638	1
280	2641	1
280	2651	1
280	2660	1
281	793	1
281	845	1
281	989	1
281	2620	1
281	2796	1
282	794	1
282	2143	1
282	2486	1
282	2494	1
282	2535	1
283	800	1
283	1712	1
283	1737	1
283	2291	1
283	2383	1
283	2474	1
283	2650	1
283	2733	1
284	804	1
284	852	1
284	989	1
284	1006	1
284	1293	1
284	1987	1
284	2106	1
285	818	1
285	1214	1
285	1259	1
285	1565	1
285	1640	1
285	1700	1
285	1764	1
285	1810	1
285	1963	1
285	2082	1
285	2125	1
285	2174	1
285	2196	1
285	2235	1
285	2398	1
285	2586	1
286	818	1
286	1591	1
286	1811	1
286	2524	1
286	2554	1
287	828	1
287	1453	1
287	1496	1
287	1519	1
287	1521	1
287	1565	1
287	2536	1
287	2780	1
288	830	1
288	1771	1
288	1816	1
288	1877	1
288	1984	1
288	2247	1
289	833	1
289	1025	1
289	1355	1
289	1603	1
289	1684	1
289	1784	1
289	2762	1
289	2769	1
290	857	1
290	2030	1
290	2033	1
290	2038	1
290	2469	1
291	862	1
291	1420	1
291	1703	1
291	1807	1
291	2047	1
291	2148	1
291	2240	1
291	2310	1
292	864	1
292	1168	1
292	1177	1
292	1371	1
292	1481	1
292	1895	1
293	871	1
293	874	1
293	1198	1
293	2721	1
293	2722	1
293	2723	1
294	875	1
294	880	1
294	993	1
294	1207	1
294	1223	1
295	878	1
295	906	1
295	1258	1
295	1781	1
295	1990	1
295	1994	1
295	2036	1
295	2166	1
295	2653	1
295	2710	1
295	2803	1
296	887	1
296	1255	1
296	1512	1
296	1514	1
296	1563	1
296	2531	1
296	2611	1
296	2632	1
296	2808	1
297	888	1
297	1838	1
297	2199	1
297	2426	1
297	236	1
298	958	1
298	1083	1
298	1233	1
298	1724	1
298	1800	1
298	1924	1
299	975	1
299	1369	1
299	1372	1
299	1523	1
299	1746	1
299	2727	1
300	976	1
300	1212	1
300	1234	1
300	1308	1
300	1557	1
300	1586	1
300	1794	1
300	1891	1
301	1021	1
301	1277	1
301	1377	1
301	1378	1
301	1383	1
301	1417	1
301	1423	1
301	1454	1
301	1504	1
301	1611	1
301	1618	1
301	1620	1
301	1635	1
301	1652	1
301	1662	1
301	1697	1
301	1704	1
301	1727	1
301	1754	1
301	1778	1
301	1783	1
301	1871	1
301	1874	1
301	1879	1
301	2307	1
302	1032	1
302	1321	1
302	1374	1
302	1663	1
302	1710	1
302	2211	1
302	2269	1
302	2517	1
303	1033	1
303	1036	1
303	1316	1
303	1578	1
303	2325	1
303	2369	1
303	2390	1
304	1082	1
304	1219	1
304	1496	1
304	1763	1
304	2293	1
304	2387	1
304	2434	1
305	1084	1
305	2437	1
305	2688	1
305	2729	1
305	2741	1
306	1087	1
306	1112	1
306	1133	1
306	1137	1
306	1178	1
306	1208	1
306	1271	1
306	1374	1
306	1526	1
306	1645	1
306	1730	1
306	1801	1
306	1914	1
306	2004	1
306	2008	1
306	2080	1
306	2139	1
306	2233	1
306	2335	1
306	2372	1
306	2696	1
306	2725	1
306	2760	1
306	2770	1
306	2782	1
306	2784	1
306	2789	1
307	1119	1
307	1227	1
307	1478	1
307	1553	1
307	1643	1
307	2078	1
307	2221	1
307	2232	1
307	2567	1
308	1121	1
308	1156	1
308	1988	1
308	2622	1
308	2623	1
308	2640	1
309	1135	1
309	1137	1
309	1883	1
309	2132	1
309	2626	1
310	1135	1
310	1510	1
310	1620	1
310	1839	1
310	2756	1
311	1139	1
311	1382	1
311	1515	1
311	1724	1
311	1973	1
311	2151	1
311	2234	1
311	2320	1
311	2637	1
311	2797	1
312	1142	1
312	1181	1
312	1182	1
312	1289	1
312	1391	1
312	1655	1
312	1768	1
312	1899	1
312	2666	1
313	1150	1
313	1418	1
313	1529	1
313	1538	1
313	1619	1
313	2276	1
314	1173	1
314	1780	1
314	1873	1
314	2109	1
314	2220	1
314	2290	1
314	2407	1
314	2547	1
314	2548	1
314	2569	1
315	1192	1
315	1918	1
315	2275	1
315	2323	1
315	2717	1
316	1236	1
316	1300	1
316	1307	1
316	1490	1
316	1609	1
317	1239	1
317	1426	1
317	1651	1
317	2123	1
317	2130	1
317	2379	1
317	2571	1
317	2575	1
318	1249	1
318	1527	1
318	1626	1
318	1726	1
318	1797	1
318	1861	1
318	1926	1
318	1927	1
318	1944	1
318	2013	1
318	2098	1
318	2099	1
318	2101	1
318	2102	1
318	2136	1
318	2153	1
318	2160	1
318	2195	1
318	2730	1
319	1281	1
319	2417	1
319	2466	1
319	2599	1
319	2644	1
319	2734	1
320	1328	1
320	1589	1
320	1775	1
320	1937	1
320	1996	1
320	2011	1
320	2138	1
320	2480	1
320	2736	1
320	2771	1
320	2772	1
320	2778	1
321	1360	1
321	1389	1
321	1595	1
321	1985	1
321	2272	1
321	2279	1
321	2579	1
322	1366	1
322	1601	1
322	1834	1
322	1998	1
322	2218	1
323	1387	1
323	1627	1
323	1651	1
323	1686	1
323	1710	1
323	1854	1
323	1933	1
323	2079	1
323	2123	1
323	2128	1
323	2136	1
323	2171	1
323	2187	1
323	2210	1
323	2224	1
323	2225	1
323	2261	1
323	2700	1
324	1464	1
324	1693	1
324	1740	1
324	1784	1
324	2669	1
325	1473	1
325	1817	1
325	1830	1
325	1901	1
325	2024	1
325	2336	1
325	2544	1
325	2798	1
325	2801	1
325	2816	1
326	1584	1
326	1896	1
326	1897	1
326	2012	1
326	2392	1
327	1673	1
327	1842	1
327	1923	1
327	2024	1
327	2245	1
327	2527	1
328	1703	1
328	1960	1
328	2289	1
328	2375	1
328	2520	1
328	2682	1
329	1734	1
329	1781	1
329	1947	1
329	2389	1
329	2601	1
330	1836	1
330	1904	1
330	2144	1
330	2498	1
330	2518	1
331	1849	1
331	2054	1
331	2059	1
331	2058	1
331	2495	1
331	2635	1
332	1929	1
332	2431	1
332	2438	1
332	2664	1
332	2746	1
333	2121	1
333	2163	1
333	2173	1
333	2188	1
333	2611	1
334	2521	1
334	2579	1
334	2614	1
334	2630	1
334	2171	1
