0	905	5.0
0	1729	5.0
0	3498	5.0
0	751	4.0
0	2244	4.0
0	2976	5.0
0	1349	5.0
0	0	3.0
0	398	5.0
0	3656	5.0
0	3859	5.0
0	1599	5.0
0	2363	5.0
0	48	5.0
1	4299	1.0
1	1116	5.0
1	1122	5.0
1	2232	4.0
2	902	5.0
2	904	5.0
2	533	5.0
2	2	3.0
2	2488	5.0
2	433	5.0
2	774	5.0
2	1593	5.0
3	829	5.0
3	3412	4.0
3	2317	4.0
3	1626	5.0
3	4146	4.0
3	2782	5.0
3	2018	2.0
3	1588	5.0
3	3040	5.0
3	1356	3.0
3	2338	5.0
3	3821	5.0
3	4165	5.0
3	2184	5.0
3	1917	5.0
3	3874	5.0
3	3171	5.0
3	1775	5.0
3	2972	5.0
3	628	5.0
3	2	2.0
3	3993	5.0
3	3671	4.0
3	1903	5.0
3	1963	4.0
3	4049	4.0
3	1914	4.0
3	863	5.0
3	601	5.0
3	2457	5.0
3	2856	4.0
3	1305	5.0
3	864	5.0
3	2748	3.0
3	1680	5.0
3	1922	5.0
3	2352	5.0
3	857	4.0
3	2275	5.0
3	3818	4.0
3	2767	5.0
3	2153	4.0
3	1127	4.0
3	3200	4.0
3	920	5.0
3	387	5.0
3	698	5.0
3	2873	4.0
3	3089	4.0
3	1563	4.0
3	1904	5.0
3	2572	5.0
3	4622	5.0
3	4027	4.0
4	2	1.0
4	3361	5.0
4	756	4.0
4	1145	5.0
4	3165	5.0
4	1524	2.0
4	258	1.0
4	29	5.0
4	4389	5.0
4	2770	5.0
4	919	5.0
4	505	3.0
4	3270	5.0
4	2589	4.0
5	2774	4.0
5	3397	5.0
5	3	5.0
5	4369	5.0
5	2656	4.0
5	2452	4.0
6	1233	3.0
6	1286	4.0
6	1394	5.0
6	866	3.0
6	636	3.0
6	1966	4.0
6	4	1.0
7	2747	5.0
7	4176	5.0
7	3958	5.0
7	4649	4.0
7	2047	5.0
8	1359	4.0
8	572	4.0
8	1923	4.0
8	359	5.0
8	964	4.0
8	1760	5.0
8	258	1.0
8	2775	5.0
8	1732	5.0
8	895	5.0
8	6	4.0
8	1713	4.0
8	972	4.0
8	3875	4.0
8	182	4.0
8	1060	5.0
8	1994	5.0
9	3414	5.0
9	3574	5.0
9	1049	5.0
9	4138	1.0
9	656	5.0
9	3408	5.0
9	3991	5.0
9	3155	5.0
9	1488	5.0
9	7	5.0
10	3184	5.0
10	36	2.0
10	219	2.0
10	782	2.0
10	300	4.0
10	58	5.0
10	780	2.0
10	15	5.0
10	9	4.0
10	33	1.0
10	61	1.0
10	104	1.0
10	2369	4.0
10	3455	5.0
10	45	1.0
10	2697	3.0
10	12	4.0
10	961	4.0
10	4204	5.0
10	622	4.0
10	3868	1.0
10	186	4.0
10	34	1.0
10	35	1.0
10	634	3.0
10	13	5.0
10	8	4.0
10	156	1.0
10	60	2.0
11	1704	5.0
11	3417	5.0
11	65	5.0
11	2779	5.0
11	2083	5.0
11	9	5.0
11	3296	5.0
11	3909	5.0
11	3264	4.0
11	1251	4.0
11	4687	5.0
11	618	4.0
11	3258	4.0
11	445	5.0
11	717	5.0
11	4319	5.0
11	4460	5.0
11	1191	5.0
11	4330	5.0
11	1222	5.0
11	4212	3.0
11	645	4.0
11	2849	5.0
12	46	4.0
12	4663	5.0
12	10	4.0
12	63	5.0
12	2425	4.0
12	603	5.0
12	2249	5.0
12	2527	5.0
12	2391	5.0
13	1711	5.0
13	17	3.0
13	10	4.0
13	24	5.0
14	410	4.0
14	75	4.0
14	4402	3.0
14	10	3.0
14	1940	5.0
14	4142	4.0
14	1836	4.0
14	1866	4.0
14	406	4.0
14	482	5.0
14	3264	4.0
14	16	2.0
14	636	3.0
14	11	4.0
14	3252	3.0
15	3255	5.0
15	1262	4.0
15	1781	5.0
15	2155	5.0
15	4554	5.0
15	2264	5.0
15	4739	5.0
15	1195	5.0
15	13	5.0
15	738	4.0
15	1260	5.0
15	575	4.0
15	83	5.0
15	4124	5.0
15	3329	5.0
15	927	4.0
15	1870	5.0
15	3090	5.0
15	2372	5.0
15	212	5.0
15	2981	4.0
15	888	4.0
15	1939	5.0
15	2573	5.0
15	2018	4.0
15	2498	5.0
15	1382	5.0
15	2708	5.0
15	132	5.0
15	2420	5.0
15	1942	5.0
15	4142	5.0
15	1016	4.0
15	1044	5.0
15	1883	5.0
15	49	5.0
15	263	4.0
15	967	5.0
15	191	4.0
15	1509	5.0
15	730	4.0
15	2304	5.0
15	727	5.0
15	257	5.0
15	4417	5.0
15	1356	5.0
15	1340	4.0
15	913	4.0
15	2629	5.0
15	1566	5.0
15	3135	5.0
15	2563	5.0
15	2864	4.0
15	2076	4.0
16	916	3.0
16	41	1.0
16	65	5.0
16	333	4.0
16	315	1.0
16	2584	5.0
16	66	4.0
16	218	3.0
17	936	2.0
17	2908	1.0
17	2837	5.0
17	615	4.0
17	2256	5.0
17	1396	4.0
17	13	5.0
17	3197	5.0
18	1723	5.0
18	13	3.0
18	4032	5.0
18	14	2.0
18	22	3.0
18	3778	5.0
18	905	5.0
18	45	5.0
18	42	3.0
18	2961	5.0
18	128	5.0
18	2685	5.0
18	17	4.0
19	3777	5.0
19	4195	5.0
19	14	4.0
19	486	3.0
19	1564	5.0
19	1630	5.0
20	4454	5.0
20	1758	4.0
20	16	5.0
20	4471	4.0
21	1132	5.0
21	1020	4.0
21	3366	5.0
21	801	5.0
21	75	5.0
21	3868	5.0
21	3161	5.0
21	175	5.0
21	1179	4.0
21	72	4.0
22	1464	1.0
22	1453	1.0
22	391	1.0
22	2541	4.0
22	205	1.0
22	18	1.0
22	1177	2.0
22	1465	1.0
23	1573	2.0
23	852	3.0
23	3074	4.0
23	19	1.0
23	543	4.0
23	3158	4.0
23	3691	4.0
23	269	1.0
23	80	3.0
23	1436	4.0
23	3852	1.0
23	283	5.0
23	1996	4.0
23	544	2.0
23	4089	2.0
23	2673	3.0
23	3640	2.0
23	2259	5.0
23	2795	2.0
24	1056	5.0
24	171	4.0
24	1160	5.0
24	272	5.0
24	20	5.0
24	2888	4.0
24	1375	5.0
25	3203	5.0
25	4466	5.0
25	2078	4.0
25	2134	5.0
25	3290	3.0
25	4470	5.0
25	2115	5.0
25	3489	3.0
25	21	4.0
26	337	5.0
26	23	5.0
26	1518	5.0
26	2656	5.0
27	307	5.0
27	1820	5.0
27	1070	5.0
27	25	5.0
27	44	5.0
27	2892	5.0
27	1752	5.0
27	1032	5.0
28	167	5.0
28	2362	5.0
28	4428	5.0
28	1047	5.0
28	26	5.0
28	2803	5.0
29	1722	5.0
29	3820	5.0
29	1780	5.0
29	4368	5.0
29	1421	5.0
29	3128	4.0
29	989	3.0
29	1109	5.0
29	3255	5.0
29	1165	5.0
29	27	2.0
29	1870	4.0
29	3579	5.0
29	1869	2.0
30	3207	5.0
30	899	1.0
30	2887	5.0
30	27	1.0
30	1291	5.0
30	4313	3.0
30	920	5.0
30	830	5.0
30	2739	4.0
30	1489	5.0
30	1793	5.0
30	1151	3.0
31	4398	5.0
31	261	5.0
31	3788	5.0
31	28	4.0
31	4349	5.0
32	3727	5.0
32	3094	5.0
32	1973	5.0
32	2806	5.0
32	4317	5.0
32	30	4.0
32	3833	5.0
32	2368	5.0
32	1144	4.0
32	2079	5.0
32	1982	4.0
33	211	1.0
33	1578	5.0
33	2970	2.0
33	654	3.0
33	1289	4.0
33	2203	3.0
33	2725	5.0
33	2722	5.0
33	2484	5.0
33	424	4.0
33	452	5.0
34	221	5.0
34	2046	5.0
34	666	5.0
34	3030	5.0
34	1585	5.0
34	1779	5.0
34	1807	5.0
34	103	5.0
34	1814	5.0
34	32	5.0
34	3256	5.0
34	1804	5.0
34	2550	5.0
34	4642	5.0
34	1608	5.0
34	1086	5.0
34	1505	5.0
34	43	3.0
34	4287	4.0
35	217	5.0
35	1161	5.0
35	34	5.0
35	1224	5.0
35	4174	5.0
35	462	5.0
35	1512	4.0
35	1297	5.0
35	581	4.0
35	1590	5.0
36	1443	4.0
36	1666	4.0
36	3116	5.0
36	3480	1.0
36	1659	1.0
36	3955	4.0
36	1230	1.0
36	4615	1.0
36	2262	1.0
36	3482	4.0
36	1319	4.0
36	4265	4.0
36	1444	1.0
36	1442	1.0
36	3566	3.0
36	2063	5.0
36	4381	4.0
36	2801	3.0
36	3370	4.0
36	2463	3.0
36	3860	1.0
36	4253	1.0
36	3879	4.0
36	4350	4.0
36	37	1.0
36	619	1.0
37	2901	4.0
37	3951	5.0
37	466	3.0
37	663	4.0
37	98	4.0
38	92	5.0
38	638	5.0
38	38	1.0
38	493	5.0
38	1226	5.0
38	1325	1.0
39	1999	4.0
39	3662	5.0
39	3854	5.0
39	39	1.0
40	2434	4.0
40	617	4.0
40	3809	4.0
40	3909	5.0
40	4222	3.0
40	2113	3.0
40	223	5.0
40	39	5.0
40	3893	4.0
40	1670	5.0
40	3385	5.0
40	117	5.0
40	1169	5.0
40	599	5.0
40	353	5.0
40	3399	4.0
40	48	5.0
40	3915	5.0
40	3878	5.0
40	134	5.0
40	4378	4.0
40	3923	5.0
40	3786	5.0
41	2272	4.0
41	2442	5.0
41	3315	2.0
41	2364	5.0
41	2514	4.0
41	112	5.0
41	54	5.0
41	948	5.0
41	93	4.0
41	40	5.0
41	2261	5.0
42	1155	5.0
42	4142	5.0
42	47	5.0
42	677	4.0
43	2877	4.0
43	1222	4.0
43	4684	4.0
43	860	5.0
43	4459	4.0
43	1749	4.0
43	3741	4.0
43	50	4.0
43	3599	4.0
44	51	5.0
44	3575	5.0
44	1141	5.0
44	3950	5.0
44	2101	5.0
44	4034	2.0
45	3255	4.0
45	2877	5.0
45	3154	5.0
45	2224	5.0
45	549	5.0
45	2183	5.0
45	289	4.0
45	2570	5.0
45	1799	4.0
45	3622	2.0
45	114	5.0
45	553	4.0
45	506	4.0
45	4018	5.0
45	703	4.0
45	1432	5.0
45	4161	5.0
45	1683	4.0
45	706	4.0
45	1134	3.0
45	1497	5.0
45	292	5.0
45	3372	3.0
45	293	4.0
45	1119	5.0
45	4312	5.0
45	824	2.0
45	1208	4.0
45	1686	5.0
45	52	5.0
45	4262	5.0
45	4412	5.0
45	3991	5.0
45	3599	1.0
45	2567	5.0
46	2484	5.0
46	4417	5.0
46	1954	5.0
46	2857	4.0
46	1100	4.0
46	4142	5.0
46	3358	5.0
46	3379	2.0
46	2859	5.0
46	3409	5.0
46	3364	5.0
46	2174	5.0
46	3669	5.0
46	4143	3.0
46	1221	5.0
46	53	5.0
46	2245	5.0
46	2264	5.0
46	714	5.0
46	557	2.0
46	3731	4.0
46	3392	5.0
46	1497	5.0
46	1123	3.0
46	3357	5.0
46	426	5.0
46	4277	5.0
46	2611	5.0
46	556	5.0
46	717	5.0
46	2076	5.0
46	2727	5.0
46	4093	5.0
46	2595	4.0
46	3375	5.0
46	3831	5.0
46	4737	5.0
46	4707	5.0
46	3382	4.0
46	3366	5.0
46	428	5.0
46	872	5.0
46	326	5.0
46	259	4.0
46	3708	5.0
46	4190	4.0
46	2583	5.0
47	651	4.0
47	4756	4.0
47	53	4.0
47	2348	4.0
47	4685	4.0
47	2168	4.0
47	1497	5.0
47	3132	3.0
47	3253	4.0
47	2389	4.0
47	2859	4.0
47	2370	4.0
47	761	3.0
47	2245	5.0
47	2794	4.0
47	3497	4.0
47	3178	5.0
48	1865	4.0
48	4046	4.0
48	3868	5.0
48	1929	5.0
48	3685	3.0
48	4076	5.0
48	2189	5.0
48	1749	5.0
48	4034	5.0
48	3468	5.0
48	585	4.0
48	2545	5.0
48	3170	5.0
48	4025	4.0
48	1750	5.0
48	1115	4.0
48	54	5.0
48	4187	4.0
48	245	5.0
48	3653	5.0
48	637	5.0
48	1751	5.0
49	55	2.0
49	1386	5.0
49	62	5.0
49	1021	3.0
49	308	4.0
49	1389	3.0
49	781	5.0
50	1364	3.0
50	140	5.0
50	56	5.0
50	604	3.0
50	967	4.0
50	1352	5.0
51	560	5.0
51	57	4.0
51	1730	5.0
51	480	5.0
52	479	3.0
52	57	4.0
52	362	4.0
52	961	5.0
52	4050	5.0
53	450	4.0
53	59	5.0
53	3123	4.0
53	281	5.0
54	2291	5.0
54	1486	5.0
54	206	5.0
54	1208	5.0
54	1084	5.0
54	1410	5.0
54	2885	5.0
54	64	5.0
54	1892	5.0
54	931	5.0
54	2125	5.0
54	915	5.0
54	539	5.0
54	1759	5.0
54	1516	5.0
54	92	5.0
54	1722	5.0
54	4524	5.0
54	2355	5.0
55	67	5.0
55	1218	5.0
55	115	1.0
55	1814	5.0
55	3608	5.0
55	4487	5.0
55	1661	5.0
55	241	5.0
55	260	5.0
55	153	5.0
55	192	5.0
55	4488	5.0
55	2534	5.0
55	1805	5.0
55	187	5.0
55	137	5.0
55	389	5.0
55	1313	5.0
56	1746	4.0
56	68	5.0
56	3187	5.0
56	1637	4.0
56	77	4.0
56	508	4.0
56	3085	5.0
56	244	5.0
56	809	5.0
56	121	5.0
56	1977	4.0
56	4433	4.0
56	415	4.0
56	247	5.0
56	2773	5.0
57	4045	5.0
57	3031	4.0
57	4271	4.0
57	70	2.0
58	2369	5.0
58	215	5.0
58	70	5.0
58	214	5.0
58	4551	5.0
58	4746	5.0
58	4073	5.0
58	4752	5.0
58	3455	5.0
58	117	5.0
58	394	5.0
58	4704	5.0
59	122	3.0
59	2423	3.0
59	3824	4.0
59	136	4.0
59	3179	4.0
59	783	3.0
59	1538	3.0
59	2154	4.0
59	685	4.0
59	3936	4.0
59	2050	4.0
59	3672	4.0
59	71	4.0
59	3703	4.0
60	151	4.0
60	4456	5.0
60	260	4.0
60	2470	5.0
61	437	3.0
61	1102	5.0
61	2737	1.0
61	74	5.0
62	4492	4.0
62	1112	3.0
62	970	5.0
62	1312	5.0
62	76	4.0
62	1074	4.0
63	2286	3.0
63	1117	5.0
63	2316	5.0
63	1778	4.0
63	834	5.0
63	3197	5.0
63	522	3.0
63	621	5.0
63	1649	5.0
63	4001	3.0
63	2052	1.0
63	1343	3.0
63	3317	5.0
63	4362	5.0
63	78	5.0
63	1789	5.0
64	1597	4.0
64	3639	5.0
64	1158	5.0
64	4172	5.0
64	78	5.0
64	1610	4.0
64	992	3.0
64	1384	5.0
65	79	5.0
65	3885	5.0
65	798	5.0
65	165	5.0
65	3863	5.0
65	4461	5.0
65	3984	1.0
65	3779	5.0
65	3629	2.0
65	3187	1.0
65	4112	1.0
65	3489	5.0
66	3049	4.0
66	2484	4.0
66	3745	4.0
66	1983	4.0
66	846	4.0
66	80	4.0
66	1856	4.0
66	3935	4.0
66	2689	4.0
66	1930	4.0
67	81	5.0
67	4641	3.0
67	700	4.0
67	2658	1.0
68	2264	5.0
68	787	5.0
68	1024	4.0
68	2105	4.0
68	3651	4.0
68	522	5.0
68	2894	5.0
68	2611	5.0
68	2057	5.0
68	1930	4.0
68	500	5.0
68	82	5.0
68	3339	4.0
68	3721	5.0
68	2832	5.0
68	1482	4.0
69	779	3.0
69	83	5.0
69	754	2.0
69	4557	5.0
69	3559	1.0
70	367	4.0
70	141	4.0
70	84	4.0
70	262	4.0
70	1717	5.0
70	186	5.0
70	360	5.0
71	1602	5.0
71	771	4.0
71	992	5.0
71	3354	4.0
71	2277	5.0
71	2355	5.0
71	770	3.0
71	1604	3.0
71	4393	5.0
71	1451	5.0
71	1952	5.0
71	1187	5.0
71	626	5.0
71	3157	5.0
71	1007	4.0
71	872	5.0
71	1496	5.0
71	2825	4.0
71	1888	4.0
71	2886	5.0
71	2168	5.0
71	2595	5.0
71	864	5.0
71	2800	5.0
71	2312	5.0
71	2724	5.0
71	85	5.0
71	2743	4.0
71	3500	4.0
71	3807	3.0
71	730	5.0
71	1495	5.0
71	1340	5.0
71	361	2.0
71	1308	5.0
71	1948	5.0
71	920	5.0
71	3220	5.0
71	168	5.0
71	1240	5.0
71	2839	5.0
71	1386	4.0
71	2228	4.0
71	4622	5.0
71	1012	4.0
71	2420	5.0
71	927	5.0
71	1324	5.0
71	3231	4.0
71	3011	5.0
71	918	5.0
71	888	5.0
71	1494	5.0
71	96	3.0
71	575	5.0
71	2153	5.0
71	1591	5.0
71	219	5.0
71	1044	4.0
71	111	4.0
71	426	5.0
71	1211	5.0
71	2436	4.0
71	4132	5.0
71	833	4.0
71	439	5.0
71	109	3.0
71	1188	5.0
71	2978	5.0
71	1199	5.0
72	3847	5.0
72	792	5.0
72	1223	3.0
72	1826	5.0
72	1553	5.0
72	3621	5.0
72	1685	5.0
72	2402	3.0
72	380	4.0
72	4639	5.0
72	920	5.0
72	2656	5.0
72	86	5.0
72	2485	5.0
72	4429	5.0
72	801	2.0
72	178	5.0
72	429	5.0
72	2403	5.0
73	203	5.0
73	584	5.0
73	4484	5.0
73	124	5.0
73	195	3.0
74	705	3.0
74	724	5.0
74	3517	4.0
74	704	3.0
74	912	4.0
74	1189	5.0
74	321	3.0
74	682	5.0
74	3302	5.0
74	388	5.0
74	280	5.0
74	2637	5.0
74	87	5.0
74	288	3.0
74	924	5.0
75	785	5.0
75	1272	5.0
75	87	5.0
75	2501	5.0
76	1676	5.0
76	1777	5.0
76	2636	5.0
76	3114	5.0
76	856	5.0
76	1579	5.0
76	3185	4.0
76	495	5.0
76	231	5.0
76	2418	5.0
76	4163	5.0
76	988	5.0
76	1734	5.0
76	3298	5.0
76	981	5.0
76	1113	5.0
76	1990	5.0
76	1960	5.0
76	383	5.0
76	828	5.0
76	3327	3.0
76	3740	5.0
76	2309	5.0
76	3577	5.0
76	2587	3.0
76	3429	4.0
76	3495	4.0
76	1827	5.0
76	3111	5.0
76	1669	5.0
76	3503	5.0
76	311	5.0
76	3910	5.0
76	3894	5.0
76	338	5.0
76	598	5.0
76	1673	5.0
76	2778	5.0
76	3445	5.0
76	1991	5.0
76	1376	5.0
76	1351	5.0
76	4413	5.0
76	3675	5.0
76	3411	5.0
76	884	5.0
76	484	5.0
76	570	5.0
76	1962	5.0
76	249	5.0
76	402	5.0
76	1709	5.0
76	595	5.0
76	2649	5.0
76	1034	5.0
76	701	5.0
76	1262	5.0
76	1942	5.0
76	3241	5.0
76	2977	5.0
76	1623	5.0
76	2007	5.0
76	1327	5.0
76	2512	5.0
76	1260	5.0
76	3260	5.0
76	2798	5.0
76	89	1.0
76	2610	4.0
76	1312	5.0
76	1405	5.0
76	3459	5.0
76	88	4.0
76	1720	5.0
76	2678	5.0
76	3440	5.0
76	982	5.0
76	274	5.0
76	4415	4.0
76	1270	5.0
76	1391	5.0
76	1855	5.0
76	4457	3.0
76	1493	5.0
76	1622	5.0
76	4064	5.0
76	942	5.0
76	1824	5.0
77	3549	5.0
77	1605	5.0
77	2178	3.0
77	1650	4.0
77	2938	1.0
77	2350	3.0
77	960	5.0
77	740	1.0
77	1992	5.0
77	384	5.0
77	930	5.0
77	1234	3.0
77	1483	5.0
77	803	4.0
77	309	4.0
77	392	5.0
77	1520	5.0
77	726	5.0
77	1326	5.0
77	4309	1.0
77	4405	5.0
77	89	5.0
77	1348	5.0
77	881	3.0
77	1118	5.0
77	478	4.0
77	4311	2.0
78	907	4.0
78	1279	5.0
78	2120	3.0
78	2380	4.0
78	327	3.0
78	569	3.0
78	90	4.0
78	589	4.0
78	605	3.0
78	4603	5.0
78	1281	4.0
78	1232	5.0
78	341	3.0
79	2858	3.0
79	1961	4.0
79	331	4.0
79	835	4.0
79	90	3.0
79	539	3.0
80	91	5.0
80	2867	1.0
80	1574	5.0
80	1144	5.0
81	427	5.0
81	732	5.0
81	977	5.0
81	1006	5.0
81	1709	5.0
81	92	5.0
81	199	5.0
82	3686	5.0
82	3969	5.0
82	639	5.0
82	837	5.0
82	665	4.0
82	1741	5.0
82	1568	5.0
82	3975	5.0
82	4086	5.0
82	1770	5.0
82	3913	5.0
82	144	4.0
82	875	5.0
82	4354	5.0
82	2332	5.0
82	904	5.0
82	4165	5.0
82	2305	4.0
82	94	4.0
82	3926	4.0
82	780	4.0
82	2980	4.0
82	3314	5.0
82	2217	5.0
82	1639	5.0
82	3426	5.0
82	463	5.0
82	4006	5.0
82	3718	5.0
82	488	5.0
82	4378	4.0
82	2454	5.0
82	2912	5.0
82	526	5.0
82	870	4.0
83	4144	5.0
83	756	5.0
83	381	5.0
83	4159	5.0
83	826	5.0
83	95	5.0
83	610	5.0
83	1525	4.0
83	3635	5.0
84	4471	5.0
84	4092	3.0
84	97	4.0
84	4723	4.0
85	465	5.0
85	4542	5.0
85	3651	5.0
85	99	2.0
85	3901	5.0
86	4758	4.0
86	4139	4.0
86	100	5.0
86	4177	5.0
86	3668	5.0
86	3529	4.0
86	4238	5.0
86	2900	5.0
86	4280	5.0
87	100	5.0
87	1935	5.0
87	434	3.0
87	369	4.0
87	414	1.0
87	1070	5.0
88	3108	5.0
88	3137	5.0
88	4593	5.0
88	2839	5.0
89	2315	4.0
89	3516	4.0
89	2676	5.0
89	101	5.0
90	1083	5.0
90	3627	5.0
90	555	5.0
90	2967	3.0
90	101	5.0
90	114	5.0
90	522	5.0
90	3263	2.0
90	255	4.0
90	2718	1.0
90	3948	5.0
91	2293	5.0
91	1514	5.0
91	2919	5.0
91	1469	5.0
91	1079	5.0
91	2289	5.0
91	1559	5.0
91	2044	5.0
91	1666	5.0
91	743	5.0
91	1595	5.0
91	2550	5.0
91	693	5.0
91	931	5.0
91	996	5.0
91	1819	5.0
91	564	5.0
91	1560	5.0
91	1317	5.0
91	101	5.0
91	1396	5.0
92	1445	4.0
92	1555	4.0
92	2443	5.0
92	2392	3.0
92	2592	4.0
92	1440	5.0
92	1171	1.0
92	2606	5.0
92	1559	4.0
93	938	5.0
93	102	5.0
93	418	5.0
93	474	5.0
94	466	5.0
94	105	2.0
94	799	4.0
94	616	5.0
94	552	5.0
94	716	5.0
95	560	5.0
95	466	5.0
95	106	1.0
95	528	1.0
95	347	2.0
95	2783	5.0
95	234	3.0
95	2036	5.0
96	107	1.0
96	2197	5.0
96	2195	1.0
96	2008	1.0
96	1787	1.0
96	1243	5.0
97	395	3.0
97	529	4.0
97	1863	5.0
97	1675	5.0
97	312	5.0
97	146	2.0
97	396	5.0
97	108	5.0
97	1147	4.0
97	2400	5.0
97	734	5.0
97	286	3.0
97	1367	5.0
97	592	5.0
98	2129	5.0
98	4564	5.0
98	2130	5.0
98	109	5.0
98	4423	5.0
98	4122	5.0
98	475	5.0
98	1002	5.0
99	766	5.0
99	109	3.0
99	287	3.0
99	891	5.0
99	2353	5.0
99	3701	5.0
100	109	5.0
100	709	3.0
100	4553	5.0
100	4549	5.0
101	409	5.0
101	722	5.0
101	4535	5.0
101	4481	5.0
101	109	5.0
101	1435	5.0
102	920	5.0
102	3105	2.0
102	3194	1.0
102	524	5.0
102	2830	1.0
102	3568	4.0
102	2485	5.0
102	235	1.0
102	4498	1.0
102	756	5.0
102	1022	5.0
102	155	3.0
102	3172	5.0
102	2753	5.0
102	451	5.0
102	343	1.0
102	2622	1.0
102	958	5.0
102	1621	5.0
102	163	5.0
102	386	5.0
102	285	1.0
102	3199	5.0
102	3190	1.0
102	109	4.0
102	297	5.0
102	2362	5.0
102	202	5.0
102	2329	5.0
102	425	4.0
102	1703	1.0
103	4119	5.0
103	2214	5.0
103	109	3.0
103	125	5.0
103	4580	4.0
103	4036	5.0
104	248	5.0
104	1693	5.0
104	109	5.0
104	677	5.0
105	606	5.0
105	1648	5.0
105	1023	5.0
105	109	5.0
106	3087	5.0
106	2710	5.0
106	398	5.0
106	3695	5.0
107	223	5.0
107	3257	5.0
107	1829	5.0
107	4446	5.0
107	513	3.0
107	3446	5.0
107	571	4.0
107	109	5.0
108	4057	4.0
108	2087	5.0
108	2070	5.0
108	2061	4.0
108	109	4.0
109	920	5.0
109	2484	3.0
109	3155	5.0
109	109	3.0
109	2513	4.0
109	136	5.0
110	3101	4.0
110	886	5.0
110	2013	3.0
110	4308	5.0
111	2266	5.0
111	2565	5.0
111	2055	5.0
111	1952	5.0
111	4645	5.0
111	1064	5.0
111	2159	5.0
111	1921	5.0
111	109	5.0
111	534	3.0
111	1062	5.0
112	126	5.0
112	109	5.0
112	3983	5.0
112	121	5.0
113	646	3.0
113	691	3.0
113	2002	3.0
113	934	4.0
113	2797	5.0
114	1468	5.0
114	830	5.0
114	580	5.0
114	109	5.0
114	2837	5.0
114	2948	5.0
114	766	5.0
115	3464	5.0
115	1503	4.0
115	2643	5.0
115	4335	5.0
116	556	5.0
116	832	4.0
116	2251	5.0
116	2429	4.0
117	1040	5.0
117	875	5.0
117	4418	5.0
117	2028	3.0
117	4478	5.0
117	3783	5.0
117	2250	5.0
117	2718	5.0
117	905	5.0
117	2852	5.0
117	114	5.0
117	3899	5.0
117	2484	5.0
118	116	5.0
118	3052	5.0
118	3026	5.0
118	2693	5.0
118	1141	5.0
118	3822	5.0
118	1222	5.0
119	2453	5.0
119	119	5.0
119	2025	4.0
119	830	5.0
119	1059	5.0
119	4559	3.0
119	859	5.0
119	4565	4.0
119	1613	4.0
120	1771	4.0
120	2330	5.0
120	4601	4.0
120	697	3.0
120	4749	4.0
120	3981	4.0
120	120	3.0
120	877	4.0
120	2086	4.0
121	252	3.0
121	1508	4.0
121	4172	4.0
121	1510	4.0
121	2874	4.0
121	123	5.0
121	904	4.0
121	1898	4.0
122	4359	5.0
122	3272	5.0
122	4263	5.0
122	4169	5.0
122	368	4.0
123	3646	4.0
123	4329	5.0
123	2478	5.0
123	520	4.0
123	4066	1.0
123	4519	4.0
123	130	2.0
124	1290	1.0
124	131	5.0
124	2237	5.0
124	3838	5.0
124	1143	1.0
124	2114	2.0
124	600	5.0
124	2263	5.0
124	1201	5.0
124	1142	2.0
124	154	5.0
125	3703	5.0
125	4401	5.0
125	1318	4.0
125	4366	5.0
125	848	5.0
125	132	5.0
126	133	1.0
126	546	5.0
126	2108	5.0
126	579	5.0
127	2440	5.0
127	3584	5.0
127	4340	5.0
127	135	5.0
127	4741	2.0
128	18	5.0
128	565	5.0
128	322	5.0
128	635	5.0
129	885	5.0
129	1426	5.0
129	2821	5.0
129	1641	5.0
129	633	3.0
129	138	3.0
130	3081	5.0
130	4317	5.0
130	1696	4.0
130	3833	3.0
130	3819	5.0
130	3853	3.0
130	3416	5.0
130	1998	5.0
130	138	3.0
130	3649	5.0
130	3800	5.0
130	4007	5.0
130	1385	5.0
130	4070	5.0
130	3973	5.0
130	3583	5.0
130	3612	5.0
130	3072	5.0
130	1585	5.0
130	2005	5.0
130	1507	5.0
130	4005	5.0
130	3872	2.0
130	3802	4.0
130	4223	5.0
130	3325	5.0
130	4044	5.0
130	1757	3.0
130	2582	5.0
130	2923	2.0
130	3801	3.0
130	2226	1.0
130	3016	5.0
130	1671	5.0
130	1773	3.0
131	1341	5.0
131	176	1.0
131	2942	1.0
131	2370	5.0
131	2908	1.0
131	4266	5.0
131	137	4.0
131	979	4.0
132	796	5.0
132	868	1.0
132	244	5.0
132	2241	5.0
132	137	5.0
132	2253	5.0
133	155	5.0
133	546	5.0
133	657	5.0
133	271	5.0
133	139	5.0
133	447	5.0
133	260	5.0
134	278	4.0
134	4515	3.0
134	1955	4.0
134	312	4.0
134	3890	3.0
135	3902	5.0
135	143	5.0
135	236	5.0
135	2538	5.0
135	967	5.0
135	2145	5.0
135	1880	5.0
136	314	5.0
136	398	5.0
136	3002	5.0
136	1839	5.0
136	143	5.0
136	2446	5.0
136	1092	5.0
137	145	5.0
137	2431	5.0
137	3342	5.0
137	2942	5.0
138	1350	4.0
138	3628	1.0
138	2821	5.0
138	1719	4.0
138	861	4.0
139	398	5.0
139	3147	5.0
139	1927	5.0
139	4168	5.0
139	4703	2.0
140	3657	5.0
140	149	5.0
140	905	5.0
140	3848	5.0
141	3422	5.0
141	3242	5.0
141	2737	5.0
141	3742	4.0
141	3044	5.0
141	3746	5.0
141	2674	5.0
141	3301	3.0
141	3607	5.0
141	3596	5.0
141	3982	4.0
141	3355	5.0
141	2883	5.0
141	2953	5.0
141	2564	5.0
141	1340	5.0
141	2305	5.0
141	4091	5.0
141	3113	5.0
141	3135	5.0
141	3905	4.0
141	3536	5.0
141	3492	2.0
141	4103	5.0
141	2743	3.0
141	3926	4.0
141	1581	5.0
141	3430	5.0
141	2668	5.0
141	3709	5.0
141	3281	5.0
141	3244	5.0
141	2211	5.0
141	3663	5.0
141	2554	3.0
141	3730	4.0
141	3102	5.0
141	149	5.0
141	2731	5.0
141	3830	5.0
141	2491	5.0
141	3099	5.0
141	3001	4.0
141	3850	4.0
141	3413	5.0
141	2808	5.0
141	4686	5.0
141	2932	5.0
141	3279	4.0
141	2623	5.0
141	2705	4.0
141	3650	5.0
141	3845	5.0
141	2843	5.0
141	2575	5.0
141	4105	5.0
141	3705	5.0
141	2177	4.0
141	239	5.0
141	3093	5.0
141	3964	3.0
141	3146	5.0
141	3652	5.0
141	3060	4.0
141	2979	3.0
142	149	5.0
142	213	5.0
142	220	3.0
142	911	5.0
142	388	5.0
142	216	5.0
143	457	5.0
143	160	5.0
143	1449	5.0
143	820	5.0
143	150	4.0
143	159	4.0
143	776	3.0
144	2122	5.0
144	709	5.0
144	3858	5.0
144	3785	5.0
144	2389	5.0
144	2532	5.0
144	152	5.0
144	3555	5.0
144	191	5.0
145	3297	5.0
145	3316	5.0
145	1259	5.0
145	577	5.0
145	2477	5.0
145	2032	5.0
145	4662	4.0
145	2480	2.0
145	2363	5.0
145	154	5.0
145	4346	5.0
146	4276	5.0
146	4612	5.0
146	3917	5.0
146	154	5.0
147	1582	5.0
147	1401	5.0
147	157	5.0
147	4495	5.0
147	1402	5.0
147	4570	5.0
147	1000	5.0
147	4520	5.0
148	892	5.0
148	393	5.0
148	504	4.0
148	160	5.0
149	1929	2.0
149	1930	2.0
149	2904	3.0
149	161	5.0
150	1757	5.0
150	4216	2.0
150	162	5.0
150	4111	3.0
150	1807	1.0
150	2074	2.0
150	2194	5.0
150	426	3.0
151	530	5.0
151	2860	5.0
151	212	3.0
151	162	5.0
151	4297	5.0
151	2001	5.0
151	3711	5.0
151	677	5.0
152	348	2.0
152	576	3.0
152	164	2.0
152	3410	4.0
152	3462	2.0
153	2474	5.0
153	166	5.0
153	1079	5.0
153	2102	2.0
153	1089	5.0
153	1802	5.0
153	1693	5.0
153	680	5.0
153	1749	5.0
153	2899	5.0
154	471	5.0
154	4055	5.0
154	226	5.0
154	228	4.0
154	166	3.0
154	1338	4.0
155	168	3.0
155	1354	1.0
155	2697	5.0
155	3810	4.0
155	2801	1.0
155	1751	5.0
155	2180	1.0
155	386	5.0
155	670	5.0
155	1784	5.0
155	1930	5.0
156	3033	4.0
156	479	1.0
156	786	1.0
156	2484	3.0
157	3243	1.0
157	3949	5.0
157	2062	4.0
157	1120	4.0
157	3149	4.0
157	3303	5.0
157	3955	5.0
157	3759	5.0
157	284	5.0
157	1206	3.0
157	350	3.0
157	953	1.0
157	169	3.0
157	1909	4.0
157	354	1.0
158	2068	4.0
158	224	4.0
158	2552	4.0
158	2805	2.0
158	3895	5.0
158	2499	4.0
158	733	5.0
158	3452	4.0
158	2549	4.0
159	2090	4.0
159	2368	5.0
159	2001	5.0
159	4043	5.0
159	3424	4.0
159	189	4.0
159	3774	5.0
159	171	3.0
159	3155	5.0
159	1443	4.0
159	268	5.0
159	1755	5.0
160	836	4.0
160	1219	5.0
160	172	1.0
160	1227	5.0
161	923	5.0
161	620	5.0
161	4360	5.0
161	173	4.0
161	850	5.0
161	1646	5.0
161	1264	4.0
161	4272	5.0
162	2574	5.0
162	3083	3.0
162	2209	4.0
162	1450	3.0
162	1477	5.0
162	173	5.0
163	2947	5.0
163	3255	5.0
163	4034	5.0
163	2603	5.0
163	2615	4.0
163	1278	5.0
163	3052	2.0
163	1814	4.0
163	2624	5.0
164	177	5.0
164	267	5.0
164	1806	5.0
164	1837	5.0
164	1808	5.0
164	2424	3.0
164	2407	5.0
164	1879	5.0
165	179	4.0
165	3765	5.0
165	3530	5.0
165	3502	5.0
166	184	4.0
166	1848	5.0
166	430	5.0
166	180	5.0
167	1352	5.0
167	969	5.0
167	2365	5.0
167	1907	5.0
167	3757	2.0
167	2066	5.0
167	3786	3.0
167	316	5.0
167	3351	5.0
168	2242	5.0
168	3285	5.0
168	358	5.0
168	3444	3.0
168	3461	2.0
168	3538	5.0
168	183	5.0
168	516	5.0
169	1983	5.0
169	1106	5.0
169	185	5.0
169	1089	5.0
169	2105	5.0
169	1930	5.0
169	4717	5.0
170	3043	4.0
170	3306	4.0
170	1424	5.0
170	3614	1.0
170	683	5.0
170	916	4.0
170	3563	5.0
170	2221	3.0
170	187	5.0
170	3248	4.0
170	1895	3.0
170	1673	5.0
171	188	5.0
171	2988	4.0
171	2902	4.0
171	677	4.0
172	558	4.0
172	2380	4.0
172	189	4.0
172	3761	3.0
172	2080	4.0
172	2181	4.0
172	3772	4.0
172	2344	3.0
173	1760	4.0
173	1457	5.0
173	4724	3.0
173	190	5.0
173	2593	3.0
173	3779	3.0
173	2602	5.0
173	2836	5.0
173	375	4.0
173	3776	5.0
173	3441	2.0
173	276	3.0
173	1207	5.0
173	2297	1.0
173	2515	3.0
173	408	5.0
173	365	5.0
173	2861	1.0
173	3787	5.0
173	4416	5.0
173	3488	5.0
173	4197	3.0
173	3768	3.0
173	3889	5.0
173	1758	3.0
173	3866	5.0
174	4681	5.0
174	1400	5.0
174	193	5.0
174	4503	5.0
174	1913	5.0
174	842	5.0
175	4385	5.0
175	4373	5.0
175	914	2.0
175	4066	5.0
175	192	5.0
175	1952	5.0
175	2823	5.0
175	860	4.0
176	194	5.0
176	195	5.0
176	2722	5.0
176	3992	4.0
176	2138	5.0
176	1502	4.0
177	222	3.0
177	1812	3.0
177	1884	4.0
177	196	2.0
178	303	4.0
178	2014	3.0
178	2903	5.0
178	1701	2.0
178	1383	5.0
178	2100	5.0
179	573	5.0
179	625	5.0
179	198	4.0
179	3753	5.0
179	676	3.0
179	1028	5.0
180	1131	5.0
180	2216	5.0
180	755	1.0
180	200	5.0
180	345	5.0
180	302	5.0
181	201	5.0
181	1145	5.0
181	1070	5.0
181	1722	5.0
181	4537	5.0
182	2438	5.0
182	545	3.0
182	896	4.0
182	1088	4.0
182	870	3.0
182	1492	3.0
182	4173	3.0
182	1215	4.0
182	1167	2.0
182	4141	5.0
182	525	5.0
182	204	5.0
182	1502	4.0
182	1950	4.0
182	4600	4.0
182	438	5.0
183	208	5.0
183	637	3.0
183	2517	3.0
183	425	5.0
183	3159	3.0
183	1893	5.0
183	2984	3.0
183	1337	5.0
184	209	5.0
184	2029	4.0
184	2470	4.0
184	1614	5.0
184	679	5.0
184	845	4.0
184	1865	5.0
184	1693	3.0
184	3048	5.0
185	232	5.0
185	911	5.0
185	2362	5.0
185	3911	5.0
185	353	5.0
185	2484	5.0
185	210	4.0
185	2557	1.0
185	809	4.0
185	690	5.0
185	623	5.0
186	211	4.0
186	425	4.0
186	440	5.0
186	1575	3.0
186	955	3.0
186	917	5.0
187	3276	5.0
187	3186	5.0
187	3629	5.0
187	2558	4.0
187	3123	5.0
187	3508	3.0
187	212	5.0
187	3240	5.0
187	3043	5.0
187	323	4.0
187	3570	4.0
187	330	4.0
187	3134	5.0
187	3012	5.0
187	3222	5.0
187	3465	5.0
187	3509	4.0
187	3488	4.0
187	1567	1.0
187	3119	4.0
187	1154	5.0
187	2886	4.0
187	4244	4.0
187	3278	4.0
187	3244	5.0
187	3050	4.0
187	4700	5.0
187	1670	5.0
187	3814	5.0
187	274	5.0
187	3815	5.0
187	3427	5.0
188	553	5.0
188	952	5.0
188	215	5.0
188	3142	5.0
188	728	4.0
188	1975	5.0
188	2344	5.0
189	2568	5.0
189	2564	5.0
189	2986	4.0
189	3869	5.0
189	3135	5.0
189	2381	4.0
189	218	5.0
189	2573	2.0
189	2981	4.0
189	775	5.0
189	3997	5.0
189	3568	5.0
189	3431	5.0
189	3080	5.0
189	3001	5.0
189	3352	5.0
189	3527	4.0
189	3136	4.0
189	3102	5.0
190	531	4.0
190	2362	4.0
190	4493	4.0
190	3103	3.0
190	1585	3.0
190	155	4.0
191	559	2.0
191	225	2.0
191	3733	5.0
191	2149	2.0
191	246	1.0
192	4070	5.0
192	4002	3.0
192	4134	4.0
192	4080	5.0
192	2772	5.0
192	3557	5.0
192	4069	5.0
192	3802	5.0
192	4254	5.0
192	227	3.0
193	1845	5.0
193	1135	5.0
193	1104	5.0
193	2266	5.0
193	3468	2.0
193	229	5.0
193	3197	5.0
193	2252	5.0
194	230	1.0
194	272	1.0
194	3008	5.0
194	4439	5.0
194	381	5.0
194	452	5.0
195	3992	5.0
195	4235	5.0
195	4440	5.0
195	230	5.0
195	4242	5.0
195	4473	4.0
195	3217	5.0
196	230	5.0
196	1454	5.0
196	1508	5.0
196	3346	5.0
196	4279	5.0
196	2021	5.0
197	3645	5.0
197	230	5.0
197	1585	5.0
197	677	5.0
197	4285	5.0
197	1533	5.0
197	2713	5.0
197	3295	5.0
198	678	5.0
198	473	5.0
198	230	5.0
198	671	5.0
199	441	5.0
199	1920	4.0
199	232	3.0
199	518	1.0
200	759	5.0
200	1586	3.0
200	1934	5.0
200	547	4.0
200	4544	5.0
200	1246	5.0
201	3401	5.0
201	3321	1.0
201	329	4.0
201	232	5.0
201	4127	5.0
202	2853	5.0
202	1536	5.0
202	3077	5.0
202	3686	5.0
202	2933	5.0
202	1841	5.0
202	4222	1.0
202	233	5.0
202	469	5.0
202	2213	5.0
202	259	5.0
202	419	4.0
203	826	5.0
203	237	5.0
203	897	5.0
203	1209	5.0
204	4090	4.0
204	460	5.0
204	282	5.0
204	238	4.0
204	535	4.0
204	3593	4.0
204	1836	3.0
204	1838	4.0
205	3326	5.0
205	240	4.0
205	641	2.0
205	1733	4.0
205	3303	5.0
206	241	2.0
206	3018	4.0
206	2471	4.0
206	1320	3.0
206	874	4.0
206	1573	2.0
206	1438	4.0
206	3701	5.0
206	756	4.0
206	487	4.0
206	2645	3.0
207	2484	5.0
207	1783	5.0
207	1836	5.0
207	1585	5.0
208	1875	5.0
208	3121	1.0
208	4624	5.0
208	244	4.0
209	4460	5.0
209	4126	3.0
209	4472	5.0
209	244	3.0
209	2723	4.0
210	244	4.0
210	1813	1.0
210	1769	4.0
210	748	2.0
210	507	1.0
210	2000	1.0
210	678	5.0
210	1768	5.0
210	2597	1.0
210	708	5.0
210	2010	5.0
210	2261	4.0
210	1719	5.0
210	720	5.0
210	1137	5.0
210	1958	5.0
210	1363	4.0
210	1013	2.0
210	2194	5.0
210	1810	2.0
210	2508	5.0
210	1713	2.0
210	1721	5.0
210	1182	5.0
210	2378	5.0
210	1774	5.0
211	2165	5.0
211	2547	5.0
211	247	3.0
211	1352	5.0
212	2833	5.0
212	4719	5.0
212	2332	3.0
212	1129	4.0
212	248	4.0
212	1893	5.0
212	2198	4.0
212	3006	3.0
213	3075	2.0
213	954	2.0
213	249	3.0
213	3288	2.0
214	2234	2.0
214	2337	2.0
214	3648	5.0
214	250	5.0
214	4351	2.0
214	4301	5.0
214	3784	2.0
214	2869	5.0
214	3303	3.0
214	2484	5.0
214	2004	5.0
214	2758	5.0
214	3552	2.0
214	1649	5.0
214	2461	2.0
214	2214	2.0
214	1222	4.0
214	4268	5.0
214	2096	5.0
214	1439	5.0
214	2462	1.0
214	2477	2.0
214	2458	5.0
214	2483	3.0
214	4073	5.0
214	2207	1.0
214	2494	1.0
214	476	5.0
214	446	3.0
214	1844	1.0
214	4451	5.0
215	297	5.0
215	1532	3.0
215	873	3.0
215	1422	4.0
216	510	4.0
216	1256	5.0
216	649	5.0
216	1122	5.0
216	253	5.0
217	254	3.0
217	3173	5.0
217	4291	5.0
217	3828	5.0
217	3960	5.0
217	2422	5.0
218	1674	5.0
218	334	5.0
218	4416	5.0
218	2353	5.0
218	3107	5.0
218	474	3.0
218	1601	5.0
218	916	5.0
218	615	5.0
218	967	5.0
218	551	5.0
218	4323	5.0
218	501	5.0
218	256	5.0
218	423	5.0
219	899	4.0
219	808	5.0
219	1632	5.0
219	2269	4.0
219	891	3.0
219	259	3.0
219	1052	5.0
220	597	4.0
220	279	4.0
220	3705	5.0
220	263	4.0
221	4560	5.0
221	2570	5.0
221	264	5.0
221	4136	5.0
221	681	5.0
222	264	3.0
222	865	4.0
222	879	4.0
222	1945	5.0
222	489	4.0
223	3250	5.0
223	267	3.0
223	3245	3.0
223	2308	1.0
223	1315	5.0
223	742	1.0
223	3029	2.0
223	265	5.0
223	3009	5.0
223	269	1.0
223	4726	2.0
223	2155	4.0
223	1363	2.0
223	2543	5.0
223	4728	5.0
224	2665	5.0
224	3995	5.0
224	4438	5.0
224	4747	5.0
225	3074	2.0
225	269	2.0
225	2982	2.0
225	3590	3.0
226	2259	5.0
226	3732	5.0
226	3291	5.0
226	269	5.0
226	3954	5.0
226	3275	5.0
226	3051	5.0
227	2868	5.0
227	1885	5.0
227	270	3.0
227	1965	5.0
228	3082	4.0
228	1535	5.0
228	3769	4.0
228	1470	3.0
228	3797	4.0
228	4104	4.0
228	3770	4.0
228	3734	4.0
228	2821	3.0
228	4084	5.0
228	3920	4.0
228	3260	4.0
228	272	2.0
228	3968	4.0
228	1740	4.0
228	4283	4.0
228	3873	4.0
228	3773	4.0
228	4290	4.0
229	1749	5.0
229	1809	4.0
229	273	3.0
229	1585	5.0
229	1859	4.0
230	3629	3.0
230	4286	4.0
230	275	3.0
230	4303	4.0
230	762	4.0
230	736	5.0
230	1620	4.0
231	3645	5.0
231	920	5.0
231	1452	5.0
231	825	4.0
231	3609	5.0
231	3991	5.0
231	4018	5.0
231	3578	5.0
232	1264	5.0
232	799	1.0
232	879	1.0
232	277	3.0
232	4431	5.0
232	986	1.0
233	2278	5.0
233	1071	4.0
233	3632	3.0
233	2401	3.0
234	1186	4.0
234	1307	5.0
234	3189	5.0
234	966	5.0
234	2396	5.0
234	1089	4.0
234	288	5.0
234	3202	5.0
235	1458	4.0
235	1527	4.0
235	290	1.0
235	4325	3.0
236	660	5.0
236	1731	3.0
236	1363	5.0
236	1695	3.0
237	1517	5.0
237	301	5.0
237	296	5.0
237	2490	5.0
237	2095	5.0
238	298	5.0
238	855	5.0
238	2686	5.0
238	2442	5.0
238	3991	5.0
238	778	1.0
238	2082	5.0
238	2422	5.0
238	677	3.0
238	3154	5.0
238	3812	1.0
238	1585	5.0
238	2258	5.0
238	810	5.0
238	687	2.0
239	4073	5.0
239	299	5.0
239	891	3.0
239	850	5.0
240	3204	5.0
240	3307	5.0
240	305	5.0
240	2638	5.0
240	3448	5.0
240	1073	5.0
240	2527	5.0
241	306	1.0
241	3888	2.0
241	1573	1.0
241	1298	2.0
242	306	4.0
242	568	4.0
242	401	4.0
242	2019	1.0
242	3560	5.0
243	2611	5.0
243	1704	5.0
243	2264	5.0
243	310	4.0
243	427	5.0
244	3573	5.0
244	494	5.0
244	2963	5.0
244	4461	5.0
244	3961	5.0
244	1685	5.0
244	4432	5.0
244	2162	5.0
244	1585	5.0
244	2098	5.0
244	3753	2.0
244	4071	5.0
244	313	5.0
244	3255	5.0
244	1264	5.0
244	4433	5.0
244	2958	5.0
245	2334	5.0
245	2260	5.0
245	1350	5.0
245	887	5.0
245	3879	5.0
245	1898	5.0
245	315	5.0
245	4269	5.0
245	3049	5.0
245	3067	5.0
245	1482	5.0
245	388	3.0
246	945	4.0
246	3155	5.0
246	2819	4.0
246	496	3.0
246	1809	5.0
246	2648	5.0
246	756	2.0
246	4118	2.0
246	1953	1.0
246	2634	4.0
246	2250	5.0
246	2293	4.0
246	2787	5.0
246	4228	5.0
246	2931	4.0
246	1515	5.0
246	315	4.0
246	2529	4.0
247	944	3.0
247	1931	5.0
247	317	5.0
247	1461	4.0
247	1603	5.0
247	1399	5.0
247	990	5.0
247	1576	5.0
247	4567	5.0
247	3265	2.0
247	715	4.0
247	1537	4.0
248	2378	4.0
248	346	5.0
248	693	5.0
248	318	5.0
249	1258	5.0
249	319	5.0
249	2317	5.0
249	365	5.0
250	3750	5.0
250	2325	4.0
250	2790	5.0
250	3243	4.0
250	512	3.0
250	3758	5.0
250	2974	5.0
250	1271	5.0
250	2855	5.0
250	320	5.0
250	4252	5.0
250	3056	5.0
250	4706	5.0
251	597	5.0
251	4467	5.0
251	850	5.0
251	2697	5.0
251	325	5.0
252	1484	5.0
252	613	5.0
252	1235	3.0
252	3548	4.0
252	327	5.0
252	858	5.0
253	2341	5.0
253	4505	5.0
253	2266	5.0
253	328	3.0
253	98	5.0
253	2245	5.0
254	778	5.0
254	468	3.0
254	788	5.0
254	1181	5.0
254	879	5.0
254	912	5.0
254	329	5.0
254	3433	4.0
255	2261	5.0
255	3037	5.0
255	332	5.0
255	1557	5.0
256	3903	5.0
256	335	5.0
256	3898	2.0
256	1008	5.0
256	1631	5.0
256	3197	5.0
257	704	3.0
257	464	4.0
257	928	5.0
257	307	4.0
257	336	3.0
258	950	3.0
258	340	4.0
258	774	5.0
258	814	5.0
259	2590	5.0
259	4511	5.0
259	426	5.0
259	341	5.0
260	378	5.0
260	427	5.0
260	393	5.0
260	341	5.0
261	342	1.0
261	503	1.0
261	1065	4.0
261	377	4.0
261	1066	1.0
262	854	4.0
262	344	4.0
262	3879	5.0
262	2741	5.0
262	1265	5.0
263	2330	4.0
263	1071	5.0
263	348	3.0
263	2484	2.0
263	1091	3.0
263	4234	2.0
263	4397	4.0
263	3384	4.0
263	942	3.0
263	2697	5.0
264	351	4.0
264	1145	5.0
264	1524	1.0
264	2266	5.0
264	369	5.0
264	4502	5.0
264	2139	5.0
265	2251	4.0
265	2336	5.0
265	1644	5.0
265	1393	5.0
265	1133	4.0
265	3425	5.0
265	352	5.0
265	1764	5.0
265	2263	5.0
265	2734	5.0
266	4099	5.0
266	353	5.0
266	2006	5.0
266	3052	5.0
266	1901	5.0
266	1784	5.0
266	1751	5.0
266	4650	5.0
266	4239	5.0
267	1491	4.0
267	744	1.0
267	2548	5.0
267	800	1.0
267	627	4.0
267	968	5.0
267	1387	4.0
268	355	5.0
268	3986	4.0
268	3660	4.0
268	4170	5.0
268	3394	5.0
269	3155	5.0
269	3575	5.0
269	1350	5.0
269	2250	5.0
269	2353	5.0
269	3572	5.0
269	2697	5.0
269	4018	5.0
269	356	5.0
269	1331	5.0
269	921	5.0
269	4087	5.0
270	878	1.0
270	1649	5.0
270	1890	4.0
270	883	3.0
270	869	4.0
270	1505	5.0
270	1291	3.0
271	1660	5.0
271	2071	5.0
271	2607	5.0
271	2320	4.0
272	1005	1.0
272	2377	2.0
272	358	1.0
272	4209	4.0
272	3421	4.0
272	2640	5.0
272	1968	3.0
273	4109	3.0
273	4718	4.0
273	4528	3.0
273	4692	4.0
273	361	2.0
273	3402	4.0
273	3373	5.0
273	4558	3.0
273	2154	4.0
273	3367	4.0
273	2439	3.0
273	903	2.0
273	816	4.0
273	4654	4.0
273	3611	4.0
273	4508	4.0
273	3360	4.0
273	3990	5.0
273	821	3.0
273	4754	3.0
273	4261	5.0
273	4636	4.0
273	3381	4.0
273	815	4.0
273	3826	4.0
273	4527	4.0
273	3919	4.0
274	4166	5.0
274	363	5.0
274	3791	5.0
274	4010	5.0
275	4288	5.0
275	1930	5.0
275	364	5.0
275	427	5.0
275	2695	5.0
275	1818	5.0
275	3916	3.0
275	1528	5.0
276	1744	5.0
276	1772	5.0
276	366	5.0
276	554	1.0
277	1860	5.0
277	678	5.0
277	1870	5.0
277	3232	5.0
277	369	5.0
278	370	5.0
278	1651	5.0
278	2998	5.0
278	3968	4.0
278	4460	4.0
278	3677	5.0
278	2064	5.0
278	3880	5.0
278	4022	4.0
278	2707	4.0
278	4120	4.0
278	1921	5.0
278	4139	5.0
278	2261	5.0
278	4127	4.0
278	2790	4.0
278	4234	4.0
278	4121	5.0
278	1460	5.0
278	1511	5.0
278	3204	5.0
278	1781	5.0
278	1776	5.0
279	597	5.0
279	4586	5.0
279	1269	5.0
279	3670	5.0
279	4061	5.0
279	894	5.0
279	371	5.0
280	443	3.0
280	373	5.0
280	372	3.0
280	707	5.0
281	1894	5.0
281	1239	5.0
281	1238	5.0
281	3887	1.0
282	1702	3.0
282	712	5.0
282	4221	5.0
282	1222	4.0
282	695	5.0
282	629	5.0
282	4305	4.0
282	1268	5.0
282	1814	5.0
282	4623	5.0
282	1870	5.0
282	1790	3.0
282	664	5.0
282	376	5.0
282	4339	3.0
282	1833	3.0
283	937	5.0
283	379	5.0
283	1823	2.0
283	760	5.0
283	2146	5.0
283	978	5.0
283	1631	1.0
283	3974	5.0
284	379	5.0
284	2279	5.0
284	492	5.0
284	2238	5.0
285	1505	5.0
285	2403	5.0
285	1486	5.0
285	1617	5.0
285	2468	5.0
285	4037	5.0
285	3350	1.0
285	3648	5.0
285	1571	5.0
285	1972	5.0
285	382	5.0
285	3218	5.0
285	4151	5.0
285	1648	5.0
286	2347	4.0
286	2341	3.0
286	1145	5.0
286	397	4.0
286	3406	4.0
286	2726	2.0
286	3555	5.0
286	385	4.0
286	1505	4.0
287	4578	5.0
287	388	5.0
287	1176	5.0
287	631	5.0
287	3152	3.0
287	1069	5.0
287	3038	5.0
288	388	5.0
288	3034	5.0
288	2336	5.0
288	3017	5.0
288	2062	5.0
289	3615	5.0
289	1827	5.0
289	388	5.0
289	2779	5.0
289	3543	5.0
289	3049	5.0
289	2299	5.0
289	3447	5.0
290	3672	5.0
290	781	5.0
290	3333	5.0
290	388	5.0
291	2250	5.0
291	388	5.0
291	1740	5.0
291	3175	5.0
291	4365	5.0
291	2047	5.0
291	1371	5.0
292	2809	4.0
292	3494	3.0
292	388	5.0
292	1217	5.0
292	1642	5.0
292	2375	5.0
292	905	5.0
293	1406	2.0
293	388	5.0
293	3049	5.0
293	4047	4.0
293	3397	5.0
294	390	5.0
294	2625	5.0
294	1870	5.0
294	1832	4.0
294	400	5.0
294	1685	4.0
294	632	4.0
294	624	4.0
295	393	4.0
295	2037	5.0
295	2149	5.0
295	3183	5.0
295	1005	5.0
295	1190	5.0
295	2164	5.0
295	532	4.0
296	1870	5.0
296	1585	5.0
296	1244	5.0
296	1392	5.0
296	397	5.0
297	3321	2.0
297	3645	5.0
297	1839	5.0
297	3864	5.0
298	2879	5.0
298	4665	5.0
298	957	5.0
298	397	5.0
298	1080	5.0
298	1157	5.0
299	4015	5.0
299	398	3.0
299	3511	5.0
299	3353	1.0
299	2406	5.0
300	635	2.0
300	398	3.0
300	1631	4.0
300	3255	5.0
300	3334	5.0
300	3319	5.0
301	2233	5.0
301	2319	5.0
301	696	1.0
301	2656	5.0
301	3806	5.0
301	2647	5.0
301	3216	5.0
301	4714	5.0
301	2167	5.0
301	398	5.0
301	2959	5.0
301	640	5.0
301	1611	5.0
301	1302	5.0
301	1993	5.0
301	2503	5.0
301	1944	5.0
301	2578	5.0
302	517	5.0
302	1440	5.0
302	411	3.0
302	521	5.0
302	1547	5.0
302	435	5.0
302	399	5.0
302	937	5.0
302	1498	5.0
302	1738	5.0
302	1499	5.0
302	1434	5.0
302	1454	5.0
302	2891	5.0
303	1125	5.0
303	3181	5.0
303	398	5.0
303	2011	5.0
303	1951	4.0
303	2917	5.0
303	2121	5.0
303	1821	5.0
303	3666	3.0
303	4646	5.0
304	1148	5.0
304	1714	5.0
304	3550	5.0
304	1554	5.0
304	2060	5.0
305	1319	5.0
305	2627	1.0
305	1069	5.0
305	871	5.0
305	403	3.0
305	420	5.0
305	3255	5.0
305	513	5.0
305	1141	5.0
305	3095	5.0
306	459	5.0
306	404	5.0
306	1706	5.0
306	1366	5.0
306	432	5.0
306	2104	5.0
307	1211	3.0
307	3658	5.0
307	777	5.0
307	405	5.0
308	3603	5.0
308	2040	5.0
308	3455	5.0
308	407	5.0
308	3565	5.0
309	548	4.0
309	3039	2.0
309	2990	3.0
309	2128	3.0
309	412	3.0
310	413	5.0
310	737	5.0
310	2459	5.0
310	2399	5.0
310	1606	5.0
310	647	5.0
310	2393	5.0
310	1144	5.0
310	1081	5.0
310	2414	5.0
310	2662	5.0
310	2274	5.0
310	750	5.0
310	431	5.0
310	1715	5.0
310	2577	5.0
310	1511	5.0
310	1070	5.0
311	1545	5.0
311	3884	5.0
311	890	5.0
311	4483	5.0
311	4512	5.0
311	2851	5.0
311	876	5.0
311	4388	5.0
311	3403	5.0
311	413	5.0
312	848	5.0
312	975	5.0
312	454	5.0
312	455	2.0
312	416	5.0
312	4404	4.0
313	2016	5.0
313	418	1.0
313	845	3.0
313	608	5.0
314	998	5.0
314	418	5.0
314	1480	5.0
314	464	5.0
314	1787	5.0
315	4518	5.0
315	1142	5.0
315	1304	3.0
315	1897	4.0
315	2160	5.0
315	2148	4.0
315	2147	3.0
315	418	4.0
315	1019	4.0
315	1236	4.0
315	1031	4.0
316	922	5.0
316	420	5.0
316	518	4.0
316	3554	5.0
317	1725	5.0
317	421	3.0
317	3049	5.0
317	3238	5.0
317	2826	5.0
318	1301	3.0
318	2747	1.0
318	2484	3.0
318	2165	5.0
318	3021	2.0
318	1742	2.0
318	4061	5.0
318	634	3.0
318	422	1.0
318	1352	4.0
319	499	3.0
319	2709	5.0
319	2617	4.0
319	3505	5.0
319	425	5.0
319	1071	5.0
320	425	5.0
320	4281	5.0
320	1095	5.0
320	1098	5.0
321	429	3.0
321	3743	5.0
321	685	5.0
321	1528	5.0
322	905	5.0
322	1018	5.0
322	425	5.0
322	3208	5.0
322	2484	5.0
323	4602	3.0
323	689	5.0
323	4596	4.0
323	1693	3.0
323	4383	5.0
323	2797	2.0
323	706	2.0
323	696	3.0
323	1396	5.0
323	4621	5.0
323	4598	5.0
323	431	3.0
323	4536	5.0
323	692	5.0
323	4547	5.0
323	4541	5.0
323	1225	5.0
324	793	5.0
324	2736	4.0
324	1698	5.0
324	3049	5.0
324	875	5.0
324	425	5.0
325	4082	3.0
325	2220	4.0
325	436	5.0
325	1069	3.0
326	1816	3.0
326	2150	5.0
326	1783	3.0
326	436	5.0
326	875	5.0
326	1776	5.0
327	710	5.0
327	4300	5.0
327	437	5.0
327	4148	5.0
328	1814	5.0
328	1823	5.0
328	442	5.0
328	4658	5.0
328	578	3.0
328	4207	5.0
329	3112	2.0
329	2415	4.0
329	3141	2.0
329	448	3.0
329	723	5.0
329	2301	4.0
329	2427	4.0
329	2266	4.0
329	3266	5.0
329	1314	4.0
329	2954	3.0
329	801	4.0
329	587	4.0
329	769	4.0
329	2551	3.0
329	1718	1.0
329	3937	4.0
329	1761	5.0
329	804	4.0
330	4376	5.0
330	1163	5.0
330	4124	3.0
330	1051	5.0
330	4218	5.0
330	2266	5.0
330	1085	5.0
331	841	3.0
331	3166	3.0
331	3143	4.0
331	453	4.0
332	456	5.0
332	1711	4.0
332	2884	5.0
332	1277	5.0
333	3304	5.0
333	3471	5.0
333	2562	5.0
333	3632	5.0
333	531	5.0
333	3764	5.0
333	4517	5.0
333	3900	5.0
333	3667	5.0
333	550	5.0
334	4182	5.0
334	4108	5.0
334	1552	3.0
334	4077	5.0
334	4206	5.0
334	2157	5.0
334	3728	4.0
334	630	5.0
334	459	5.0
334	3724	5.0
335	519	5.0
335	2565	5.0
335	1076	5.0
335	848	5.0
336	3513	5.0
336	1518	5.0
336	4753	5.0
336	2141	5.0
336	3835	5.0
336	3977	5.0
336	3106	5.0
336	2175	5.0
336	2955	5.0
336	4462	5.0
337	4116	4.0
337	3404	5.0
337	4224	4.0
337	470	5.0
338	2106	5.0
338	472	5.0
338	3035	4.0
338	3752	5.0
339	1086	5.0
339	2700	1.0
339	472	5.0
339	1144	5.0
340	4035	3.0
340	4014	5.0
340	477	5.0
340	4022	5.0
341	4552	5.0
341	847	5.0
341	757	5.0
341	672	5.0
342	1216	4.0
342	1136	4.0
342	485	5.0
342	630	4.0
342	498	5.0
342	3636	5.0
342	1213	5.0
342	483	5.0
342	2176	5.0
342	3259	4.0
342	3821	5.0
342	2770	4.0
342	1242	2.0
342	1707	5.0
342	1682	4.0
342	4293	5.0
342	3428	5.0
342	1174	3.0
342	1918	4.0
342	486	5.0
342	2953	5.0
342	2674	5.0
342	2711	5.0
342	3134	4.0
343	1411	4.0
343	1641	5.0
343	502	5.0
343	1828	5.0
343	817	5.0
343	490	5.0
343	1459	5.0
344	4448	5.0
344	491	5.0
344	4409	2.0
344	4118	5.0
344	3155	5.0
344	3941	5.0
344	1751	5.0
344	1585	5.0
344	756	4.0
344	4075	5.0
344	4041	5.0
344	3659	5.0
345	842	4.0
345	3716	3.0
345	851	4.0
345	1663	5.0
346	4019	4.0
346	499	5.0
346	4094	5.0
346	3865	4.0
346	4017	4.0
346	4110	4.0
346	842	5.0
346	3723	5.0
347	508	5.0
347	4605	5.0
347	2373	2.0
347	828	5.0
348	4533	5.0
348	509	5.0
348	2059	5.0
348	642	5.0
348	1649	5.0
348	1481	5.0
348	4539	5.0
349	2170	5.0
349	1628	4.0
349	2715	3.0
349	2271	4.0
349	511	5.0
349	1751	4.0
350	2474	5.0
350	2051	5.0
350	2394	5.0
350	2762	4.0
350	3739	5.0
350	3474	5.0
350	2846	5.0
350	3858	5.0
350	1428	5.0
350	2740	5.0
350	514	3.0
350	3236	5.0
350	2820	5.0
350	3176	5.0
350	3976	5.0
350	3738	5.0
350	3857	5.0
350	2733	5.0
350	3696	5.0
350	2690	5.0
351	1153	5.0
351	3338	5.0
351	1543	5.0
351	4177	5.0
351	4009	5.0
351	1208	4.0
351	1512	5.0
351	3020	5.0
351	1214	2.0
351	3229	5.0
351	2504	3.0
351	3121	2.0
351	1263	5.0
351	2585	5.0
351	3228	5.0
351	4616	5.0
351	2619	5.0
351	4711	3.0
351	515	5.0
352	4257	2.0
352	1070	4.0
352	1069	5.0
352	3404	4.0
352	518	3.0
352	1709	5.0
352	1309	3.0
353	4534	5.0
353	1303	4.0
353	4414	5.0
353	2222	4.0
353	4453	5.0
353	520	5.0
354	2314	3.0
354	2881	4.0
354	1500	5.0
354	901	2.0
354	1986	5.0
354	3588	3.0
354	3592	5.0
354	1267	4.0
354	527	3.0
355	2358	4.0
355	713	4.0
355	4538	4.0
355	1334	4.0
355	1919	4.0
355	3246	4.0
355	530	5.0
356	3586	4.0
356	2615	4.0
356	1121	5.0
356	1275	4.0
356	1140	5.0
356	536	5.0
356	1750	5.0
356	1579	4.0
356	2139	4.0
356	1784	4.0
356	2599	5.0
356	2947	5.0
356	3449	5.0
357	2965	4.0
357	537	2.0
357	4018	4.0
357	4450	4.0
357	3996	4.0
357	1500	5.0
358	538	5.0
358	2884	5.0
358	716	5.0
358	540	2.0
358	4647	5.0
359	4058	5.0
359	4476	5.0
359	541	5.0
359	1648	5.0
360	843	5.0
360	4239	1.0
360	3369	2.0
360	1232	5.0
360	3985	2.0
360	542	3.0
360	1743	3.0
361	3753	2.0
361	659	4.0
361	554	3.0
361	2851	5.0
361	4322	5.0
362	3663	5.0
362	1029	5.0
362	1403	5.0
362	1244	4.0
362	2687	5.0
362	1003	3.0
362	561	5.0
362	2702	3.0
363	3262	2.0
363	2257	5.0
363	1078	5.0
363	562	3.0
363	2469	5.0
363	2131	5.0
363	594	5.0
363	4659	5.0
363	3612	3.0
363	1068	3.0
363	1225	5.0
363	2496	5.0
363	2889	5.0
364	1086	5.0
364	2254	5.0
364	614	5.0
364	1164	5.0
364	1415	5.0
364	1082	3.0
364	2127	4.0
364	4167	2.0
364	2335	4.0
364	2041	5.0
364	1840	5.0
364	1827	5.0
364	2230	5.0
364	2419	1.0
364	566	5.0
365	2445	5.0
365	1854	1.0
365	838	1.0
365	2671	4.0
365	3858	5.0
365	3015	5.0
365	567	4.0
365	1430	4.0
365	2792	5.0
365	1502	3.0
366	569	5.0
366	1183	5.0
366	3289	5.0
366	650	5.0
367	3598	5.0
367	2109	4.0
367	582	5.0
367	3673	5.0
367	701	5.0
367	1448	5.0
367	2515	4.0
368	3928	5.0
368	2697	5.0
368	3649	5.0
368	2208	5.0
368	3687	5.0
368	2484	5.0
368	583	5.0
368	4047	5.0
368	2341	5.0
368	3712	5.0
368	2686	5.0
368	3713	5.0
368	2451	5.0
368	3634	4.0
368	3616	5.0
368	1500	5.0
368	3978	4.0
369	840	5.0
369	3000	5.0
369	586	5.0
369	611	5.0
370	588	5.0
370	4256	1.0
370	893	5.0
370	1368	5.0
371	1176	5.0
371	3122	4.0
371	2357	4.0
371	2916	5.0
371	3892	4.0
372	2594	5.0
372	591	5.0
372	2651	4.0
372	1290	5.0
373	2944	5.0
373	1981	5.0
373	1036	5.0
373	1409	5.0
373	2761	5.0
373	596	5.0
373	2089	5.0
373	1580	5.0
373	1687	1.0
373	1504	5.0
374	1144	5.0
374	1149	2.0
374	1309	5.0
374	3055	5.0
374	602	4.0
374	4137	5.0
374	3887	5.0
374	1460	5.0
374	3387	5.0
375	2594	4.0
375	1756	5.0
375	985	4.0
375	2378	5.0
375	976	4.0
375	606	4.0
375	1430	4.0
375	2564	5.0
375	1598	4.0
375	2199	5.0
375	2674	5.0
375	4194	5.0
375	3011	3.0
375	4064	5.0
375	1347	4.0
375	2379	5.0
375	3090	5.0
375	2276	5.0
375	2873	5.0
375	1811	4.0
375	2911	5.0
375	2775	5.0
375	2616	4.0
375	1345	5.0
375	4028	5.0
375	2781	5.0
375	3329	5.0
375	1616	5.0
375	2518	5.0
375	3126	5.0
375	1736	5.0
375	1766	5.0
375	1592	5.0
375	1548	5.0
375	3146	5.0
375	2613	5.0
375	4609	5.0
375	1015	5.0
375	2886	5.0
375	3823	4.0
375	1357	5.0
375	3096	5.0
375	1141	3.0
375	2859	5.0
375	3355	5.0
375	1868	5.0
375	1655	5.0
375	2840	5.0
375	1656	1.0
375	2228	5.0
375	837	3.0
375	1107	5.0
375	1597	3.0
375	2773	5.0
375	2612	5.0
375	3330	5.0
375	4622	5.0
375	4528	5.0
375	631	2.0
375	2732	3.0
375	1659	5.0
375	3001	4.0
375	1561	5.0
375	1334	4.0
375	4100	5.0
375	2264	5.0
375	2385	5.0
375	2177	5.0
375	2407	4.0
376	2297	5.0
376	4427	5.0
376	4447	5.0
376	907	5.0
376	607	5.0
376	4643	5.0
376	747	5.0
376	4540	5.0
376	1038	5.0
377	1468	5.0
377	916	3.0
377	4360	5.0
377	1649	5.0
377	2542	5.0
377	2719	5.0
377	1709	5.0
377	1667	5.0
377	1456	5.0
377	3592	4.0
377	3052	5.0
377	2509	5.0
377	608	4.0
377	2588	5.0
377	1987	5.0
377	2831	5.0
377	1904	5.0
377	1264	5.0
377	1469	5.0
377	1069	5.0
377	1706	5.0
377	1505	5.0
377	1584	5.0
377	4165	4.0
377	2660	4.0
378	609	2.0
378	1388	5.0
378	1604	5.0
378	1539	3.0
378	4531	5.0
379	791	5.0
379	608	5.0
379	1760	5.0
379	1143	5.0
379	2291	5.0
379	1945	4.0
379	3243	5.0
380	771	5.0
380	3255	5.0
380	941	2.0
380	608	5.0
381	2331	4.0
381	4081	4.0
381	610	5.0
381	2178	5.0
381	2409	2.0
382	612	2.0
382	3950	5.0
382	3154	5.0
382	4117	4.0
383	2081	1.0
383	2711	5.0
383	3805	5.0
383	3432	5.0
383	1828	5.0
383	3871	5.0
383	1077	5.0
383	2683	5.0
383	1046	5.0
383	1739	5.0
383	1280	5.0
383	636	5.0
383	806	5.0
383	1647	5.0
383	1658	5.0
383	1069	5.0
383	2311	5.0
383	3778	5.0
383	2231	5.0
383	2152	5.0
383	2287	5.0
383	2680	5.0
383	4614	5.0
383	635	5.0
383	4727	5.0
383	1146	5.0
384	764	4.0
384	767	4.0
384	4131	5.0
384	637	5.0
385	637	1.0
385	4067	1.0
385	920	5.0
385	3047	5.0
385	4474	1.0
385	4264	5.0
385	3879	5.0
385	3151	5.0
385	3164	5.0
386	2921	5.0
386	1558	1.0
386	643	1.0
386	784	5.0
386	945	5.0
386	1624	5.0
387	1559	2.0
387	3955	5.0
387	1541	5.0
387	3226	5.0
387	1542	5.0
387	715	5.0
388	648	5.0
388	2776	1.0
388	905	5.0
388	4462	4.0
389	675	5.0
389	1336	3.0
389	4585	5.0
389	997	5.0
389	649	4.0
390	1211	5.0
390	3647	5.0
390	1339	1.0
390	1570	5.0
390	3813	3.0
390	3918	5.0
390	652	5.0
390	1096	5.0
390	1037	5.0
390	2566	5.0
391	1156	5.0
391	1801	5.0
391	904	5.0
391	2560	5.0
391	653	5.0
391	1523	5.0
391	2420	5.0
391	1916	4.0
391	1129	4.0
391	1737	5.0
391	2215	5.0
391	2323	5.0
391	1652	5.0
391	1355	5.0
391	1377	5.0
391	1495	5.0
391	1496	5.0
392	3693	3.0
392	1336	4.0
392	789	2.0
392	3643	3.0
392	3631	5.0
393	1380	5.0
393	3988	3.0
393	1681	3.0
393	4202	4.0
393	655	5.0
393	1202	4.0
393	4394	2.0
394	4640	2.0
394	2831	4.0
394	2023	4.0
394	2465	4.0
394	1972	4.0
394	656	4.0
394	3698	5.0
395	1431	3.0
395	2218	3.0
395	2204	5.0
395	3737	4.0
395	658	5.0
396	1755	4.0
396	662	4.0
396	4689	4.0
396	1952	5.0
396	3532	2.0
396	2085	5.0
396	3649	3.0
396	4217	4.0
397	667	4.0
397	2202	5.0
397	2241	3.0
397	1414	2.0
397	1546	5.0
398	1908	4.0
398	2246	4.0
398	4123	5.0
398	1619	3.0
398	1910	5.0
398	1032	4.0
398	2637	4.0
398	709	4.0
398	668	5.0
398	2696	4.0
398	1615	5.0
399	1200	5.0
399	1219	5.0
399	1150	5.0
399	1529	1.0
399	1329	5.0
400	756	3.0
400	4164	5.0
400	2764	5.0
400	673	5.0
400	4011	5.0
400	2543	4.0
400	3991	5.0
400	2867	5.0
401	757	4.0
401	4278	4.0
401	4079	5.0
401	675	2.0
401	753	5.0
401	4735	5.0
401	2003	3.0
402	677	5.0
402	4496	4.0
402	2028	5.0
402	1810	5.0
402	4494	5.0
402	302	5.0
402	1870	5.0
403	3061	5.0
403	1925	5.0
403	3100	5.0
403	2342	5.0
403	677	4.0
403	4673	5.0
404	3547	2.0
404	4152	5.0
404	677	5.0
404	2398	5.0
404	800	5.0
405	693	5.0
405	3165	5.0
405	4433	5.0
405	1837	5.0
405	3361	5.0
405	677	5.0
406	1752	5.0
406	971	5.0
406	677	5.0
406	3946	5.0
407	3594	5.0
407	920	5.0
407	2688	5.0
407	1852	5.0
407	3030	5.0
408	678	5.0
408	2223	5.0
408	2837	4.0
408	1938	4.0
409	1627	4.0
409	4246	5.0
409	4199	5.0
409	4147	5.0
409	1108	5.0
409	4231	3.0
409	1358	5.0
409	4432	5.0
409	4433	4.0
410	2155	5.0
410	4678	3.0
410	2185	5.0
410	4479	5.0
410	3943	5.0
410	2204	5.0
410	1747	5.0
410	4516	5.0
411	1974	5.0
411	693	4.0
411	2354	3.0
411	3039	5.0
411	3458	5.0
411	3962	3.0
411	1693	4.0
411	1867	4.0
411	2163	5.0
412	690	3.0
412	1544	5.0
412	1333	5.0
412	1264	5.0
412	1436	5.0
413	1693	2.0
413	692	5.0
413	3453	4.0
413	973	2.0
413	1542	4.0
414	711	5.0
414	3989	4.0
414	693	4.0
414	1433	5.0
415	694	5.0
415	3117	5.0
415	1464	2.0
415	2580	5.0
415	2916	4.0
415	720	5.0
415	2929	5.0
416	1030	2.0
416	695	3.0
416	3130	1.0
416	1900	5.0
416	1815	5.0
416	1763	3.0
417	3400	5.0
417	699	5.0
417	1693	4.0
417	3994	5.0
417	937	5.0
418	2755	3.0
418	2312	5.0
418	701	3.0
418	1745	5.0
418	993	5.0
418	2677	4.0
419	2434	5.0
419	4357	5.0
419	702	5.0
419	1638	5.0
420	912	5.0
420	929	5.0
420	1235	5.0
420	4638	5.0
420	709	5.0
420	4563	5.0
421	709	5.0
421	2119	5.0
421	3265	5.0
421	943	5.0
421	4296	5.0
421	3525	5.0
421	4613	5.0
421	3084	5.0
421	1061	5.0
421	1933	5.0
421	4617	5.0
421	2371	5.0
421	1381	5.0
421	1099	5.0
421	2591	5.0
421	2140	5.0
421	2788	5.0
421	2354	5.0
421	1045	5.0
421	1979	5.0
422	2789	5.0
422	3808	5.0
422	1268	5.0
422	709	5.0
423	2372	5.0
423	3286	5.0
423	4546	5.0
423	2441	5.0
423	4459	5.0
423	715	5.0
423	3415	5.0
424	3931	5.0
424	2811	5.0
424	3123	5.0
424	4326	4.0
424	2964	5.0
424	718	5.0
425	2441	5.0
425	2990	4.0
425	2467	5.0
425	2969	5.0
425	720	4.0
425	4082	5.0
426	964	5.0
426	4637	5.0
426	1309	5.0
426	1943	5.0
427	2769	5.0
427	1103	5.0
427	2026	5.0
427	974	5.0
427	721	5.0
427	2880	5.0
427	1139	5.0
427	3098	5.0
427	3120	5.0
428	2378	5.0
428	2156	5.0
428	2374	4.0
428	2235	5.0
428	1500	5.0
428	723	5.0
428	3751	5.0
428	1043	4.0
428	1570	4.0
428	2546	5.0
428	4060	4.0
428	2534	2.0
429	1066	4.0
429	3623	5.0
429	723	5.0
429	4336	5.0
430	1446	5.0
430	723	1.0
430	2448	5.0
430	4497	5.0
431	3969	5.0
431	1817	5.0
431	4333	5.0
431	2637	5.0
431	2874	5.0
431	3870	5.0
431	725	4.0
431	2049	5.0
432	2528	2.0
432	2361	5.0
432	2664	4.0
432	2321	5.0
432	3919	4.0
432	2103	5.0
432	2212	3.0
432	2359	4.0
432	2422	5.0
432	731	4.0
433	735	5.0
433	2307	1.0
433	1478	4.0
433	4308	1.0
433	2544	3.0
433	4292	1.0
434	739	5.0
434	994	5.0
434	2324	5.0
434	1551	5.0
435	884	5.0
435	1657	5.0
435	3619	5.0
435	3577	5.0
435	805	1.0
435	3321	5.0
435	831	5.0
435	1990	5.0
436	2204	5.0
436	2107	5.0
436	979	4.0
436	3052	5.0
436	3321	5.0
436	745	5.0
436	1957	5.0
436	4180	5.0
436	1718	5.0
436	2057	5.0
436	1721	5.0
437	1596	5.0
437	746	5.0
437	3952	5.0
437	4241	5.0
438	4466	5.0
438	3489	5.0
438	1719	3.0
438	3707	2.0
438	3363	5.0
438	752	5.0
438	3191	4.0
438	1071	2.0
438	3245	2.0
439	2338	5.0
439	756	1.0
439	2813	5.0
439	1048	3.0
439	3140	4.0
439	1323	3.0
439	1145	5.0
439	2833	5.0
439	1429	4.0
439	2570	5.0
440	3180	3.0
440	3294	5.0
440	1853	4.0
440	1748	3.0
440	756	5.0
441	4138	1.0
441	1662	3.0
441	756	3.0
441	1900	4.0
442	1184	5.0
442	3023	5.0
442	756	5.0
442	1163	5.0
443	766	5.0
443	3499	5.0
443	993	5.0
443	3756	4.0
443	2069	5.0
443	1425	4.0
443	1086	5.0
443	3056	3.0
443	3567	5.0
443	2994	5.0
444	3963	3.0
444	1825	4.0
444	4211	5.0
444	2224	5.0
444	2697	5.0
444	2215	5.0
444	3935	5.0
444	1378	5.0
444	4433	5.0
444	4668	5.0
444	3576	5.0
444	2689	5.0
444	2261	5.0
444	772	3.0
444	3912	5.0
444	2306	5.0
445	2353	4.0
445	846	4.0
445	3621	4.0
445	1950	3.0
445	773	4.0
445	1057	3.0
445	3388	4.0
445	3155	3.0
446	4463	5.0
446	4385	5.0
446	784	5.0
446	3703	5.0
446	3073	5.0
447	2126	2.0
447	790	4.0
447	2849	5.0
447	2137	5.0
447	3274	5.0
447	1587	2.0
447	2675	5.0
447	2854	3.0
447	968	5.0
448	3239	5.0
448	935	5.0
448	792	1.0
448	2628	5.0
448	4157	1.0
448	2506	5.0
448	2030	1.0
448	2405	5.0
448	813	3.0
449	2918	5.0
449	1693	5.0
449	3094	5.0
449	2797	5.0
449	794	5.0
449	2042	5.0
450	819	5.0
450	2362	1.0
450	2456	5.0
450	2537	5.0
450	793	5.0
451	1316	3.0
451	820	5.0
451	1162	5.0
451	2048	5.0
451	2493	5.0
451	797	5.0
451	1362	3.0
451	1373	5.0
451	2085	5.0
451	1211	5.0
451	1175	5.0
451	1851	5.0
451	2801	5.0
451	1054	5.0
451	2096	5.0
452	4486	5.0
452	1005	1.0
452	807	4.0
452	2875	1.0
452	2269	4.0
453	3129	5.0
453	1111	5.0
453	4651	5.0
453	4664	5.0
454	2799	3.0
454	2266	5.0
454	4084	5.0
454	4407	4.0
454	4156	5.0
454	4452	5.0
454	2956	4.0
454	4304	5.0
454	3507	5.0
454	2333	5.0
454	2954	5.0
454	4107	5.0
454	4249	4.0
454	1741	5.0
454	1697	5.0
454	4127	4.0
454	1152	5.0
454	3282	5.0
454	1462	5.0
454	4434	5.0
454	3320	5.0
454	2541	5.0
454	4229	5.0
454	4140	5.0
454	2270	5.0
454	4212	4.0
454	3065	5.0
454	3212	5.0
454	4245	4.0
454	1463	5.0
454	2779	4.0
454	4090	4.0
454	4128	3.0
454	3829	5.0
454	2721	5.0
454	3376	5.0
454	4250	4.0
454	1945	4.0
454	809	5.0
454	4390	4.0
454	4419	5.0
454	3048	5.0
454	1534	5.0
454	2934	5.0
454	4555	5.0
454	3804	5.0
455	3182	5.0
455	822	1.0
455	2715	5.0
455	812	3.0
456	899	5.0
456	2966	5.0
456	818	5.0
456	2225	5.0
456	1067	5.0
456	2911	5.0
456	3292	5.0
456	2449	5.0
457	4406	4.0
457	1936	4.0
457	4038	4.0
457	2281	4.0
457	4432	4.0
457	3868	4.0
457	4401	4.0
457	839	4.0
457	2210	4.0
458	1786	4.0
458	2533	2.0
458	1557	5.0
458	906	1.0
458	1655	4.0
459	4695	5.0
459	4255	5.0
459	3131	3.0
459	719	5.0
459	705	5.0
459	1521	5.0
459	845	5.0
459	3958	5.0
460	1921	5.0
460	848	4.0
460	1128	3.0
460	1075	5.0
460	3501	5.0
460	1064	3.0
461	849	1.0
461	4307	5.0
461	916	4.0
461	2775	3.0
461	895	5.0
461	945	2.0
461	1855	3.0
461	1756	4.0
461	3817	5.0
461	898	4.0
462	3269	5.0
462	3967	5.0
462	2871	5.0
462	4196	5.0
462	3845	5.0
463	2294	5.0
463	2814	5.0
463	4023	5.0
463	2386	5.0
463	3125	5.0
464	910	5.0
464	1032	5.0
464	1984	5.0
464	875	3.0
465	2111	5.0
465	2801	5.0
465	1192	4.0
465	2802	5.0
465	2443	5.0
465	1009	5.0
465	1026	2.0
465	2442	5.0
465	1930	5.0
465	949	5.0
465	938	5.0
465	880	5.0
465	1197	5.0
466	3932	5.0
466	920	5.0
466	3057	1.0
466	3414	5.0
466	4051	5.0
466	2881	3.0
466	882	5.0
466	1087	4.0
467	1925	5.0
467	2766	5.0
467	2353	5.0
467	3049	5.0
468	891	5.0
468	2433	5.0
468	4355	5.0
468	931	5.0
469	2907	4.0
469	2466	5.0
469	2430	5.0
469	1735	3.0
469	4439	5.0
469	1475	3.0
470	1467	5.0
470	2924	5.0
470	3736	5.0
470	3227	5.0
470	4499	3.0
470	2233	5.0
470	4545	5.0
470	1067	3.0
470	4315	5.0
470	899	3.0
470	4526	3.0
471	2267	1.0
471	1471	5.0
471	1399	5.0
471	904	5.0
471	1969	5.0
471	1393	5.0
471	1654	5.0
472	2539	5.0
472	3697	4.0
472	904	3.0
472	3886	5.0
473	2700	5.0
473	4345	4.0
473	905	5.0
473	1762	4.0
474	1521	5.0
474	990	2.0
474	997	2.0
474	1097	4.0
474	2090	5.0
475	2428	5.0
475	2815	5.0
475	909	5.0
475	3822	4.0
476	4635	4.0
476	1878	4.0
476	910	4.0
476	2937	5.0
476	2570	4.0
476	3064	2.0
476	4582	3.0
477	3840	5.0
477	1301	5.0
477	910	5.0
477	1173	5.0
477	3032	5.0
477	1364	5.0
478	927	4.0
478	4417	4.0
478	913	5.0
478	1012	4.0
478	1014	4.0
479	2012	5.0
479	1585	1.0
479	2754	5.0
479	3940	5.0
479	3531	5.0
480	920	5.0
480	2186	5.0
480	4201	3.0
480	4259	5.0
480	1268	5.0
480	1894	5.0
481	2797	5.0
481	3775	5.0
481	925	3.0
481	1268	5.0
482	1915	5.0
482	926	3.0
482	2987	4.0
482	1698	3.0
483	933	5.0
483	2930	5.0
483	2084	5.0
483	1626	5.0
483	3535	5.0
484	2553	5.0
484	2863	5.0
484	2147	5.0
484	2866	5.0
484	934	5.0
484	2910	5.0
484	2448	3.0
484	3174	5.0
484	2909	5.0
485	939	5.0
485	2097	5.0
485	1906	4.0
485	2119	5.0
485	1976	5.0
485	2123	5.0
486	940	5.0
486	3069	5.0
486	3065	5.0
486	3580	5.0
486	3104	4.0
486	4677	5.0
487	2346	5.0
487	3864	5.0
487	3892	5.0
487	1797	5.0
488	3430	5.0
488	2238	5.0
488	3300	5.0
488	2243	4.0
488	2698	5.0
488	2340	5.0
488	951	5.0
489	2589	3.0
489	2201	4.0
489	1635	3.0
489	1634	1.0
489	953	3.0
489	2057	3.0
489	4392	3.0
489	1636	5.0
489	1321	3.0
489	1609	1.0
490	2397	5.0
490	1053	5.0
490	956	5.0
490	2656	5.0
490	4506	5.0
491	3537	5.0
491	4334	5.0
491	3836	5.0
491	1296	5.0
491	963	5.0
491	4021	5.0
491	2130	5.0
491	1839	5.0
492	1719	4.0
492	3222	5.0
492	2694	4.0
492	2973	4.0
492	2949	5.0
492	2937	4.0
493	3003	4.0
493	991	5.0
493	3493	5.0
493	980	3.0
493	3620	4.0
493	4370	5.0
493	1001	2.0
493	3921	5.0
493	3613	2.0
493	4273	5.0
493	3601	3.0
493	3483	3.0
494	3883	5.0
494	983	5.0
494	3249	5.0
494	3049	5.0
495	984	5.0
495	2110	1.0
495	1585	5.0
495	4132	5.0
495	2313	5.0
496	1345	5.0
496	1107	5.0
496	1689	5.0
496	1767	5.0
496	985	5.0
496	4225	5.0
496	1811	5.0
496	1862	5.0
496	995	4.0
496	2385	5.0
496	1736	5.0
496	1766	5.0
496	2653	5.0
496	1737	5.0
496	1240	5.0
496	1847	5.0
496	1592	5.0
496	1347	5.0
496	2264	5.0
496	1007	5.0
497	2266	5.0
497	1700	5.0
497	2600	5.0
497	3891	5.0
497	1017	5.0
498	1041	5.0
498	2197	5.0
498	1949	5.0
498	1001	5.0
499	1220	4.0
499	1000	4.0
499	1664	4.0
499	4568	1.0
500	1007	5.0
500	1489	4.0
500	4139	4.0
500	3561	5.0
500	3321	5.0
500	1677	5.0
500	4186	4.0
500	3943	4.0
501	2752	5.0
501	2750	5.0
501	1010	5.0
501	3155	5.0
502	1011	5.0
502	2306	5.0
502	1185	5.0
502	2679	5.0
503	1025	4.0
503	4063	4.0
503	3039	5.0
503	3676	5.0
503	1360	4.0
504	1690	5.0
504	1353	5.0
504	1152	5.0
504	1027	5.0
504	2383	5.0
504	1985	5.0
505	1255	5.0
505	4581	5.0
505	1028	5.0
505	4661	5.0
505	1300	5.0
506	1891	5.0
506	1033	5.0
506	2430	5.0
506	1464	5.0
506	2143	5.0
506	2756	5.0
506	2897	5.0
507	4247	5.0
507	2136	5.0
507	1035	5.0
507	1348	5.0
508	3463	5.0
508	2763	5.0
508	3479	4.0
508	4052	5.0
508	1928	5.0
508	2801	5.0
508	2073	4.0
508	3720	5.0
508	3581	5.0
508	3434	5.0
508	3071	5.0
508	1038	5.0
508	3641	2.0
508	1980	5.0
508	3474	5.0
508	3177	5.0
508	2827	5.0
508	3683	5.0
508	2456	5.0
508	3679	5.0
508	2991	5.0
508	3475	5.0
508	2416	5.0
509	2810	5.0
509	1352	5.0
509	4587	5.0
509	4619	5.0
509	1253	5.0
509	1050	5.0
509	4331	5.0
509	3092	5.0
510	2684	5.0
510	1051	3.0
510	1335	4.0
510	1247	4.0
510	3925	3.0
510	3483	4.0
510	2829	5.0
511	4310	5.0
511	3487	5.0
511	1054	5.0
511	2822	5.0
511	4441	5.0
511	2364	5.0
511	3812	5.0
511	4012	5.0
512	1055	3.0
512	1072	5.0
512	1295	4.0
512	1105	5.0
512	1306	5.0
513	2838	5.0
513	2771	5.0
513	2519	5.0
513	2038	5.0
513	2576	5.0
513	2075	4.0
513	1893	5.0
513	1208	5.0
513	1249	5.0
513	2099	5.0
514	4372	5.0
514	1063	5.0
514	3740	5.0
514	2327	5.0
514	3305	5.0
514	3970	5.0
514	3932	5.0
514	4433	5.0
514	3782	5.0
514	4053	5.0
514	4420	5.0
514	3944	5.0
514	4385	5.0
514	4295	5.0
514	4337	5.0
515	1063	4.0
515	2860	4.0
515	1429	4.0
515	4507	4.0
515	4141	5.0
515	3369	5.0
516	1831	5.0
516	2703	5.0
516	1080	5.0
516	3099	1.0
517	2266	5.0
517	1692	5.0
517	3062	5.0
517	1080	5.0
517	3332	5.0
518	2526	1.0
518	4113	5.0
518	2913	5.0
518	4083	5.0
519	1089	5.0
519	2598	1.0
519	1915	5.0
519	1814	5.0
519	2530	5.0
520	4271	5.0
520	1089	4.0
520	3069	3.0
520	4135	4.0
521	3335	5.0
521	1852	5.0
521	1090	5.0
521	1735	5.0
521	1352	5.0
522	3754	5.0
522	1089	5.0
522	3637	5.0
522	2810	5.0
522	3682	5.0
523	2654	5.0
523	4304	5.0
523	2468	5.0
523	3022	5.0
523	2417	5.0
523	1665	4.0
524	1101	5.0
524	1229	5.0
524	1288	4.0
524	1212	5.0
524	1178	4.0
525	1114	5.0
525	3710	5.0
525	3540	5.0
525	1472	5.0
525	2273	5.0
525	4272	5.0
525	2711	5.0
525	4688	5.0
525	1705	5.0
525	4291	5.0
526	2609	3.0
526	3061	4.0
526	4356	1.0
526	3849	3.0
526	1114	5.0
526	4354	3.0
526	3962	3.0
526	4666	1.0
526	4133	3.0
526	3103	3.0
527	3855	5.0
527	2232	5.0
527	1722	5.0
527	1122	5.0
527	4371	5.0
528	3680	5.0
528	3619	5.0
528	1733	5.0
528	3940	5.0
528	3490	5.0
528	1180	5.0
528	4652	5.0
528	1556	5.0
528	2135	5.0
528	1124	5.0
528	3041	5.0
528	3591	5.0
528	2398	5.0
528	4509	5.0
528	2540	5.0
529	2219	5.0
529	2118	5.0
529	1126	5.0
529	3664	5.0
529	3443	3.0
530	3761	4.0
530	1129	5.0
530	1877	5.0
530	1691	3.0
531	2421	2.0
531	1130	4.0
531	3862	2.0
531	3455	5.0
531	4326	4.0
531	4184	4.0
531	2161	4.0
532	3293	5.0
532	1138	5.0
532	2173	5.0
532	4421	5.0
532	3390	5.0
533	2261	3.0
533	4059	5.0
533	4162	5.0
533	1784	5.0
533	2963	5.0
533	1139	5.0
533	4035	5.0
534	4521	5.0
534	2030	5.0
534	3419	5.0
534	996	5.0
534	2388	5.0
534	1141	5.0
534	4221	5.0
534	4634	5.0
535	2444	5.0
535	1144	5.0
535	2396	5.0
535	1418	5.0
536	2971	5.0
536	1149	5.0
536	3265	5.0
536	2378	5.0
537	2975	5.0
537	1267	5.0
537	2356	5.0
537	3035	5.0
537	1159	5.0
538	1585	1.0
538	264	5.0
538	1882	5.0
538	4489	5.0
538	1161	5.0
538	280	5.0
539	1161	5.0
539	1842	5.0
539	3255	5.0
539	1896	2.0
539	2782	3.0
539	2201	5.0
539	1905	5.0
539	4144	5.0
540	4096	5.0
540	3814	5.0
540	3971	4.0
540	1166	5.0
540	3991	5.0
540	3922	5.0
541	3313	5.0
541	2841	5.0
541	3704	4.0
541	3068	5.0
541	2988	5.0
541	3688	4.0
541	1794	5.0
541	1169	5.0
541	2864	5.0
541	2298	5.0
541	2058	5.0
541	2728	5.0
541	2893	5.0
541	3658	5.0
541	3160	4.0
541	1318	5.0
541	2525	5.0
541	2608	5.0
541	2824	5.0
541	3564	5.0
541	3521	5.0
541	2735	5.0
541	2236	5.0
541	3882	5.0
541	3284	5.0
541	3690	4.0
541	2915	5.0
541	2699	5.0
541	1800	4.0
541	2762	5.0
541	3630	5.0
541	2717	5.0
541	2756	5.0
542	1352	4.0
542	1172	5.0
542	1407	5.0
542	1886	5.0
542	4188	3.0
543	1176	4.0
543	3192	3.0
543	3356	5.0
543	1466	4.0
543	2443	5.0
544	1180	5.0
544	2343	3.0
544	3692	5.0
544	2353	4.0
544	1500	5.0
545	3592	5.0
545	1332	5.0
545	4045	4.0
545	3933	4.0
546	1284	5.0
546	1232	5.0
546	1836	4.0
546	2248	5.0
546	3193	5.0
547	4732	5.0
547	1189	5.0
547	3939	5.0
547	1248	5.0
548	1222	5.0
548	1784	5.0
548	3039	5.0
548	1193	5.0
548	3832	5.0
548	2757	5.0
549	1196	1.0
549	3481	5.0
549	3687	5.0
549	3045	5.0
549	3485	5.0
549	3595	5.0
549	2813	5.0
550	2896	5.0
550	1760	4.0
550	1198	3.0
550	2020	5.0
550	1245	3.0
550	1758	4.0
551	1204	5.0
551	3460	3.0
551	2950	5.0
551	1856	5.0
551	2336	4.0
551	3125	5.0
552	2266	5.0
552	1250	4.0
552	3802	5.0
552	4219	4.0
552	3876	5.0
552	3796	4.0
552	1205	1.0
552	3789	5.0
552	4136	5.0
552	3586	5.0
552	4232	5.0
552	3493	4.0
552	4573	4.0
552	2829	5.0
553	1237	3.0
553	1608	5.0
553	2831	5.0
553	4584	5.0
553	2166	5.0
553	4736	5.0
553	1209	3.0
553	1299	5.0
554	2555	5.0
554	4083	5.0
554	4030	4.0
554	3999	1.0
554	4108	4.0
554	4191	2.0
554	1784	5.0
554	3539	5.0
554	4182	2.0
554	3059	3.0
554	1228	4.0
554	3877	5.0
554	3019	3.0
554	2418	5.0
554	1312	5.0
554	3230	5.0
554	3036	5.0
554	4074	4.0
554	3336	5.0
554	4039	4.0
554	4192	2.0
555	3328	5.0
555	2410	4.0
555	1230	2.0
555	3456	4.0
555	1283	5.0
555	3825	5.0
555	4263	5.0
555	3371	4.0
555	3562	5.0
556	2571	4.0
556	4715	5.0
556	1231	4.0
556	4644	3.0
556	4375	4.0
557	2738	5.0
557	3496	5.0
557	1241	5.0
557	3515	5.0
557	1873	5.0
557	3553	5.0
558	2848	5.0
558	1244	5.0
558	2282	5.0
558	3914	5.0
559	2412	5.0
559	2827	5.0
559	1500	5.0
559	1839	5.0
559	3256	5.0
559	2413	5.0
559	3167	5.0
559	2121	5.0
559	3181	5.0
559	3582	1.0
560	2362	1.0
560	1572	5.0
560	2353	5.0
560	1625	5.0
560	1798	5.0
560	3879	5.0
560	3424	5.0
561	2143	2.0
561	4193	5.0
561	4620	4.0
561	1506	4.0
561	3655	4.0
561	1857	5.0
561	1486	3.0
561	1891	2.0
561	1263	5.0
561	1753	5.0
562	1783	4.0
562	2505	4.0
562	4026	4.0
562	1834	4.0
562	1870	5.0
562	3311	3.0
562	1264	4.0
563	2390	5.0
563	1726	5.0
563	1455	5.0
563	2646	5.0
563	1266	3.0
564	4013	5.0
564	1391	5.0
564	4435	5.0
564	1268	4.0
565	1575	5.0
565	3053	5.0
565	1273	5.0
565	2771	5.0
565	4680	5.0
566	1274	5.0
566	1486	5.0
566	1648	5.0
566	1970	5.0
567	1645	5.0
567	3987	5.0
567	1649	5.0
567	1276	4.0
568	4458	5.0
568	1275	5.0
568	4395	5.0
568	1569	5.0
568	1746	5.0
568	3762	5.0
569	2928	3.0
569	1282	3.0
569	1966	5.0
569	1648	4.0
570	4220	4.0
570	1470	5.0
570	3386	5.0
570	3066	5.0
570	3381	5.0
570	3005	5.0
570	2654	1.0
570	1291	5.0
570	1389	3.0
570	3391	5.0
570	3377	5.0
570	3334	4.0
570	3364	5.0
570	2663	5.0
570	2332	4.0
570	3393	4.0
570	2489	5.0
570	3343	4.0
570	3365	4.0
570	3389	4.0
570	3251	3.0
570	3396	5.0
570	2521	5.0
571	3697	5.0
571	1293	5.0
571	2432	5.0
571	2221	5.0
571	1705	5.0
572	4628	5.0
572	4594	5.0
572	1512	5.0
572	1293	5.0
572	970	5.0
572	4590	4.0
572	4610	5.0
572	3595	5.0
573	3407	5.0
573	4606	5.0
573	3626	5.0
573	3887	5.0
573	3881	5.0
574	3287	5.0
574	3307	5.0
574	4198	5.0
574	1299	5.0
575	1830	2.0
575	2476	5.0
575	2327	5.0
575	1304	5.0
576	1959	5.0
576	3007	3.0
576	4599	5.0
576	1519	5.0
577	2707	5.0
577	1311	3.0
577	3088	5.0
577	4358	4.0
578	4251	4.0
578	4352	5.0
578	1318	5.0
578	3645	4.0
578	2425	5.0
578	3109	2.0
578	4411	5.0
578	4435	5.0
578	4424	5.0
578	3991	5.0
578	2969	4.0
578	2376	5.0
578	3726	4.0
578	4246	1.0
578	3618	5.0
578	4408	5.0
579	1395	5.0
579	1321	5.0
579	4384	4.0
579	4720	5.0
580	4119	4.0
580	3549	5.0
580	4139	5.0
580	1322	5.0
581	4597	5.0
581	4588	5.0
581	4595	5.0
581	4592	5.0
582	2885	5.0
582	1330	5.0
582	2850	5.0
582	3794	5.0
582	4095	5.0
582	4604	5.0
582	4422	5.0
583	1591	5.0
583	2261	5.0
583	1488	5.0
583	2435	5.0
583	1548	4.0
583	1345	5.0
583	3874	5.0
583	1331	5.0
583	1562	5.0
584	3486	2.0
584	2139	3.0
584	1404	5.0
584	1335	1.0
584	1631	3.0
584	1668	5.0
585	3013	5.0
585	1997	5.0
585	3442	5.0
585	3644	5.0
585	4306	5.0
585	2716	4.0
585	2940	5.0
585	3965	5.0
585	3602	5.0
585	2828	5.0
585	2066	5.0
585	3519	5.0
585	3261	5.0
585	3703	5.0
585	2586	5.0
586	4248	3.0
586	2635	5.0
586	1352	3.0
586	3014	4.0
587	2745	5.0
587	2765	5.0
587	1500	5.0
587	3524	2.0
587	3271	5.0
587	2837	4.0
587	1600	5.0
587	1361	4.0
587	2729	4.0
587	1803	3.0
587	2147	4.0
587	2632	5.0
588	4693	5.0
588	4210	5.0
588	2586	2.0
588	1374	5.0
588	2481	5.0
588	2520	5.0
588	2522	5.0
589	1421	4.0
589	1694	4.0
589	4630	4.0
589	4653	4.0
589	2486	4.0
589	4626	4.0
589	1376	4.0
590	3024	5.0
590	1376	5.0
590	3719	5.0
590	3303	3.0
590	2951	4.0
591	1379	2.0
591	2292	5.0
591	3638	5.0
591	1500	5.0
591	3148	5.0
592	2658	5.0
592	2240	4.0
592	2968	5.0
592	2797	5.0
592	4672	5.0
592	4660	5.0
592	1693	5.0
593	1513	1.0
593	2345	3.0
593	1390	5.0
593	2326	5.0
593	4562	4.0
594	3947	4.0
594	4324	5.0
594	1396	3.0
594	1479	4.0
595	4729	1.0
595	1407	5.0
595	4262	5.0
595	2600	5.0
595	3998	5.0
595	4360	3.0
595	2326	5.0
595	1967	1.0
596	3380	5.0
596	1413	3.0
596	3368	3.0
596	4088	2.0
597	2833	4.0
597	3556	4.0
597	3710	5.0
597	3008	4.0
597	1419	5.0
597	3391	4.0
597	3825	5.0
598	3153	5.0
598	1423	4.0
598	1926	5.0
598	2266	5.0
598	1940	2.0
599	4572	4.0
599	1447	5.0
599	4574	5.0
599	1437	1.0
599	4575	5.0
600	1448	5.0
600	2008	5.0
600	1988	4.0
600	1640	5.0
601	4733	1.0
601	4426	5.0
601	4548	3.0
601	3592	5.0
601	3312	1.0
601	3320	5.0
601	2065	5.0
601	3378	5.0
601	2963	2.0
601	1454	5.0
602	3526	5.0
602	1460	5.0
602	2759	1.0
602	2797	3.0
602	4101	4.0
603	4204	1.0
603	2584	4.0
603	1469	5.0
603	2059	5.0
603	2513	5.0
603	2510	5.0
603	4399	5.0
603	4743	3.0
604	3648	5.0
604	381	5.0
604	4016	5.0
604	3063	5.0
605	1485	3.0
605	4482	5.0
605	2895	5.0
605	2043	3.0
605	2123	5.0
606	4341	5.0
606	1501	5.0
606	4054	5.0
606	4433	3.0
606	3722	5.0
606	4342	5.0
606	3594	5.0
606	3586	5.0
606	3169	5.0
606	4459	3.0
606	2657	2.0
607	1502	3.0
607	2579	4.0
607	1889	4.0
607	4382	5.0
608	1531	5.0
608	3214	4.0
608	3437	4.0
608	3558	4.0
609	2926	5.0
609	2325	5.0
609	1550	5.0
609	2468	5.0
610	3218	5.0
610	4155	4.0
610	1565	4.0
610	4750	5.0
610	4065	5.0
610	4353	4.0
611	1938	5.0
611	2642	5.0
611	2382	5.0
611	2318	5.0
611	1583	5.0
612	2744	5.0
612	4153	5.0
612	1855	5.0
612	3701	5.0
612	1585	5.0
613	1661	5.0
613	3961	5.0
613	1585	5.0
613	2130	5.0
614	2022	5.0
614	2868	5.0
614	1585	5.0
614	3206	5.0
614	1785	5.0
615	2067	5.0
615	4226	5.0
615	2015	5.0
615	1585	5.0
616	2941	5.0
616	2842	5.0
616	2349	5.0
616	2641	5.0
616	1937	5.0
616	2581	1.0
616	1585	5.0
617	3833	5.0
617	1899	5.0
617	2088	5.0
617	1835	5.0
617	2295	5.0
618	1649	5.0
618	4175	1.0
618	2182	5.0
618	4740	5.0
618	1336	3.0
618	1594	5.0
618	1632	5.0
618	4274	1.0
618	3350	1.0
619	2524	5.0
619	4583	5.0
619	2261	5.0
619	2903	5.0
619	1611	5.0
620	2575	5.0
620	2985	5.0
620	2626	1.0
620	2159	5.0
620	1995	5.0
620	2023	5.0
620	3146	5.0
621	4437	5.0
621	1629	5.0
621	4374	5.0
621	3991	4.0
622	3110	3.0
622	4068	5.0
622	2239	5.0
622	1925	5.0
622	4430	5.0
622	1662	5.0
622	4529	5.0
623	1666	5.0
623	1837	5.0
623	2130	2.0
623	1965	4.0
624	1678	2.0
624	4321	1.0
624	4208	4.0
624	3980	2.0
624	3359	1.0
624	3987	3.0
624	4543	2.0
624	4169	5.0
624	3681	3.0
625	2804	5.0
625	2208	5.0
625	2667	5.0
625	2191	5.0
625	1679	5.0
626	3118	4.0
626	2683	4.0
626	2706	4.0
626	2285	4.0
626	2914	5.0
626	2872	5.0
626	2767	5.0
626	2835	5.0
626	2960	5.0
626	2967	5.0
626	2276	5.0
626	3127	5.0
626	3113	5.0
626	2492	5.0
626	2681	4.0
626	2825	5.0
626	2669	5.0
626	2360	3.0
626	2743	5.0
626	2105	5.0
626	2277	4.0
626	3821	4.0
626	1689	4.0
626	2351	5.0
627	3662	3.0
627	1708	3.0
627	2273	5.0
627	2846	5.0
627	4178	4.0
627	2182	4.0
627	2770	2.0
628	2171	5.0
628	1709	5.0
628	2614	5.0
628	3957	5.0
628	1712	5.0
628	3846	5.0
629	4561	5.0
629	2353	5.0
629	2227	5.0
629	3856	5.0
630	2920	5.0
630	3310	5.0
630	1788	5.0
630	2785	5.0
630	3235	5.0
630	3037	5.0
630	2472	5.0
630	1837	5.0
630	3273	5.0
631	2077	5.0
631	2697	5.0
631	1727	5.0
631	2347	5.0
632	3162	3.0
632	1742	3.0
632	3052	1.0
632	2714	5.0
632	4252	1.0
632	3907	5.0
633	2603	5.0
633	4632	4.0
633	3155	5.0
633	1784	5.0
633	2001	5.0
633	4154	5.0
634	1783	2.0
634	1751	3.0
634	2460	2.0
634	2386	2.0
635	1902	5.0
635	1754	5.0
635	1791	5.0
635	2727	5.0
636	2958	5.0
636	4214	5.0
636	3522	5.0
636	2190	5.0
636	3256	5.0
636	1781	1.0
636	4464	5.0
636	3277	5.0
637	2701	5.0
637	1787	4.0
637	2644	1.0
637	1797	5.0
637	3864	5.0
638	4077	4.0
638	4371	1.0
638	4657	3.0
638	4522	3.0
639	1784	5.0
639	2939	4.0
639	2003	5.0
639	4029	5.0
639	2481	5.0
639	3952	5.0
640	1787	4.0
640	4491	2.0
640	1204	3.0
640	4618	2.0
641	1792	4.0
641	2491	4.0
641	3549	1.0
641	3522	4.0
642	1956	5.0
642	2092	5.0
642	3799	4.0
642	2657	5.0
642	1804	5.0
642	3595	5.0
642	4445	5.0
642	3541	5.0
642	1861	3.0
642	1795	5.0
642	3604	5.0
642	3168	3.0
643	2094	5.0
643	1872	5.0
643	2996	5.0
643	3700	5.0
643	4697	5.0
643	1989	1.0
643	1941	5.0
643	4656	5.0
643	2530	5.0
643	4701	5.0
643	2727	5.0
643	1797	5.0
643	1867	5.0
643	3187	5.0
643	3331	5.0
643	3864	5.0
643	2876	5.0
643	4674	5.0
643	4577	5.0
643	3337	5.0
643	1836	5.0
643	2273	5.0
643	3439	5.0
643	4710	5.0
643	3930	5.0
643	3545	5.0
644	4062	4.0
644	4655	5.0
644	1855	5.0
644	4364	5.0
644	3467	5.0
644	1822	5.0
644	3706	5.0
644	3904	5.0
645	3699	4.0
645	2015	5.0
645	2450	4.0
645	2720	2.0
645	3678	4.0
645	4278	5.0
645	1846	4.0
645	2570	2.0
646	1849	5.0
646	4386	5.0
646	4410	5.0
646	1906	5.0
646	3309	5.0
647	2775	5.0
647	1858	5.0
647	2749	5.0
647	4705	5.0
647	2290	5.0
647	2430	5.0
647	3010	4.0
647	2898	5.0
647	2479	5.0
647	3454	4.0
647	3271	5.0
647	2187	5.0
648	3861	4.0
648	3906	3.0
648	1864	1.0
648	2199	5.0
648	2906	2.0
649	1872	5.0
649	3133	5.0
649	3529	5.0
649	1870	5.0
650	1870	5.0
650	4648	5.0
650	2507	5.0
650	3065	5.0
651	3701	5.0
651	3837	5.0
651	1876	5.0
651	4405	5.0
651	3280	4.0
651	2283	5.0
651	4721	4.0
651	2868	5.0
651	2516	4.0
652	3790	5.0
652	2670	5.0
652	1999	5.0
652	2205	5.0
652	3158	5.0
652	1880	5.0
652	2500	5.0
652	3518	5.0
653	1945	5.0
653	3158	5.0
653	4449	5.0
653	2946	5.0
653	1880	5.0
653	2133	3.0
653	2302	3.0
653	1946	5.0
654	2395	5.0
654	2310	5.0
654	1880	5.0
654	1971	5.0
655	2535	5.0
655	2352	5.0
655	3766	5.0
655	2548	5.0
655	2682	1.0
656	3078	2.0
656	4532	5.0
656	2746	4.0
656	4569	1.0
656	1924	5.0
656	3188	5.0
656	2627	1.0
656	2473	2.0
656	3196	2.0
656	3735	1.0
656	2847	5.0
656	2876	5.0
657	4282	4.0
657	3677	5.0
657	3491	4.0
657	1932	5.0
657	3115	5.0
657	3979	5.0
657	4237	5.0
657	3792	5.0
657	4236	4.0
658	2936	4.0
658	2530	3.0
658	3930	3.0
658	1941	3.0
659	2596	5.0
659	1947	5.0
659	2255	5.0
659	4669	5.0
660	1952	5.0
660	4022	5.0
660	4755	2.0
660	2676	5.0
661	3195	5.0
661	3843	5.0
661	1964	5.0
661	917	5.0
662	3510	4.0
662	2284	3.0
662	4667	5.0
662	1980	5.0
663	3155	4.0
663	3255	4.0
663	4671	4.0
663	4243	4.0
663	2952	4.0
663	3041	4.0
663	2001	4.0
664	2754	2.0
664	2631	5.0
664	3091	5.0
664	3531	2.0
665	2151	4.0
665	2666	4.0
665	2467	5.0
665	2158	5.0
666	2742	5.0
666	2366	5.0
666	3514	5.0
666	3939	5.0
666	4284	5.0
666	2031	5.0
666	3526	4.0
667	2036	3.0
667	4348	5.0
667	2039	4.0
667	4316	3.0
667	2983	5.0
667	4391	5.0
667	4000	5.0
667	3793	5.0
667	3851	5.0
667	3457	4.0
667	3558	3.0
667	2955	5.0
667	4364	5.0
667	4363	5.0
667	3844	4.0
667	3679	5.0
667	3437	3.0
667	4379	5.0
667	2777	5.0
668	3474	5.0
668	3580	5.0
668	3571	5.0
668	2870	5.0
668	3211	5.0
668	3477	5.0
668	2531	5.0
668	2989	5.0
668	2049	5.0
668	3210	5.0
668	3345	5.0
668	4589	5.0
668	3542	5.0
668	3471	5.0
668	3233	5.0
668	3472	5.0
668	3642	5.0
668	3097	5.0
669	2288	5.0
669	3816	5.0
669	2878	5.0
669	2053	5.0
669	2999	5.0
669	4129	5.0
669	2768	5.0
670	4321	3.0
670	4119	1.0
670	2057	5.0
670	4436	5.0
670	3243	5.0
670	4734	5.0
671	3051	5.0
671	4029	5.0
671	718	5.0
671	3589	2.0
671	2093	5.0
672	4414	5.0
672	3992	5.0
672	2112	5.0
672	4085	5.0
672	4608	5.0
673	4056	5.0
673	3268	5.0
673	3138	5.0
673	2130	5.0
674	4233	5.0
674	2144	5.0
674	2536	5.0
674	3469	5.0
675	3184	5.0
675	3163	5.0
675	4403	5.0
675	3340	5.0
675	2767	5.0
675	3198	5.0
675	3781	5.0
675	2559	5.0
675	3299	5.0
675	4020	5.0
675	2339	5.0
675	2829	5.0
675	2424	5.0
675	4148	5.0
675	3694	5.0
675	3451	5.0
675	3780	5.0
675	2561	5.0
675	2796	5.0
675	2683	5.0
675	3429	5.0
675	2169	5.0
675	2807	5.0
676	2185	5.0
676	2204	5.0
676	2186	5.0
676	3057	4.0
676	2261	5.0
677	2957	5.0
677	4675	5.0
677	3322	5.0
677	4676	5.0
677	3342	5.0
677	4106	5.0
677	4611	5.0
677	4691	5.0
677	3544	5.0
677	3225	5.0
677	2633	5.0
678	3771	5.0
678	2300	5.0
678	2247	5.0
678	2639	5.0
678	4295	5.0
678	3305	5.0
679	3674	5.0
679	2258	5.0
679	3058	5.0
679	3324	5.0
680	2963	5.0
680	4418	5.0
680	3842	1.0
680	4115	3.0
680	4478	5.0
680	3902	5.0
680	2261	5.0
680	4189	5.0
680	4008	1.0
680	2817	5.0
681	3514	5.0
681	3438	4.0
681	4525	3.0
681	3684	5.0
681	3542	5.0
681	2846	5.0
681	2801	5.0
681	3632	5.0
681	2296	5.0
681	3086	5.0
681	3219	5.0
681	3597	5.0
681	2692	5.0
681	2742	5.0
681	3744	5.0
681	3683	5.0
681	3523	5.0
682	4523	3.0
682	2437	5.0
682	3423	5.0
682	2775	4.0
683	2447	5.0
683	2367	5.0
683	3803	2.0
683	2415	2.0
683	4566	5.0
683	3504	5.0
684	2497	5.0
684	2386	5.0
684	4751	4.0
684	3436	5.0
684	2730	5.0
684	2751	4.0
684	2449	5.0
684	3558	5.0
684	3041	5.0
684	4683	5.0
684	2802	5.0
684	3437	5.0
684	3953	5.0
685	2506	5.0
685	2502	5.0
685	2511	5.0
685	2944	5.0
685	2404	4.0
686	2475	5.0
686	4490	2.0
686	2481	4.0
686	2405	4.0
686	4500	3.0
687	2890	5.0
687	2426	5.0
687	2968	5.0
687	4455	5.0
688	2443	5.0
688	4722	3.0
688	3867	4.0
688	3165	4.0
688	4757	5.0
688	3052	4.0
688	4731	5.0
688	3025	4.0
688	4230	3.0
689	2605	5.0
689	2949	5.0
689	3237	5.0
689	2560	5.0
690	3560	5.0
690	2582	5.0
690	3201	3.0
690	3729	5.0
690	4709	3.0
690	3473	4.0
691	3343	5.0
691	3959	3.0
691	3154	5.0
691	2623	5.0
692	2804	4.0
692	4513	1.0
692	2845	3.0
692	4510	5.0
693	3155	4.0
693	2697	5.0
693	3420	4.0
693	3170	4.0
694	3617	5.0
694	3514	4.0
694	2812	4.0
694	4504	5.0
694	2904	5.0
694	2742	4.0
694	3341	5.0
694	3506	4.0
695	2784	5.0
695	4195	5.0
695	3717	5.0
695	3070	5.0
695	3205	5.0
696	4477	5.0
696	2833	5.0
696	3934	5.0
696	4183	5.0
696	3255	5.0
697	2882	4.0
697	3239	5.0
697	4344	5.0
697	3956	5.0
698	3197	5.0
698	3318	4.0
698	3624	5.0
698	3052	5.0
698	3747	5.0
698	3124	5.0
699	3271	5.0
699	4102	5.0
699	3654	5.0
699	4246	5.0
699	3028	5.0
699	4036	5.0
700	3046	5.0
700	4182	5.0
700	4294	5.0
700	4048	5.0
701	4144	5.0
701	4181	4.0
701	3551	4.0
701	3061	1.0
702	3079	4.0
702	4141	5.0
702	3398	5.0
702	3403	5.0
702	4402	3.0
703	4468	5.0
703	3095	5.0
703	3966	5.0
703	4038	5.0
703	3795	5.0
704	4270	5.0
704	3256	5.0
704	4078	5.0
704	4203	5.0
704	4079	5.0
704	3350	5.0
704	3725	5.0
704	4327	5.0
704	4360	5.0
704	3827	4.0
705	4443	4.0
705	4034	4.0
705	4026	4.0
705	3215	4.0
706	3224	5.0
706	3534	5.0
706	3592	5.0
706	3484	5.0
706	3693	5.0
707	4267	1.0
707	4725	1.0
707	3249	5.0
707	3470	3.0
708	4716	5.0
708	4694	5.0
708	4698	5.0
708	3267	5.0
709	4125	5.0
709	2737	5.0
709	3927	5.0
709	4442	5.0
710	3896	3.0
710	3607	5.0
710	4003	5.0
710	3356	5.0
711	4360	5.0
711	3633	5.0
711	3600	5.0
711	3585	5.0
712	4185	5.0
712	3597	1.0
712	4367	5.0
712	4295	5.0
