0	170	1.0
0	2747	1.0
0	612	1.0
0	1738	1.0
1	1635	1.0
1	27	1.0
1	804	1.0
1	2648	1.0
1	1917	0.8
2	1776	1.0
2	2075	1.0
2	1738	1.0
2	2015	1.0
2	1546	1.0
2	1774	1.0
2	2103	1.0
2	1910	1.0
2	2001	1.0
3	1626	1.0
3	2138	1.0
3	2057	1.0
3	2136	0.8
3	1491	1.0
3	1378	1.0
4	2040	1.0
4	1831	0.8
4	1372	0.8
4	2201	1.0
4	2029	0.8
4	2003	0.4
4	832	1.0
4	435	1.0
4	2015	0.8
4	1905	0.8
4	2058	1.0
4	1738	1.0
4	2197	1.0
4	2107	0.8
4	377	1.0
5	2375	0.8
5	2756	0.8
5	2501	1.0
5	2435	1.0
6	1780	1.0
6	1750	1.0
6	1790	1.0
6	1782	1.0
6	1817	1.0
6	2058	1.0
6	1896	1.0
7	2203	1.0
7	2731	0.8
7	2162	1.0
7	2057	1.0
7	2647	1.0
7	2055	0.8
7	741	1.0
7	2058	1.0
7	2179	1.0
7	2163	0.8
7	2643	0.6
7	1913	0.8
7	2120	1.0
7	1948	0.8
7	1630	1.0
7	2391	1.0
7	640	1.0
8	1857	1.0
8	143	1.0
8	2176	1.0
8	1829	1.0
8	163	1.0
8	180	1.0
8	155	1.0
8	647	1.0
9	405	1.0
9	2658	1.0
9	359	1.0
9	2058	1.0
9	871	1.0
9	1658	1.0
9	1152	1.0
9	528	1.0
9	3040	1.0
9	844	1.0
9	313	1.0
9	12	1.0
9	1687	1.0
9	1555	1.0
9	535	1.0
9	637	1.0
9	1622	1.0
9	865	1.0
9	1406	1.0
9	2113	1.0
9	785	1.0
9	1114	1.0
9	803	1.0
9	3131	1.0
9	164	1.0
9	2968	1.0
9	1408	1.0
9	1157	1.0
9	1092	1.0
9	380	1.0
9	574	1.0
9	2947	1.0
9	1585	1.0
9	2923	1.0
9	299	1.0
9	1193	1.0
9	1189	1.0
9	1119	1.0
9	2976	1.0
9	819	1.0
9	2824	1.0
9	828	1.0
9	3332	1.0
9	2818	1.0
9	1657	1.0
9	482	1.0
9	1117	1.0
9	3090	1.0
9	668	1.0
9	1220	1.0
9	3127	1.0
9	2894	1.0
9	585	1.0
9	191	1.0
9	3044	1.0
9	1688	1.0
9	140	1.0
9	489	1.0
9	1640	1.0
9	910	1.0
9	2015	1.0
9	1063	1.0
9	1831	1.0
9	2957	1.0
9	3112	1.0
9	1583	1.0
9	1091	1.0
9	3061	1.0
9	2769	1.0
9	3041	1.0
9	814	1.0
9	3016	1.0
9	2774	1.0
9	913	1.0
9	2832	1.0
9	615	1.0
9	2872	1.0
9	698	1.0
9	2178	1.0
9	1221	1.0
9	2932	1.0
9	822	1.0
9	316	1.0
9	269	1.0
9	2917	1.0
10	2717	0.8
10	2697	1.0
10	3	1.0
10	1	1.0
10	2746	1.0
10	2585	1.0
11	3009	1.0
11	419	1.0
11	1057	1.0
11	810	1.0
12	652	1.0
12	363	0.6
12	2404	0.8
12	1226	1.0
12	1700	1.0
12	1437	0.6
13	1149	1.0
13	891	1.0
13	3	1.0
13	511	0.6
14	1279	0.8
14	1801	1.0
14	1293	0.8
14	1840	1.0
14	2033	0.8
15	1364	1.0
15	587	1.0
15	718	1.0
15	706	1.0
15	800	1.0
15	1664	0.8
15	2568	1.0
15	1728	1.0
15	1773	1.0
16	1274	1.0
16	1867	0.6
16	1780	0.8
16	2106	1.0
17	889	1.0
17	39	1.0
17	2428	1.0
17	41	1.0
17	1252	1.0
17	2359	1.0
17	693	1.0
17	3056	1.0
17	3139	1.0
17	2363	1.0
17	2367	1.0
17	2361	1.0
17	653	1.0
17	1559	1.0
17	3050	1.0
17	2364	1.0
17	2366	1.0
17	43	1.0
17	2360	1.0
17	230	1.0
17	2362	1.0
17	1788	0.8
17	2390	0.8
17	2365	1.0
18	3219	1.0
18	921	1.0
18	2277	1.0
18	3266	1.0
19	544	1.0
19	2496	0.8
19	2487	1.0
19	1231	0.8
19	2346	0.6
20	1630	1.0
20	1251	1.0
20	1563	1.0
20	2415	1.0
20	3116	1.0
20	1662	1.0
20	2223	1.0
20	607	1.0
20	1368	0.8
20	1208	1.0
20	188	1.0
20	2107	1.0
20	1420	1.0
20	1781	1.0
21	2610	1.0
21	2629	1.0
21	2357	1.0
21	2579	1.0
21	1905	1.0
21	2741	1.0
22	1024	1.0
22	469	1.0
22	1850	1.0
22	1023	1.0
23	2080	0.8
23	1163	0.6
23	37	0.6
23	1256	0.6
23	2911	0.8
24	1501	1.0
24	1632	1.0
24	2433	1.0
24	2267	1.0
24	1739	1.0
24	2192	0.8
24	1992	1.0
25	2598	1.0
25	2591	0.6
25	1333	0.8
25	891	0.4
26	1431	1.0
26	364	1.0
26	608	1.0
26	830	1.0
26	476	1.0
26	408	1.0
26	1643	1.0
26	426	1.0
26	1905	1.0
26	1375	1.0
26	491	1.0
26	548	1.0
26	1434	1.0
26	1465	1.0
26	244	1.0
26	1961	1.0
26	797	1.0
27	2505	1.0
27	2395	1.0
27	1787	1.0
27	1522	1.0
27	2480	1.0
27	1402	0.8
27	1885	1.0
28	1742	1.0
28	2375	1.0
28	2706	1.0
28	1324	1.0
28	1751	1.0
28	1823	1.0
29	2399	0.8
29	2642	0.8
29	2158	1.0
29	711	0.8
29	2011	0.8
29	2561	0.8
30	2200	0.6
30	2111	0.6
30	1821	0.6
30	1910	0.6
30	1764	1.0
31	1444	0.8
31	1732	1.0
31	1685	0.2
31	1692	0.8
32	1775	1.0
32	2504	1.0
32	916	1.0
32	1236	1.0
32	2329	1.0
33	2426	1.0
33	1554	1.0
33	283	1.0
33	3226	1.0
33	1752	1.0
33	1873	1.0
33	1616	1.0
33	715	1.0
33	1766	1.0
33	1822	1.0
33	1910	1.0
33	1707	1.0
33	1783	1.0
33	2581	1.0
33	1678	1.0
33	1872	1.0
33	335	1.0
33	3197	1.0
33	2615	1.0
34	2851	1.0
34	297	1.0
34	1251	1.0
34	1961	1.0
34	2728	0.8
35	2238	1.0
35	2279	1.0
35	1905	1.0
35	2211	1.0
35	2176	1.0
35	2175	1.0
35	1255	1.0
36	2691	1.0
36	223	1.0
36	2312	1.0
36	520	1.0
36	1060	1.0
36	488	1.0
37	933	0.6
37	938	0.6
37	831	1.0
37	756	1.0
38	1082	0.2
38	2	1.0
38	1561	0.2
38	1322	0.2
38	2823	0.2
38	1192	0.2
38	1078	0.2
38	1000	0.2
38	1809	1.0
38	1149	0.2
38	1185	0.2
38	1642	0.2
38	1513	1.0
38	196	0.2
38	1544	1.0
38	1555	0.2
38	1303	0.2
38	449	0.2
38	991	0.2
38	1290	1.0
38	112	0.4
38	1614	0.2
38	1083	1.0
38	181	0.2
38	1841	0.2
38	1248	0.2
39	1631	1.0
39	2047	1.0
39	1795	1.0
39	2383	1.0
39	1535	1.0
39	2223	1.0
39	2611	1.0
39	2146	1.0
39	2392	0.8
39	2129	1.0
39	2484	1.0
40	870	1.0
40	909	1.0
40	2573	1.0
40	2098	1.0
41	901	1.0
41	51	1.0
41	1497	1.0
41	559	1.0
41	547	1.0
42	632	0.2
42	737	0.2
42	914	0.2
42	169	0.2
42	478	0.2
42	319	0.2
42	524	0.2
43	4	1.0
43	1777	1.0
43	7	1.0
43	6	1.0
44	1875	1.0
44	2227	1.0
44	2223	1.0
44	2623	0.6
44	3302	1.0
44	1309	1.0
44	1404	1.0
44	872	1.0
45	2118	1.0
45	2876	1.0
45	221	1.0
45	2311	1.0
45	120	1.0
45	36	1.0
45	1969	1.0
46	1660	1.0
46	1484	1.0
46	1652	1.0
46	1773	1.0
46	1079	1.0
46	1601	1.0
46	1710	1.0
46	2026	1.0
46	2158	1.0
46	1738	1.0
46	1081	1.0
46	696	1.0
46	1602	1.0
47	122	0.6
47	1473	0.8
47	1543	0.6
47	453	1.0
47	2459	0.8
47	1428	0.8
47	1476	0.8
48	2330	1.0
48	2501	1.0
48	3162	0.6
48	2747	1.0
48	2395	1.0
48	2588	1.0
49	336	0.8
49	715	1.0
49	1043	1.0
49	1028	1.0
49	1281	0.8
49	1265	0.6
49	937	0.8
49	1186	1.0
49	1225	0.6
49	747	1.0
49	1058	1.0
50	292	1.0
50	2438	1.0
50	1355	1.0
50	2841	1.0
50	272	1.0
50	2472	1.0
50	2440	1.0
50	2223	1.0
51	1961	1.0
51	125	1.0
51	1215	0.6
51	1731	1.0
51	584	1.0
52	986	1.0
52	121	1.0
52	1188	1.0
52	219	1.0
52	1413	1.0
52	786	0.8
53	979	1.0
53	2292	1.0
53	1324	1.0
53	1742	1.0
53	2286	0.8
53	1532	0.8
54	937	1.0
54	1097	1.0
54	102	1.0
54	2220	1.0
54	1954	1.0
54	1707	1.0
54	1961	1.0
54	2279	1.0
54	1257	1.0
54	3108	1.0
54	2255	1.0
54	2223	1.0
55	3038	1.0
55	1668	1.0
55	3216	1.0
55	778	1.0
55	3275	1.0
55	2240	1.0
55	3181	1.0
55	712	1.0
55	1516	1.0
55	3195	1.0
55	1619	1.0
55	1632	1.0
55	1723	1.0
55	1798	1.0
55	976	1.0
55	2192	1.0
55	2092	1.0
55	2151	1.0
55	1288	1.0
55	869	1.0
55	2006	1.0
56	1749	1.0
56	542	1.0
56	1712	1.0
56	1742	1.0
56	45	0.8
56	1781	0.8
57	3174	1.0
57	1949	1.0
57	2833	1.0
57	2648	1.0
57	2630	0.8
57	3232	1.0
57	3191	1.0
57	2552	1.0
57	2647	1.0
57	1434	1.0
57	2820	1.0
58	279	1.0
58	1283	0.8
58	1961	1.0
58	1323	0.8
58	1397	0.8
58	3168	1.0
58	1750	0.8
58	1318	0.8
58	1485	0.8
58	1690	1.0
58	1497	1.0
58	1395	0.8
58	1398	0.8
58	1490	0.8
58	1417	1.0
58	2170	1.0
59	2630	0.8
59	2573	0.8
59	1829	0.6
59	607	0.8
59	2453	0.2
59	28	0.8
59	252	0.8
59	1354	0.8
59	1043	0.6
59	1830	0.6
59	2455	0.4
59	1993	0.6
59	175	1.0
59	2645	0.8
59	1	0.8
59	900	0.8
59	1836	0.8
59	248	0.8
59	3314	0.6
59	2616	0.4
59	2391	0.8
59	1192	0.6
59	2398	0.8
59	200	0.8
59	1281	0.4
59	2707	0.6
59	1247	0.6
59	1470	0.6
59	2213	0.6
59	1984	0.8
59	2725	0.6
59	2075	0.4
59	1670	0.4
59	1371	0.8
59	1961	0.8
59	2184	0.6
59	2029	0.4
59	2620	0.6
59	2211	0.6
59	2058	0.8
59	2074	0.6
59	1671	0.6
59	2544	0.8
59	1814	0.8
59	779	0.4
59	2663	0.8
59	930	0.2
59	2030	0.6
59	2742	0.8
59	65	1.0
59	409	0.8
59	1261	0.4
59	2362	1.0
59	1393	0.4
59	2125	0.2
59	1358	0.8
59	1526	0.4
59	1412	0.8
59	2705	0.4
59	2310	0.6
59	2105	0.6
59	1058	0.4
59	1813	0.8
59	2738	0.4
59	1594	0.4
59	2179	0.6
59	1200	0.6
59	1465	0.8
59	2055	0.6
59	2144	0.4
59	2570	0.8
59	873	0.8
59	1292	0.8
59	1047	0.4
59	1632	0.8
59	1994	0.6
59	2533	0.4
59	1584	0.6
59	1435	0.8
59	2531	0.4
59	1026	0.4
59	2222	0.8
59	2639	0.8
59	1387	0.6
59	1398	0.6
59	1541	0.6
59	494	0.8
59	3229	0.6
59	2217	0.6
59	3091	1.0
59	2078	0.4
59	1041	0.4
59	209	1.0
59	2401	1.0
59	1280	0.6
59	1596	0.4
59	2691	0.6
59	856	0.6
59	1070	0.4
59	2603	0.6
59	133	1.0
59	2238	0.4
59	765	0.8
59	748	0.8
59	800	1.0
59	1336	1.0
59	2586	1.0
59	2754	0.8
59	2421	0.2
59	2015	0.4
59	1419	0.8
59	1033	0.8
59	1034	0.8
59	2076	0.4
59	1533	0.6
59	2181	0.6
59	817	0.6
59	1027	0.6
59	1335	1.0
59	1525	0.4
59	2775	0.8
59	1641	0.8
59	2360	0.8
59	196	0.8
59	2035	0.4
59	980	0.4
59	694	1.0
59	188	0.8
59	3017	0.8
59	1870	0.6
59	2034	0.8
59	999	0.8
59	1214	0.6
59	2223	0.8
59	993	0.6
59	629	0.8
59	1698	0.8
59	2302	0.6
59	1235	0.8
59	654	0.8
59	2402	0.4
59	195	0.6
59	587	1.0
59	643	1.0
59	1170	0.4
59	1046	0.6
59	1574	0.8
59	2838	1.0
59	2954	0.8
59	1816	0.4
59	2729	0.8
59	1028	0.6
59	2139	0.4
59	2454	0.2
59	1380	0.6
59	1781	0.8
59	918	0.6
59	638	0.8
59	403	0.8
59	1063	0.8
59	1448	0.2
59	2632	0.8
59	1717	0.6
59	2655	0.6
59	1764	0.6
59	1817	0.4
59	2264	0.8
59	1432	0.8
59	1166	0.2
59	2347	0.6
59	2370	0.8
59	848	0.8
59	1622	0.8
59	1905	0.4
59	1425	0.6
59	1049	0.6
59	1676	0.6
59	1451	0.6
59	964	1.0
59	2424	0.6
59	933	0.8
59	2253	0.8
59	1275	0.6
59	242	0.8
59	2960	1.0
59	2420	0.6
59	1550	0.8
59	2743	0.8
59	1545	0.6
59	430	0.8
59	1780	0.8
59	1260	0.4
59	2686	0.6
59	308	0.8
59	1163	0.4
59	1431	0.4
59	836	0.8
59	1019	0.6
59	3161	0.8
59	1782	0.6
59	2690	0.4
59	1011	0.8
59	2148	0.4
59	1056	0.8
59	3287	0.4
59	1245	0.8
59	1859	0.8
59	932	1.0
59	1029	0.4
59	1395	0.4
59	1831	0.8
59	1078	0.2
59	1001	0.8
59	85	0.8
59	850	0.4
59	2383	0.8
59	245	0.8
59	2276	0.6
59	2340	0.2
59	919	0.6
59	2723	0.8
59	2411	0.8
59	728	0.8
59	323	0.6
59	1352	0.6
59	2042	0.4
59	1048	0.8
59	1469	0.4
59	1728	0.8
59	1205	0.6
59	703	1.0
59	742	1.0
59	173	1.0
59	2027	0.6
59	1497	0.6
59	1321	0.4
59	2961	0.8
59	1461	0.6
59	1720	1.0
59	1216	0.8
59	432	0.8
59	2126	0.6
59	864	0.8
59	758	1.0
59	2221	0.4
59	853	0.8
59	2106	0.8
59	1562	0.6
59	3138	0.6
59	1868	0.8
59	1942	0.4
59	2043	0.8
59	658	0.8
59	1044	0.6
59	1123	0.8
59	2214	0.6
59	731	0.8
59	639	0.8
59	1057	1.0
59	1916	0.4
59	652	0.8
59	26	0.8
59	2653	0.4
59	1306	0.4
59	809	0.6
59	1656	0.4
59	2577	0.6
59	2245	0.6
59	2325	0.8
59	2170	0.8
59	406	0.8
59	1730	0.8
59	1326	0.8
59	2024	0.6
59	2618	1.0
59	3276	0.4
59	1715	0.6
59	1894	0.8
59	1818	0.6
59	1812	0.6
59	1434	0.8
59	1424	0.8
59	585	0.8
59	1320	0.4
59	2248	0.6
59	2255	0.8
59	2517	0.2
59	1587	0.6
59	2183	0.8
59	1265	0.6
59	2201	0.6
59	1915	0.4
59	738	0.8
59	2014	0.4
59	1947	0.6
59	661	0.8
59	1563	0.6
59	2250	0.6
59	2333	0.6
59	2249	1.0
59	2212	0.6
59	2017	0.6
59	821	1.0
59	2700	0.6
59	437	0.8
59	2460	0.4
59	1372	0.4
59	2077	0.4
59	1018	0.6
59	2145	0.4
59	929	0.4
59	565	1.0
59	2689	0.4
59	318	0.6
59	998	0.8
59	2254	0.8
59	2059	0.6
59	689	0.8
59	1958	0.6
59	1198	0.8
59	1282	0.4
59	1967	0.8
59	938	0.4
59	2172	0.6
59	2552	0.8
59	399	0.8
59	2647	0.8
59	1191	0.4
59	3023	0.8
59	1819	0.6
59	3308	0.8
59	1595	0.4
59	646	1.0
59	2656	0.6
59	2737	0.4
59	228	0.8
59	1305	0.8
59	2445	1.0
59	2740	0.4
59	1259	0.4
59	284	0.8
59	2378	0.6
59	2390	0.6
59	2061	0.6
59	2312	0.8
59	1951	0.6
59	314	1.0
59	2446	1.0
59	2731	0.6
59	691	1.0
59	1156	0.4
60	1875	1.0
60	1217	0.8
60	2106	1.0
60	1016	1.0
60	228	1.0
60	952	1.0
60	1686	1.0
60	1961	1.0
60	379	1.0
60	500	1.0
60	2403	0.6
60	1229	0.4
60	1950	1.0
60	494	1.0
60	2733	1.0
60	1274	1.0
61	352	1.0
61	79	0.8
61	826	1.0
61	819	1.0
61	815	1.0
61	867	1.0
62	109	0.6
62	1215	0.8
62	291	1.0
62	1823	1.0
63	2642	1.0
63	2581	1.0
63	2328	1.0
63	2641	1.0
64	1215	0.2
64	2588	0.6
64	1736	1.0
64	1012	0.8
64	2555	1.0
64	2461	1.0
65	2559	1.0
65	2720	1.0
65	1974	1.0
65	1297	1.0
65	2491	1.0
65	1347	0.8
65	1418	1.0
65	1350	1.0
65	991	1.0
65	1031	1.0
66	1555	0.8
66	2	0.8
66	2235	0.8
66	430	1.0
67	2416	0.2
67	2246	1.0
67	2069	1.0
67	1994	1.0
68	324	1.0
68	2305	1.0
68	2350	1.0
68	2756	1.0
68	2554	1.0
68	2279	1.0
68	2198	1.0
69	1432	1.0
69	779	1.0
69	691	1.0
69	1215	0.8
69	1168	1.0
69	609	1.0
69	800	1.0
69	1111	1.0
69	661	1.0
69	793	1.0
69	784	1.0
69	621	1.0
69	1497	1.0
69	906	1.0
69	2648	1.0
69	2335	1.0
69	523	1.0
70	1577	1.0
70	1515	0.8
70	1630	0.8
70	1482	0.8
71	2323	1.0
71	2090	1.0
71	2336	1.0
71	554	0.8
71	2723	1.0
72	1426	1.0
72	2019	0.8
72	652	1.0
72	2	1.0
72	352	1.0
72	2434	0.8
72	2680	0.8
72	2747	1.0
72	2566	0.8
72	1215	0.6
72	1342	1.0
72	2290	0.8
72	2505	1.0
72	1006	0.6
72	2309	1.0
72	1468	0.8
73	2382	0.8
73	1622	1.0
73	2221	1.0
73	2197	1.0
73	2215	1.0
73	2374	1.0
73	2417	1.0
73	2233	1.0
74	2015	1.0
74	1905	1.0
74	1782	1.0
74	1911	1.0
75	746	1.0
75	1943	1.0
75	1560	0.4
75	2345	1.0
75	88	1.0
75	512	1.0
75	2123	1.0
75	3146	1.0
75	2318	1.0
75	1050	1.0
75	1224	1.0
75	2227	1.0
75	3248	1.0
75	759	1.0
75	2452	1.0
75	1961	1.0
75	3134	1.0
75	2112	1.0
75	124	1.0
75	2311	1.0
75	2242	1.0
75	2782	1.0
75	1806	1.0
75	725	1.0
75	3074	1.0
75	513	1.0
75	1691	1.0
75	1703	1.0
75	2377	0.6
75	48	1.0
75	2241	1.0
75	1909	0.8
75	78	0.8
75	510	1.0
75	1674	1.0
75	1238	1.0
75	833	1.0
75	2195	0.6
75	1743	1.0
75	1404	1.0
75	1875	1.0
75	1807	1.0
75	1820	1.0
75	2331	1.0
75	721	1.0
75	3084	1.0
75	186	1.0
76	1491	1.0
76	3190	1.0
76	129	1.0
76	1604	1.0
76	1129	1.0
76	1241	1.0
76	564	1.0
76	1661	1.0
76	682	1.0
76	2048	1.0
76	943	1.0
76	1791	1.0
76	1929	1.0
76	1930	1.0
76	1845	1.0
76	596	1.0
76	1931	1.0
76	800	1.0
76	1625	1.0
76	1496	1.0
76	704	1.0
76	1682	1.0
76	372	1.0
76	1556	1.0
76	1242	1.0
76	789	1.0
76	1020	1.0
76	1611	1.0
76	692	1.0
76	1030	1.0
76	1276	1.0
76	1794	1.0
76	2138	1.0
76	1633	1.0
76	289	1.0
76	2000	1.0
76	1378	1.0
76	1150	1.0
76	373	1.0
76	1926	1.0
76	1177	1.0
76	1051	1.0
76	1626	1.0
76	983	1.0
76	1264	1.0
76	595	1.0
76	557	1.0
76	1145	1.0
76	1985	1.0
76	1091	1.0
76	2097	1.0
76	584	1.0
76	1932	1.0
76	1924	1.0
76	1581	1.0
76	2265	1.0
77	486	1.0
77	30	1.0
77	691	1.0
77	590	1.0
77	1750	1.0
78	352	1.0
78	1911	1.0
78	1524	1.0
78	2233	1.0
78	2080	1.0
78	1701	1.0
78	1553	1.0
78	3039	1.0
78	2503	1.0
79	385	1.0
79	345	0.8
79	282	0.6
79	180	1.0
79	3151	0.4
79	890	0.6
79	285	0.6
79	1240	0.6
79	2190	0.6
79	1004	1.0
79	601	1.0
79	346	1.0
80	1908	1.0
80	2540	1.0
80	2750	1.0
80	2749	1.0
80	2268	1.0
80	2112	1.0
80	2242	1.0
81	1867	1.0
81	3188	1.0
81	1229	1.0
81	1249	1.0
81	3187	1.0
81	1147	1.0
82	194	1.0
82	2602	1.0
82	1041	1.0
82	1179	1.0
83	2325	1.0
83	2725	1.0
83	2329	1.0
83	2157	1.0
83	2384	1.0
83	2209	1.0
83	45	1.0
83	2581	1.0
83	2520	1.0
83	1537	1.0
83	2521	1.0
83	2246	1.0
83	2386	1.0
83	3214	1.0
83	2127	1.0
83	2244	1.0
83	2103	1.0
83	3325	1.0
83	2518	1.0
83	2519	1.0
83	3324	1.0
83	2160	1.0
84	882	1.0
84	406	0.8
84	829	0.8
84	3097	1.0
84	1064	0.8
84	3148	0.8
84	244	1.0
85	1439	1.0
85	509	1.0
85	2410	1.0
85	1410	1.0
86	77	1.0
86	1341	1.0
86	1873	1.0
86	2206	1.0
86	978	1.0
86	2648	1.0
86	2758	1.0
86	2647	1.0
86	2387	1.0
86	1216	1.0
86	1796	1.0
86	1359	1.0
86	1514	1.0
86	2041	0.8
86	1823	1.0
86	2208	1.0
87	946	1.0
87	1497	1.0
87	1773	1.0
87	1640	0.8
87	1642	0.8
87	1283	0.6
87	1750	1.0
87	1772	1.0
88	1707	1.0
88	1354	1.0
88	1274	1.0
88	2106	1.0
88	726	1.0
88	2984	1.0
88	661	1.0
88	1381	1.0
88	1314	1.0
88	730	1.0
88	2925	1.0
89	1165	1.0
89	2007	1.0
89	2070	1.0
89	790	1.0
89	3205	1.0
89	1515	1.0
89	1622	1.0
89	2503	1.0
89	1616	1.0
89	1644	1.0
89	2040	1.0
89	2132	1.0
89	1640	1.0
89	2041	1.0
89	1964	1.0
89	2110	1.0
89	1359	1.0
89	3193	1.0
89	2146	1.0
89	515	1.0
89	2089	1.0
89	1603	1.0
90	1637	1.0
90	866	1.0
90	2362	1.0
90	1555	1.0
90	1701	1.0
90	2163	1.0
90	1643	1.0
90	2360	1.0
90	1630	0.6
90	1320	1.0
91	1961	1.0
91	1709	1.0
91	1857	1.0
91	1624	1.0
91	3270	1.0
91	1575	1.0
91	2343	1.0
91	1683	1.0
91	2240	1.0
91	1950	1.0
91	2149	1.0
91	2597	1.0
91	1412	1.0
92	958	1.0
92	819	1.0
92	1364	1.0
92	2062	1.0
92	799	1.0
92	1851	1.0
92	1169	0.6
92	250	1.0
92	1237	1.0
93	1170	1.0
93	3180	1.0
93	1046	1.0
93	1270	1.0
93	1412	1.0
93	1205	1.0
94	24	1.0
94	2211	0.8
94	1323	1.0
94	2143	1.0
94	2018	0.8
94	1748	1.0
94	1915	1.0
94	162	1.0
94	2154	0.8
94	1999	1.0
94	2148	0.8
94	1430	1.0
94	2212	1.0
94	31	1.0
94	463	1.0
94	53	1.0
94	243	1.0
94	939	1.0
94	3191	1.0
94	2141	0.8
94	424	1.0
94	2164	0.8
94	2145	1.0
94	2161	1.0
94	2031	0.8
94	157	1.0
94	1086	1.0
94	169	1.0
94	498	1.0
94	2034	0.8
94	3208	1.0
94	2150	1.0
94	776	1.0
94	1120	1.0
94	146	1.0
94	727	1.0
94	2144	1.0
94	1534	1.0
94	2213	0.8
94	3249	1.0
95	1767	1.0
95	734	1.0
95	1772	1.0
95	1698	1.0
96	205	1.0
96	1438	0.6
96	635	1.0
96	1129	0.2
96	542	1.0
96	2934	1.0
96	489	1.0
96	539	1.0
96	1144	1.0
96	563	1.0
96	108	1.0
96	262	1.0
96	316	1.0
96	572	1.0
96	546	1.0
97	2081	1.0
97	1698	1.0
97	1542	1.0
97	1215	1.0
97	1229	1.0
97	1483	1.0
97	1256	1.0
97	1396	1.0
97	1467	1.0
98	235	1.0
98	2642	1.0
98	2221	1.0
98	2328	1.0
98	957	1.0
98	2563	1.0
98	1269	1.0
98	1773	1.0
98	3269	1.0
98	287	1.0
98	2786	1.0
98	32	1.0
99	326	1.0
99	710	1.0
99	3153	1.0
99	2860	1.0
99	2854	1.0
99	97	1.0
100	1781	1.0
100	192	1.0
100	526	1.0
100	1026	1.0
100	464	1.0
101	456	1.0
101	1418	1.0
101	1409	1.0
101	502	1.0
101	3171	1.0
102	2503	1.0
102	907	1.0
102	1736	1.0
102	2041	1.0
103	2856	1.0
103	108	0.8
103	2375	1.0
103	2155	1.0
103	2288	0.8
103	1736	1.0
103	1380	1.0
103	291	1.0
103	2177	1.0
104	2277	0.8
104	2316	1.0
104	1954	1.0
104	1217	0.8
105	858	1.0
105	303	1.0
105	1588	1.0
105	1126	1.0
106	1736	1.0
106	1051	1.0
106	1961	1.0
106	1952	1.0
106	291	1.0
106	1257	1.0
107	1622	1.0
107	1393	1.0
107	1540	1.0
107	395	1.0
107	1405	1.0
107	935	1.0
107	1890	1.0
108	2132	1.0
108	284	1.0
108	2208	1.0
108	2329	1.0
109	319	0.8
109	2893	0.8
109	3025	0.8
109	2769	0.8
109	1160	0.8
109	1318	0.8
109	193	1.0
109	231	1.0
109	2361	0.8
109	489	1.0
109	1340	0.6
109	1640	0.6
109	1201	0.4
109	2359	0.8
109	1642	0.8
109	2927	1.0
109	2362	0.8
109	562	0.8
109	1003	1.0
109	3081	0.8
109	2140	0.8
110	2038	1.0
110	2152	1.0
110	2648	1.0
110	2114	1.0
111	1496	1.0
111	1215	0.8
111	2162	1.0
111	1820	1.0
111	1919	1.0
111	1071	1.0
112	509	1.0
112	144	1.0
112	64	1.0
112	63	1.0
112	261	1.0
112	223	1.0
112	263	1.0
112	60	1.0
113	1905	0.8
113	1606	1.0
113	746	1.0
113	20	1.0
113	1422	1.0
113	849	1.0
114	1218	1.0
114	1301	1.0
114	1862	1.0
114	665	1.0
114	1373	1.0
114	1646	1.0
114	2009	1.0
114	1196	1.0
114	741	1.0
114	681	1.0
114	744	1.0
114	441	1.0
114	1380	1.0
114	459	1.0
115	2048	0.8
115	1784	0.6
115	1867	0.6
115	2129	0.8
115	1377	0.6
115	1902	0.6
115	1923	0.6
115	2057	0.8
115	2070	0.6
115	1820	0.8
115	1693	0.8
115	1793	0.6
116	1656	1.0
116	1775	1.0
116	57	0.6
116	1905	0.8
117	2546	1.0
117	1912	1.0
117	1921	0.2
117	1913	1.0
117	2064	1.0
117	1846	1.0
117	1377	1.0
117	1017	0.2
117	2378	1.0
117	1656	1.0
117	489	1.0
117	1832	1.0
117	1592	1.0
118	212	1.0
118	817	1.0
118	703	1.0
118	162	1.0
118	575	1.0
118	1136	1.0
118	717	1.0
118	2984	1.0
118	492	1.0
119	874	1.0
119	240	1.0
119	2837	1.0
119	375	1.0
119	387	1.0
119	419	0.8
120	447	0.8
120	1191	1.0
120	765	1.0
120	1738	0.4
120	1819	1.0
120	386	0.8
120	775	1.0
121	2391	1.0
121	1524	0.8
121	1782	1.0
121	19	0.8
121	2517	0.6
122	971	1.0
122	1206	1.0
122	496	1.0
122	1289	1.0
122	973	1.0
122	1961	1.0
123	1277	0.8
123	833	0.8
123	3096	0.8
123	974	0.8
123	1363	0.8
123	721	0.8
124	2163	1.0
124	100	1.0
124	2069	1.0
124	1657	0.4
124	1029	1.0
124	1552	1.0
124	1555	1.0
124	1821	1.0
124	1880	1.0
124	59	1.0
124	2015	0.6
124	276	1.0
124	2485	1.0
124	1659	1.0
124	2219	1.0
124	1707	1.0
124	1603	1.0
124	1728	1.0
124	2372	1.0
124	1539	1.0
124	2386	1.0
124	2200	1.0
124	1764	1.0
124	2228	1.0
124	1484	1.0
124	1822	1.0
124	1234	1.0
124	1996	1.0
124	1772	1.0
124	2424	1.0
124	2403	1.0
124	1320	1.0
124	2053	1.0
124	2338	1.0
124	1027	1.0
124	1296	1.0
124	239	1.0
124	1652	0.8
124	2657	1.0
124	2172	1.0
124	310	1.0
124	1434	1.0
124	2315	1.0
124	1817	1.0
124	2623	1.0
124	1808	0.4
124	2221	1.0
124	1179	1.0
124	1873	1.0
124	2168	1.0
124	1925	0.4
124	1577	1.0
124	1788	1.0
125	1627	1.0
125	1982	1.0
125	2096	1.0
125	1710	1.0
126	1611	1.0
126	2067	1.0
126	1271	1.0
126	1686	0.6
126	510	1.0
126	2100	1.0
126	1654	1.0
126	1833	0.6
126	1217	1.0
126	1677	1.0
126	1653	1.0
126	1651	1.0
127	944	1.0
127	404	1.0
127	2173	1.0
127	1738	1.0
127	1762	1.0
127	2185	1.0
127	2044	1.0
127	2148	1.0
127	1944	1.0
127	2579	1.0
127	182	1.0
127	1707	1.0
127	2017	1.0
127	2648	1.0
127	1236	1.0
127	400	1.0
128	109	1.0
128	1215	1.0
128	1826	0.2
128	3208	1.0
129	2080	1.0
129	2143	1.0
129	1014	1.0
129	457	1.0
129	2040	1.0
129	118	1.0
130	2832	1.0
130	388	1.0
130	94	1.0
130	211	1.0
131	1873	1.0
131	2667	0.8
131	2552	1.0
131	2781	1.0
131	2592	1.0
132	329	1.0
132	1642	1.0
132	1162	1.0
132	655	1.0
132	1630	1.0
132	1644	1.0
132	1283	1.0
132	1215	0.6
133	2105	1.0
133	1032	1.0
133	2075	1.0
133	2150	1.0
133	2469	1.0
133	1531	1.0
133	1961	1.0
133	779	1.0
133	1966	1.0
133	1595	1.0
133	2035	1.0
133	729	1.0
133	1721	1.0
133	3234	1.0
133	1780	1.0
133	1955	1.0
133	473	1.0
133	984	1.0
133	736	1.0
133	1831	1.0
133	1942	1.0
134	568	0.8
134	2510	0.8
134	1112	0.8
134	902	0.8
135	194	1.0
135	2322	1.0
135	1787	1.0
135	637	1.0
135	807	1.0
136	1497	1.0
136	1772	1.0
136	2546	1.0
136	3213	1.0
136	2393	1.0
136	2273	1.0
136	2574	1.0
136	2485	1.0
136	1631	1.0
136	2040	1.0
136	2441	1.0
136	2971	1.0
136	2601	1.0
136	2502	1.0
136	2608	1.0
136	2607	1.0
136	2744	1.0
136	2652	1.0
137	2166	1.0
137	2512	1.0
137	1625	1.0
137	367	1.0
137	144	1.0
137	1627	1.0
137	820	1.0
137	3273	1.0
137	1429	0.8
137	783	1.0
137	2265	1.0
138	2111	1.0
138	1831	0.4
138	2035	1.0
138	1822	1.0
138	2038	1.0
138	506	1.0
138	3259	1.0
138	1770	1.0
138	1890	1.0
138	1219	1.0
138	1898	1.0
138	1873	1.0
138	259	1.0
138	2279	1.0
138	1649	1.0
138	1603	1.0
138	2077	1.0
138	2219	1.0
138	1910	1.0
138	1232	1.0
138	2061	1.0
138	1824	1.0
138	2073	1.0
138	1767	1.0
138	2002	1.0
138	1738	1.0
138	3236	1.0
138	1811	1.0
138	1782	1.0
138	561	1.0
138	1772	1.0
139	594	1.0
139	853	1.0
139	163	1.0
139	143	1.0
139	583	1.0
139	127	1.0
139	2107	1.0
140	2058	1.0
140	1782	1.0
140	2154	1.0
140	2015	1.0
140	433	1.0
140	1738	1.0
140	1646	1.0
140	1032	1.0
140	293	1.0
141	2004	1.0
141	1787	1.0
141	2508	1.0
141	2079	1.0
142	1291	1.0
142	1976	1.0
142	3175	0.8
142	1978	0.6
142	1918	0.6
142	1965	0.8
142	1919	0.6
142	1446	0.8
142	1988	0.6
143	1784	1.0
143	1820	0.8
143	1727	0.8
143	1291	1.0
143	1178	0.8
143	1747	0.6
143	1578	1.0
144	813	1.0
144	3126	1.0
144	1490	1.0
144	856	1.0
144	1811	1.0
144	3009	1.0
144	743	1.0
144	1762	1.0
144	595	1.0
145	1612	1.0
145	701	1.0
145	1750	0.8
145	1731	1.0
145	1132	1.0
145	428	1.0
146	2906	1.0
146	580	1.0
146	816	1.0
146	2810	1.0
146	1093	1.0
146	780	1.0
146	1154	1.0
146	3062	1.0
147	1323	1.0
147	1045	1.0
147	1339	1.0
147	3158	1.0
147	1282	1.0
147	1299	1.0
147	189	1.0
147	1257	1.0
148	1434	1.0
148	75	1.0
148	1644	1.0
148	1340	1.0
149	2337	0.6
149	1715	1.0
149	2329	0.6
149	2503	0.6
149	2661	0.8
149	2639	1.0
149	2378	0.8
150	961	1.0
150	99	1.0
150	63	1.0
150	1318	0.8
150	775	1.0
151	3001	1.0
151	521	1.0
151	709	1.0
151	488	1.0
151	2982	1.0
152	768	0.6
152	766	0.8
152	2015	0.8
152	1356	0.6
152	1195	0.8
152	1199	1.0
153	1763	1.0
153	1966	1.0
153	3249	1.0
153	1772	1.0
154	1612	1.0
154	1642	0.8
154	1397	1.0
154	1630	0.8
155	426	1.0
155	1497	1.0
155	1371	1.0
155	443	1.0
156	1040	1.0
156	1829	0.8
156	1832	0.8
156	1642	1.0
156	473	1.0
157	2766	0.8
157	2195	1.0
157	1635	1.0
157	2441	1.0
158	727	1.0
158	1304	0.8
158	1696	0.8
158	1502	1.0
158	2075	1.0
159	3214	1.0
159	2680	1.0
159	2648	0.8
159	1527	1.0
159	1707	1.0
159	530	1.0
159	1189	1.0
159	668	1.0
159	1844	1.0
159	1312	1.0
159	1896	1.0
159	317	0.8
159	1468	1.0
159	315	1.0
160	2137	1.0
160	2025	1.0
160	1315	1.0
160	1823	1.0
161	1570	1.0
161	1263	1.0
161	1264	1.0
161	1914	1.0
161	1962	1.0
161	1565	1.0
161	811	1.0
162	2046	1.0
162	1490	1.0
162	1489	1.0
162	1314	1.0
162	1339	1.0
163	791	1.0
163	369	1.0
163	1961	1.0
163	319	0.8
163	672	1.0
163	1224	1.0
163	728	0.8
163	1152	1.0
164	1196	1.0
164	1139	1.0
164	903	1.0
164	115	1.0
164	165	1.0
164	1197	1.0
164	2499	1.0
165	3028	0.8
165	284	1.0
165	783	1.0
165	3026	0.8
165	403	1.0
165	2645	1.0
165	2518	1.0
165	575	1.0
165	1194	1.0
165	1006	1.0
166	1323	1.0
166	740	1.0
166	1359	1.0
166	2106	1.0
166	1470	1.0
166	1274	1.0
166	1354	1.0
167	2297	1.0
167	1309	1.0
167	2808	1.0
167	463	1.0
167	2216	1.0
167	6	1.0
167	1434	1.0
167	486	1.0
168	1538	1.0
168	2051	0.8
168	458	0.8
168	1862	1.0
168	2680	1.0
168	216	0.8
168	2388	1.0
169	435	1.0
169	1563	1.0
169	1547	1.0
169	455	1.0
170	2659	1.0
170	1893	1.0
170	2032	1.0
170	1822	0.8
171	99	1.0
171	1262	1.0
171	13	1.0
171	88	1.0
171	2971	1.0
172	2265	1.0
172	2636	1.0
172	1726	1.0
172	2980	1.0
172	1560	1.0
172	2853	1.0
172	2770	1.0
172	2448	1.0
172	514	1.0
172	2581	1.0
172	1670	1.0
173	2557	1.0
173	2155	1.0
173	1613	0.6
173	727	1.0
173	1374	0.2
173	1246	1.0
173	2497	1.0
173	2080	1.0
173	2158	1.0
173	911	0.6
173	2243	1.0
174	584	1.0
174	744	1.0
174	21	1.0
174	2009	1.0
175	727	1.0
175	1236	1.0
175	1371	1.0
175	1738	1.0
175	1985	1.0
175	968	1.0
175	23	1.0
176	999	1.0
176	1255	1.0
176	743	1.0
176	556	1.0
176	2216	1.0
176	813	1.0
176	1134	1.0
177	2015	0.8
177	1479	0.8
177	1387	1.0
177	1596	0.8
177	280	0.8
177	2279	0.8
177	745	1.0
177	2069	0.8
177	1858	0.8
177	1961	0.8
177	1782	0.8
178	1887	0.6
178	1333	1.0
178	2604	1.0
178	1267	0.8
178	2633	0.6
179	1458	1.0
179	1810	0.4
179	1267	0.4
179	1038	1.0
179	1750	1.0
179	1561	0.8
179	32	1.0
180	2438	1.0
180	2380	1.0
180	842	1.0
180	2152	1.0
180	1208	1.0
180	2284	1.0
180	1781	1.0
180	1944	1.0
180	1707	1.0
180	2279	1.0
180	3183	0.4
180	1738	1.0
180	1911	1.0
180	2219	1.0
180	1961	1.0
180	1913	1.0
180	2344	1.0
180	1912	1.0
180	2075	1.0
180	1772	1.0
180	1776	1.0
180	1905	1.0
180	2221	1.0
180	3315	0.8
180	2653	1.0
180	1954	1.0
180	2217	1.0
181	231	1.0
181	400	1.0
181	27	1.0
181	996	1.0
181	481	1.0
181	82	1.0
181	162	1.0
181	717	1.0
182	1013	0.6
182	1231	1.0
182	1244	0.8
182	1828	0.8
183	2564	1.0
183	1559	1.0
183	2545	1.0
183	2432	1.0
184	2693	1.0
184	2472	0.8
184	1233	1.0
184	917	1.0
185	2530	1.0
185	540	1.0
185	679	1.0
185	1164	1.0
185	961	1.0
185	1227	1.0
185	2493	0.8
185	1643	1.0
185	1757	1.0
185	1761	1.0
185	591	1.0
186	1672	0.8
186	1768	1.0
186	1211	0.8
186	1500	0.8
186	2058	0.8
186	1216	1.0
186	2034	1.0
187	2651	1.0
187	311	1.0
187	2706	1.0
187	2755	1.0
187	2530	1.0
187	2735	1.0
187	2705	1.0
187	2407	1.0
187	2392	1.0
187	2679	1.0
187	2684	1.0
187	2683	1.0
187	2702	1.0
187	2681	1.0
187	2713	0.8
187	2375	1.0
187	917	1.0
187	2710	0.8
187	1544	1.0
187	1514	1.0
187	2668	1.0
187	1697	1.0
187	2707	1.0
187	2727	1.0
188	1332	1.0
188	1728	1.0
188	1522	1.0
188	80	1.0
188	2223	1.0
188	1499	1.0
188	1674	1.0
188	1623	1.0
188	1622	1.0
188	435	1.0
188	1831	1.0
188	670	1.0
188	1235	1.0
188	2195	1.0
188	60	1.0
188	1450	1.0
188	48	1.0
189	2516	1.0
189	342	1.0
189	1962	1.0
189	2414	1.0
189	2116	0.8
189	2258	1.0
189	3245	1.0
189	2537	1.0
189	2900	1.0
189	1991	1.0
189	2522	1.0
189	2560	1.0
190	109	0.8
190	1192	1.0
190	1318	0.8
190	1215	0.6
190	1469	0.8
190	256	1.0
190	1434	0.8
190	1355	0.8
190	1028	1.0
190	196	1.0
190	1530	0.8
190	1323	0.8
190	2245	0.8
190	1321	0.8
190	1026	1.0
190	1250	1.0
190	1019	1.0
191	2892	1.0
191	201	1.0
191	791	1.0
191	284	1.0
191	302	1.0
191	2963	1.0
191	970	1.0
191	758	1.0
191	1404	1.0
191	642	1.0
191	782	1.0
191	968	1.0
192	888	1.0
192	2371	1.0
192	1857	1.0
192	2663	1.0
193	579	1.0
193	2146	1.0
193	2041	1.0
193	2040	1.0
193	2113	1.0
193	2185	1.0
193	182	1.0
193	2271	1.0
193	2184	1.0
193	2911	1.0
193	2114	1.0
193	2910	1.0
194	417	1.0
194	2941	1.0
194	936	0.6
194	2704	0.2
194	957	1.0
194	940	1.0
194	2703	0.4
195	787	1.0
195	289	1.0
195	2904	1.0
195	3082	1.0
196	1191	1.0
196	2743	1.0
196	1432	1.0
196	632	1.0
196	3106	1.0
196	2694	1.0
196	1124	1.0
196	1434	1.0
196	1062	1.0
196	2216	1.0
196	1708	1.0
196	3092	1.0
196	2376	1.0
196	1961	1.0
196	3022	1.0
196	440	1.0
196	1403	1.0
196	2695	1.0
196	496	1.0
197	2594	1.0
197	3299	1.0
197	2228	1.0
197	2602	1.0
197	2545	1.0
197	2255	1.0
197	2648	1.0
197	2238	1.0
197	98	1.0
197	2256	1.0
197	2991	1.0
197	1440	1.0
197	2517	1.0
197	9	1.0
197	2587	1.0
197	2417	1.0
197	2437	1.0
197	293	1.0
197	2362	1.0
197	2453	1.0
197	1799	1.0
197	2817	1.0
197	2608	1.0
197	2358	1.0
197	2779	1.0
197	788	1.0
197	622	1.0
197	2528	1.0
197	2473	1.0
197	1950	1.0
197	888	1.0
197	2830	1.0
197	2495	1.0
197	3320	1.0
197	273	1.0
197	952	1.0
197	1106	1.0
197	2405	1.0
197	2676	1.0
197	2629	1.0
197	2785	1.0
197	2015	1.0
197	2574	1.0
197	2569	1.0
197	2431	1.0
197	3122	1.0
197	812	1.0
197	2058	1.0
197	2829	1.0
197	2773	1.0
197	277	1.0
197	2468	1.0
197	2145	1.0
197	604	1.0
197	2930	1.0
197	915	1.0
197	234	1.0
197	957	1.0
197	445	1.0
197	1115	1.0
197	200	1.0
198	183	1.0
198	1566	1.0
198	189	1.0
198	190	1.0
199	1743	1.0
199	2050	0.8
199	803	1.0
199	1210	0.8
199	1498	1.0
199	1464	0.8
199	1886	0.8
199	1039	1.0
199	623	1.0
199	975	1.0
199	2091	1.0
199	201	1.0
199	1861	0.8
199	1985	1.0
199	1923	1.0
199	322	1.0
199	1677	0.6
199	29	1.0
199	758	1.0
199	1921	1.0
199	630	1.0
199	1976	1.0
199	457	0.2
199	1585	1.0
199	2541	1.0
199	1875	0.8
199	34	0.8
199	1361	0.8
199	1369	1.0
199	31	1.0
199	13	1.0
199	1157	1.0
199	1452	1.0
199	717	1.0
199	1136	1.0
199	258	1.0
199	1057	1.0
199	523	1.0
199	559	1.0
199	1883	0.8
199	920	1.0
199	1919	0.6
199	985	1.0
199	529	1.0
199	178	1.0
199	958	1.0
199	1897	0.6
199	1131	1.0
199	1846	0.8
200	2012	1.0
200	1714	1.0
200	1920	1.0
200	1477	1.0
200	1520	1.0
201	151	1.0
201	131	1.0
201	89	1.0
201	1905	0.2
202	986	1.0
202	10	1.0
202	254	0.8
202	1175	1.0
202	348	0.8
202	1640	1.0
202	504	1.0
202	626	1.0
202	1075	1.0
202	457	1.0
202	478	1.0
202	275	1.0
203	815	1.0
203	1781	1.0
203	421	1.0
203	420	1.0
203	727	1.0
203	690	1.0
204	1489	0.8
204	1971	0.8
204	1732	1.0
204	1540	0.8
205	1006	1.0
205	453	1.0
205	2067	0.8
205	797	1.0
205	94	0.8
205	949	1.0
205	1267	0.8
205	508	1.0
206	2098	0.6
206	2102	1.0
206	1991	0.8
206	1627	0.6
206	1983	0.8
206	2232	1.0
206	2101	0.8
206	1980	1.0
206	1982	0.8
206	2165	1.0
206	14	0.6
206	3142	0.6
207	586	1.0
207	1274	0.8
207	875	1.0
207	2106	0.8
208	2109	0.8
208	850	1.0
208	1634	1.0
208	1906	1.0
208	339	1.0
208	948	0.8
208	238	1.0
208	1724	0.6
208	1111	1.0
208	609	1.0
208	2163	0.8
209	3120	1.0
209	319	1.0
209	385	1.0
209	1089	1.0
209	371	1.0
209	2756	1.0
209	359	1.0
209	2573	1.0
209	585	1.0
209	1643	1.0
209	244	1.0
209	229	1.0
209	86	1.0
209	651	1.0
209	775	1.0
209	1110	1.0
209	964	1.0
209	2668	1.0
209	889	1.0
209	2047	1.0
209	1781	1.0
209	147	1.0
209	2518	1.0
209	625	1.0
209	2049	1.0
209	2648	1.0
209	861	0.6
209	878	0.6
209	564	1.0
209	1449	1.0
209	316	1.0
209	3077	1.0
209	230	1.0
209	674	1.0
209	2928	1.0
209	2939	0.8
210	140	1.0
210	162	1.0
210	169	1.0
210	146	1.0
211	2502	1.0
211	223	1.0
211	2731	1.0
211	2118	1.0
212	365	1.0
212	2357	1.0
212	1489	1.0
212	1920	1.0
212	893	1.0
212	1340	1.0
212	2564	1.0
212	2649	1.0
213	96	0.8
213	1821	1.0
213	613	0.8
213	376	1.0
213	3027	0.8
213	2329	0.8
213	2271	1.0
213	652	0.8
213	2134	0.8
213	1015	1.0
213	1782	1.0
213	1989	1.0
214	1497	1.0
214	1338	1.0
214	1375	1.0
214	1346	1.0
215	1355	1.0
215	1721	0.6
215	1782	1.0
215	2174	1.0
215	169	1.0
215	3064	1.0
216	2443	1.0
216	1426	1.0
216	2155	1.0
216	2206	1.0
217	2118	1.0
217	2122	1.0
217	2117	1.0
217	2119	1.0
218	1071	1.0
218	827	1.0
218	1276	1.0
218	1327	1.0
218	1771	1.0
219	3253	0.8
219	1741	0.8
219	1316	0.8
219	2002	0.8
219	1055	0.8
219	697	0.8
219	1901	0.8
219	1338	0.8
220	1961	1.0
220	2381	0.8
220	2015	1.0
220	607	1.0
220	2875	1.0
220	1432	1.0
221	659	1.0
221	1124	1.0
221	1311	1.0
221	1552	1.0
222	600	1.0
222	583	1.0
222	157	1.0
222	162	1.0
223	1527	1.0
223	818	0.2
223	63	1.0
223	83	1.0
223	1839	1.0
224	1486	1.0
224	2481	1.0
224	58	1.0
224	2	1.0
224	2665	1.0
224	112	1.0
224	2633	1.0
224	2576	1.0
224	1809	1.0
225	1863	1.0
225	3326	1.0
225	2296	1.0
225	632	1.0
225	2467	1.0
226	2609	1.0
226	2616	1.0
226	2575	1.0
226	2623	1.0
226	2648	1.0
227	1057	1.0
227	439	1.0
227	771	1.0
227	1968	1.0
227	26	1.0
227	1266	1.0
227	2467	1.0
227	1037	1.0
227	1863	1.0
227	847	1.0
227	2936	1.0
227	1154	1.0
227	378	1.0
227	1864	1.0
227	1152	1.0
228	1185	1.0
228	3124	1.0
228	2747	0.6
228	134	1.0
228	796	1.0
228	138	1.0
228	2156	0.8
229	26	1.0
229	1550	1.0
229	126	0.8
229	1443	0.6
230	880	1.0
230	1810	0.8
230	332	1.0
230	2115	0.8
230	2097	0.6
230	1784	0.6
231	3025	1.0
231	3160	1.0
231	585	1.0
231	723	1.0
231	777	1.0
231	704	1.0
231	395	1.0
232	1763	1.0
232	1782	1.0
232	2431	0.8
232	1966	1.0
232	1586	1.0
232	1888	1.0
232	1869	1.0
232	1434	1.0
232	1815	1.0
232	325	1.0
232	1904	1.0
232	1689	0.8
232	1816	1.0
233	1733	1.0
233	356	1.0
233	1460	1.0
233	1257	1.0
233	123	1.0
234	2063	1.0
234	2699	1.0
234	2716	1.0
234	2457	1.0
234	281	1.0
234	2688	1.0
234	609	1.0
234	2626	1.0
234	2440	1.0
234	2584	1.0
234	2444	1.0
235	2295	1.0
235	547	1.0
235	2002	0.8
235	400	1.0
235	1760	0.6
236	496	0.6
236	1910	1.0
236	1783	0.8
236	1788	1.0
236	1816	0.4
236	2018	0.8
236	1617	1.0
236	1448	1.0
236	827	0.8
236	1873	1.0
236	1768	0.8
236	1530	0.6
236	1821	1.0
236	1896	0.8
236	519	1.0
236	1190	0.8
236	2025	0.6
236	1152	1.0
236	2032	1.0
236	1553	0.6
236	1822	1.0
236	723	1.0
237	2107	1.0
237	523	1.0
237	1509	1.0
237	3177	1.0
237	507	1.0
237	223	1.0
237	915	1.0
237	3021	1.0
238	501	1.0
238	1559	1.0
238	1277	1.0
238	1722	1.0
238	47	1.0
238	1674	1.0
238	510	1.0
239	2099	0.6
239	1568	1.0
239	1865	1.0
239	1983	1.0
239	2102	1.0
240	2453	1.0
240	1896	1.0
240	83	1.0
240	1166	1.0
240	1120	1.0
241	780	1.0
241	2211	1.0
241	3022	1.0
241	624	1.0
241	148	1.0
241	816	1.0
241	1005	1.0
241	859	1.0
241	285	1.0
241	160	1.0
241	627	1.0
241	783	1.0
241	5	1.0
241	1403	1.0
241	2904	1.0
241	925	1.0
241	1314	1.0
242	1217	1.0
242	826	1.0
242	1497	1.0
242	584	1.0
243	1572	0.8
243	1564	0.8
243	1301	0.8
243	1351	0.8
243	1565	0.8
243	2087	1.0
243	2099	1.0
243	2101	1.0
243	1754	1.0
243	1645	0.8
243	713	1.0
243	1529	1.0
243	1567	1.0
243	1536	0.8
243	1570	0.8
243	2100	1.0
243	1879	1.0
243	1638	0.8
243	1837	0.8
243	2021	0.8
243	1568	0.8
243	1573	1.0
243	1842	1.0
243	2098	1.0
243	2239	1.0
244	2330	1.0
244	1518	1.0
244	1832	1.0
244	1377	1.0
244	1867	1.0
244	1784	1.0
244	373	1.0
245	1936	1.0
245	2218	1.0
245	22	1.0
245	750	1.0
246	500	1.0
246	765	1.0
246	322	1.0
246	822	1.0
246	18	1.0
246	223	1.0
246	741	0.8
247	1954	1.0
247	106	1.0
247	1961	1.0
247	446	1.0
247	1153	1.0
247	687	1.0
248	1563	1.0
248	1814	1.0
248	1803	1.0
248	1630	1.0
248	346	1.0
248	487	1.0
248	1655	1.0
248	233	1.0
248	647	1.0
248	1115	1.0
248	1858	1.0
248	295	1.0
248	1859	1.0
248	1103	1.0
249	796	0.8
249	791	0.8
249	696	0.8
249	1452	0.6
250	2351	0.8
250	2424	0.8
250	2503	0.8
250	2590	0.8
250	2654	1.0
250	2502	1.0
250	1497	0.8
251	2989	1.0
251	772	1.0
251	634	1.0
251	703	1.0
252	1808	1.0
252	1380	1.0
252	2089	1.0
252	1579	1.0
252	2040	1.0
252	2029	1.0
252	2015	1.0
252	1728	1.0
252	2280	1.0
252	2075	1.0
252	2485	1.0
252	2146	1.0
252	2118	1.0
252	1944	1.0
252	1987	1.0
252	198	1.0
252	664	1.0
252	1664	1.0
253	1643	1.0
253	388	1.0
253	21	1.0
253	1263	1.0
253	1152	1.0
254	223	0.6
254	1143	0.8
254	2179	0.8
254	610	1.0
255	1487	1.0
255	1828	0.8
255	1094	1.0
255	3220	0.8
255	1382	1.0
255	1719	0.8
255	332	1.0
255	663	1.0
255	1543	1.0
256	649	1.0
256	2632	1.0
256	2742	1.0
256	330	1.0
256	2024	1.0
256	2250	1.0
256	1175	1.0
256	2799	1.0
256	2801	1.0
256	2958	1.0
256	2176	1.0
256	354	1.0
256	1195	1.0
256	2578	1.0
256	1410	1.0
256	1056	0.8
256	233	1.0
256	2282	1.0
256	438	1.0
256	2819	1.0
256	2410	1.0
256	1084	1.0
256	2903	1.0
256	2993	1.0
256	1103	1.0
256	2279	1.0
256	2370	1.0
256	2142	1.0
256	3086	1.0
256	295	1.0
257	1656	0.6
257	1219	0.6
257	1320	0.6
257	1530	0.6
257	1790	0.6
258	1787	1.0
258	1676	1.0
258	2388	1.0
258	1603	1.0
258	1707	1.0
258	1595	1.0
258	1507	1.0
258	1340	1.0
258	1656	1.0
258	1652	1.0
258	1642	1.0
258	1644	1.0
259	2979	1.0
259	2106	1.0
259	3075	1.0
259	199	1.0
259	2953	1.0
259	166	1.0
259	296	1.0
259	791	1.0
259	2776	1.0
259	2866	1.0
260	598	1.0
260	1066	1.0
260	1437	1.0
260	3221	1.0
260	1442	1.0
260	139	1.0
260	204	1.0
260	3224	1.0
261	2142	0.2
261	1905	1.0
261	1999	0.6
261	2104	1.0
261	2015	1.0
261	2058	1.0
261	1966	1.0
261	3034	1.0
261	1954	1.0
261	1958	0.6
261	2238	0.8
261	2143	1.0
261	1916	0.6
261	1816	1.0
262	1816	1.0
262	1648	1.0
262	1957	0.8
262	1904	0.8
263	2743	1.0
263	180	1.0
263	2118	1.0
263	2590	0.8
263	1707	1.0
264	3220	0.4
264	1698	0.4
264	1719	0.2
264	1459	0.8
264	1069	0.6
264	555	0.6
264	1825	0.4
264	556	0.4
264	3079	1.0
265	1560	1.0
265	1810	0.6
265	1707	1.0
265	1559	1.0
266	1810	1.0
266	2719	1.0
266	1609	1.0
266	2692	1.0
266	2231	1.0
266	2548	1.0
266	2562	1.0
266	2760	1.0
266	2644	1.0
266	1629	1.0
266	1529	1.0
266	1879	1.0
267	9	1.0
267	273	0.6
267	3067	1.0
267	2813	1.0
267	1091	1.0
268	1752	1.0
268	315	1.0
268	1741	1.0
268	1278	1.0
268	2157	1.0
268	2753	1.0
268	2724	1.0
268	1821	1.0
268	2615	1.0
268	1822	1.0
268	2349	1.0
268	2133	1.0
268	2127	1.0
268	2299	1.0
268	636	1.0
268	2326	1.0
268	1492	1.0
268	1316	1.0
268	2426	1.0
268	1494	1.0
268	335	1.0
268	710	0.8
268	1210	0.8
269	2917	1.0
269	2797	1.0
269	368	1.0
269	256	0.6
270	409	1.0
270	1445	0.8
270	105	0.8
270	1775	0.8
270	750	1.0
270	1944	0.8
270	101	0.8
270	329	0.8
270	150	0.8
270	1750	0.8
270	1781	0.6
270	2058	0.6
271	2468	1.0
271	2222	1.0
271	2484	1.0
271	2431	1.0
271	2550	1.0
271	2545	1.0
272	1586	1.0
272	715	1.0
272	187	1.0
272	1562	1.0
272	336	1.0
272	207	1.0
272	208	1.0
273	1565	0.8
273	1568	0.8
273	1573	0.8
273	1557	0.6
273	891	1.0
273	894	0.8
273	1521	0.8
274	3113	1.0
274	3042	1.0
274	2592	1.0
274	111	1.0
274	2620	1.0
274	2743	1.0
275	230	1.0
275	889	1.0
275	2658	1.0
275	2075	1.0
276	3332	1.0
276	3197	1.0
276	2002	1.0
276	2812	1.0
277	2548	1.0
277	2162	1.0
277	2668	1.0
277	727	1.0
277	167	0.8
277	2174	1.0
277	1784	1.0
278	2055	1.0
278	2163	0.8
278	2995	0.8
278	2223	1.0
278	3267	1.0
278	2374	1.0
278	2080	1.0
278	2494	1.0
278	2287	1.0
278	2353	1.0
278	2040	0.8
278	863	0.8
278	2483	0.8
278	2300	0.8
278	2850	1.0
278	2089	1.0
278	1168	1.0
278	2707	1.0
278	2219	0.8
278	2610	1.0
278	2393	1.0
278	1354	0.8
278	664	0.8
278	1782	1.0
278	1738	1.0
278	2403	1.0
278	2473	1.0
278	1305	0.8
279	358	1.0
279	109	1.0
279	930	1.0
279	1034	1.0
279	1387	1.0
280	643	1.0
280	587	1.0
280	2974	1.0
280	98	1.0
280	1478	1.0
280	65	1.0
280	573	1.0
280	32	1.0
280	727	1.0
281	182	1.0
281	479	1.0
281	312	1.0
281	2058	1.0
282	983	0.8
282	2541	0.8
282	1919	0.8
282	1965	0.8
282	1310	1.0
283	2662	1.0
283	2394	1.0
283	2075	1.0
283	738	1.0
283	1155	1.0
284	2517	1.0
284	1475	1.0
284	940	1.0
284	1748	0.8
285	692	1.0
285	2767	1.0
285	2930	1.0
285	2971	1.0
285	789	1.0
285	895	1.0
285	61	1.0
285	1060	1.0
285	218	1.0
285	31	1.0
285	2919	1.0
285	815	1.0
285	34	1.0
285	1407	1.0
285	776	1.0
285	543	1.0
286	1806	0.8
286	721	0.8
286	1731	0.6
286	1191	0.6
286	2181	0.6
286	1909	0.6
286	1823	0.6
286	1375	0.6
287	1572	1.0
287	1566	1.0
287	1662	1.0
287	426	1.0
287	1781	1.0
288	1285	1.0
288	1362	1.0
288	1996	1.0
288	2160	1.0
289	1864	0.8
289	1514	0.8
289	1854	1.0
289	2025	1.0
290	1265	1.0
290	1116	0.8
290	2289	1.0
290	1155	0.8
290	2130	1.0
290	1374	1.0
290	1112	0.8
290	32	0.8
291	1209	1.0
291	1071	1.0
291	2120	1.0
291	1490	1.0
291	1530	1.0
291	1489	1.0
291	3009	0.8
291	2331	1.0
292	1250	1.0
292	1323	1.0
292	1750	1.0
292	2126	1.0
292	2352	1.0
292	1662	1.0
292	1961	1.0
292	2637	0.8
293	1682	0.8
293	1629	0.8
293	1928	0.6
293	1934	1.0
293	1929	0.6
293	883	1.0
293	1517	1.0
293	1229	0.8
293	1891	0.8
294	577	1.0
294	357	1.0
294	211	1.0
294	176	1.0
294	1085	1.0
294	695	1.0
294	652	1.0
294	1416	1.0
294	1543	0.8
294	1067	1.0
294	1380	1.0
294	824	1.0
295	715	1.0
295	1736	1.0
295	943	1.0
295	1738	1.0
296	3015	1.0
296	1215	1.0
296	2288	1.0
296	897	1.0
296	2106	1.0
297	1905	1.0
297	1355	1.0
297	1945	1.0
297	2107	1.0
298	1493	1.0
298	1345	1.0
298	2619	1.0
298	1552	1.0
298	1299	1.0
299	977	1.0
299	1383	1.0
299	1501	0.8
299	1401	1.0
299	719	1.0
300	581	0.8
300	2336	0.4
300	351	1.0
300	1944	1.0
301	387	1.0
301	1049	1.0
301	1359	1.0
301	1640	1.0
301	1796	1.0
301	1340	1.0
301	1426	1.0
301	1662	1.0
301	1616	1.0
301	1465	1.0
301	1547	1.0
301	1319	1.0
301	54	1.0
301	2133	1.0
301	1216	1.0
301	1062	1.0
301	1555	1.0
302	2719	1.0
302	1452	1.0
302	3192	1.0
302	1405	1.0
302	1923	1.0
302	2715	1.0
302	2091	1.0
302	2379	1.0
302	2562	1.0
302	2650	1.0
302	3206	1.0
302	2066	1.0
302	2266	1.0
302	1988	1.0
303	1250	1.0
303	2117	1.0
303	1188	1.0
303	1848	1.0
303	895	1.0
303	2121	1.0
304	2067	1.0
304	839	1.0
304	1573	0.8
304	1784	1.0
304	510	1.0
305	1842	1.0
305	1663	1.0
305	1865	1.0
305	1889	1.0
306	973	1.0
306	845	1.0
306	496	1.0
306	484	1.0
307	2460	1.0
307	832	1.0
307	1545	1.0
307	2106	1.0
308	2908	1.0
308	2655	1.0
308	2623	1.0
308	3121	1.0
308	2653	1.0
308	2602	1.0
308	2382	1.0
308	2353	1.0
308	2711	1.0
309	2686	1.0
309	2250	1.0
309	2748	1.0
309	1966	1.0
309	2465	0.8
310	532	1.0
310	742	1.0
310	588	1.0
310	1115	1.0
310	595	1.0
310	133	1.0
310	646	1.0
310	812	1.0
310	2445	1.0
310	2151	1.0
310	778	1.0
310	837	1.0
310	650	1.0
310	857	1.0
310	855	1.0
310	813	1.0
310	648	1.0
310	587	1.0
310	639	1.0
310	682	1.0
310	2974	1.0
310	1288	1.0
310	590	1.0
310	1008	1.0
310	1744	1.0
310	888	1.0
310	175	1.0
310	677	1.0
310	716	1.0
310	106	1.0
310	2446	1.0
310	2960	1.0
310	686	1.0
310	649	1.0
310	743	1.0
310	68	1.0
310	932	1.0
310	654	1.0
310	751	1.0
310	643	1.0
310	1618	1.0
310	956	1.0
310	999	1.0
311	1388	1.0
311	1642	1.0
311	1019	1.0
311	1387	1.0
312	1519	1.0
312	1329	1.0
312	2108	1.0
312	1380	1.0
312	2040	0.8
313	2639	0.6
313	2392	0.8
313	2393	1.0
313	103	1.0
313	2628	1.0
313	2694	1.0
314	1537	1.0
314	1508	1.0
314	1341	1.0
314	1523	1.0
314	1504	1.0
314	1507	1.0
314	1823	1.0
314	1316	1.0
314	1872	1.0
314	38	1.0
314	1215	0.6
315	1787	0.8
315	1736	1.0
315	2312	1.0
315	1728	0.8
315	1341	1.0
316	1900	1.0
316	1550	1.0
316	1984	1.0
316	96	1.0
316	2052	1.0
316	1829	1.0
316	2983	1.0
316	1880	1.0
316	1811	1.0
316	1961	1.0
316	187	1.0
316	589	1.0
317	2733	1.0
317	1372	1.0
317	109	0.8
317	1215	0.8
317	1643	1.0
317	186	1.0
317	1191	1.0
317	1132	1.0
317	1449	1.0
317	1387	1.0
317	369	1.0
317	86	1.0
318	39	1.0
318	2390	0.8
318	3123	1.0
318	3125	1.0
318	904	1.0
318	2428	1.0
318	1844	1.0
318	1634	1.0
318	2363	1.0
318	958	1.0
318	116	1.0
318	2135	1.0
318	1850	1.0
318	368	1.0
318	43	1.0
318	825	1.0
319	145	1.0
319	2855	1.0
319	543	1.0
319	147	1.0
319	1228	1.0
319	3103	1.0
319	1407	1.0
319	2854	1.0
320	3333	1.0
320	2615	1.0
320	2523	1.0
320	2753	1.0
321	1715	1.0
321	1397	1.0
321	1425	1.0
321	1533	1.0
322	907	1.0
322	1151	1.0
322	1433	1.0
322	2940	1.0
323	1632	1.0
323	484	1.0
323	3034	1.0
323	1475	1.0
324	665	1.0
324	2329	1.0
324	625	1.0
324	789	1.0
324	1118	1.0
324	964	1.0
324	688	1.0
324	290	1.0
325	1107	1.0
325	1166	1.0
325	2390	1.0
325	1705	1.0
325	103	1.0
325	296	1.0
326	2089	1.0
326	2017	1.0
326	1905	1.0
326	2038	1.0
326	1728	1.0
326	1706	1.0
326	1776	1.0
326	1986	1.0
326	1773	1.0
326	1890	1.0
326	1780	1.0
326	1808	1.0
326	1546	1.0
326	2029	1.0
326	1961	1.0
326	1764	1.0
326	2118	1.0
326	1896	1.0
326	1448	1.0
326	2069	1.0
326	1707	1.0
327	1784	1.0
327	1961	1.0
327	1727	1.0
327	1491	1.0
327	1834	1.0
327	1578	1.0
327	1710	1.0
327	1471	1.0
327	1835	1.0
327	1820	1.0
327	1464	1.0
327	1581	1.0
327	1832	1.0
327	1802	1.0
327	941	1.0
327	1399	0.6
327	1598	1.0
328	1408	1.0
328	477	1.0
328	1274	1.0
328	425	1.0
328	1406	1.0
328	1434	1.0
328	2106	1.0
328	1432	1.0
328	1448	0.6
328	1563	1.0
328	478	1.0
329	2015	0.6
329	1796	0.6
329	1736	0.8
329	2118	0.6
329	2029	0.6
329	1907	0.6
330	3031	1.0
330	1602	0.8
330	3186	0.8
330	2807	0.8
331	1551	1.0
331	714	1.0
331	1314	1.0
331	1713	1.0
331	1144	1.0
331	1061	1.0
331	515	1.0
331	760	1.0
331	1355	1.0
332	561	1.0
332	1222	1.0
332	1960	1.0
332	2413	1.0
332	2463	1.0
332	332	1.0
332	1125	1.0
332	1640	1.0
332	1173	1.0
333	3118	1.0
333	371	1.0
333	1057	0.2
333	27	0.2
333	44	0.2
333	405	0.2
334	1400	1.0
334	2742	1.0
334	2752	1.0
334	2471	1.0
334	2687	1.0
335	1958	1.0
335	1400	1.0
335	1868	1.0
335	1951	1.0
335	1294	1.0
335	1974	1.0
335	1870	1.0
335	1859	1.0
335	1409	1.0
335	1966	1.0
335	2517	1.0
336	1606	0.6
336	2227	0.6
336	20	0.6
336	1636	1.0
336	1750	1.0
336	469	1.0
336	2361	1.0
336	618	1.0
336	1589	1.0
336	1118	1.0
336	1909	1.0
336	1722	1.0
336	480	1.0
336	1657	1.0
336	2634	1.0
336	2186	1.0
336	2124	1.0
336	820	1.0
336	2204	1.0
336	2195	1.0
336	3073	1.0
336	2362	1.0
336	1135	1.0
336	972	1.0
336	823	1.0
336	2750	1.0
336	2364	1.0
336	2601	1.0
336	284	1.0
336	359	1.0
336	272	1.0
336	3071	1.0
336	2408	0.8
336	2614	1.0
336	402	1.0
336	1773	1.0
337	2013	1.0
337	228	1.0
337	566	1.0
337	1494	1.0
337	2113	1.0
337	1533	1.0
337	2015	1.0
337	1248	0.8
337	2172	1.0
337	2017	1.0
338	1748	1.0
338	765	1.0
338	1810	1.0
338	2526	0.8
339	20	1.0
339	1262	1.0
339	1892	1.0
339	922	1.0
340	2750	1.0
340	2756	1.0
340	2351	1.0
340	3306	1.0
340	944	1.0
340	2749	1.0
340	2501	0.8
340	2890	0.8
340	3264	0.8
340	2407	1.0
341	1274	1.0
341	1903	1.0
341	315	1.0
341	388	1.0
341	2106	1.0
342	1670	1.0
342	2015	1.0
342	1593	0.8
342	1707	1.0
343	1835	1.0
343	1775	1.0
343	1738	1.0
343	1542	1.0
343	847	1.0
343	2107	1.0
343	1707	1.0
343	1780	1.0
344	2671	1.0
344	2336	0.8
344	1426	1.0
344	1514	1.0
344	1823	0.4
344	1544	1.0
345	3163	1.0
345	410	1.0
345	374	1.0
345	60	1.0
345	152	1.0
345	1245	1.0
345	435	1.0
346	1096	1.0
346	3198	1.0
346	2571	1.0
346	2026	1.0
346	2880	1.0
346	2600	1.0
346	352	1.0
346	2849	1.0
346	2743	1.0
346	3185	1.0
346	287	1.0
347	701	1.0
347	1864	1.0
347	2385	1.0
347	2621	1.0
347	1152	0.8
347	1022	1.0
347	3330	0.8
347	2376	1.0
348	346	1.0
348	382	1.0
348	2809	1.0
348	2477	1.0
349	1748	0.8
349	2545	1.0
349	1617	0.8
349	2351	0.8
349	242	0.8
349	2015	0.8
350	2380	1.0
350	2616	1.0
350	3244	1.0
350	2392	1.0
350	1540	1.0
350	1670	1.0
350	2078	1.0
350	2381	1.0
350	2393	1.0
350	2390	1.0
350	929	1.0
350	1431	1.0
350	2075	1.0
350	1541	1.0
350	2653	1.0
350	1890	1.0
350	2340	1.0
350	1318	1.0
350	930	1.0
351	393	1.0
351	2001	1.0
351	2464	1.0
351	2473	1.0
351	423	1.0
351	2620	1.0
351	652	1.0
351	3163	1.0
351	926	1.0
351	2069	1.0
351	2223	1.0
351	2891	1.0
351	428	1.0
351	1995	1.0
351	1092	1.0
351	2559	1.0
351	1916	1.0
351	2690	1.0
351	2701	1.0
351	732	1.0
351	1195	1.0
352	1482	1.0
352	1630	1.0
352	343	1.0
352	1642	1.0
353	2349	0.6
353	1824	1.0
353	1822	1.0
353	1821	1.0
353	2328	1.0
354	1741	1.0
354	2011	0.8
354	711	0.8
354	2582	0.8
354	2399	0.6
354	2561	0.6
354	2642	0.8
354	380	0.8
354	2301	0.6
355	2526	1.0
355	2082	0.8
355	2342	0.8
355	1548	0.8
356	1115	1.0
356	742	1.0
356	2545	1.0
356	2234	0.8
356	2189	0.8
356	1382	0.8
357	1215	0.6
357	657	1.0
357	1736	1.0
357	1416	1.0
358	859	1.0
358	289	1.0
358	2492	1.0
358	1116	1.0
358	2570	1.0
359	1379	1.0
359	1184	1.0
359	113	1.0
359	793	1.0
359	215	1.0
359	278	1.0
360	450	0.8
360	1950	0.8
360	2195	1.0
360	1477	1.0
360	1857	1.0
361	1736	0.8
361	1530	0.8
361	676	0.8
361	1256	1.0
362	2329	1.0
362	1052	1.0
362	1432	1.0
362	2529	1.0
362	1337	1.0
362	2348	1.0
362	1053	1.0
362	1278	1.0
362	226	1.0
362	1712	1.0
362	1054	1.0
362	1338	1.0
362	1711	1.0
362	166	1.0
362	1055	1.0
362	1679	1.0
362	1404	0.4
362	1640	1.0
362	1578	0.4
362	1581	0.6
362	1494	1.0
362	2351	1.0
362	1332	1.0
362	1434	1.0
362	1553	1.0
362	1319	1.0
362	1783	1.0
363	702	1.0
363	515	1.0
363	149	1.0
363	260	1.0
363	370	1.0
363	898	1.0
363	881	1.0
363	1453	1.0
363	863	1.0
363	700	1.0
363	684	1.0
363	307	1.0
363	1494	1.0
364	505	1.0
364	1131	1.0
364	509	1.0
364	2424	1.0
364	2280	1.0
364	2351	1.0
364	799	1.0
364	918	1.0
364	2390	1.0
364	2442	1.0
364	2450	1.0
364	1698	1.0
364	506	1.0
364	104	1.0
365	271	1.0
365	398	1.0
365	270	1.0
365	1728	1.0
365	2121	1.0
366	854	1.0
366	2035	1.0
366	2024	1.0
366	2058	1.0
366	1182	1.0
366	1942	1.0
366	2223	1.0
366	1856	1.0
366	2145	1.0
366	1961	1.0
367	1961	1.0
367	3164	1.0
367	2319	1.0
367	3178	0.8
368	1201	1.0
368	2369	1.0
368	3061	1.0
368	2648	1.0
368	2501	1.0
368	1800	1.0
368	2585	1.0
368	2590	1.0
368	2756	1.0
368	1212	1.0
368	2	1.0
368	1146	1.0
368	2158	1.0
368	498	1.0
368	213	1.0
368	2461	1.0
368	2963	1.0
368	2758	1.0
368	2611	1.0
368	198	1.0
369	1121	1.0
369	542	1.0
369	2389	1.0
369	749	1.0
369	2390	1.0
369	671	1.0
369	215	1.0
370	2248	0.8
370	2029	1.0
370	2055	1.0
370	2145	1.0
371	1968	0.8
371	2111	0.8
371	997	0.8
371	1307	0.8
371	2002	1.0
371	2731	1.0
371	2857	1.0
371	3272	0.8
372	2361	1.0
372	1773	1.0
372	2434	1.0
372	839	1.0
372	2777	1.0
372	2080	1.0
373	1753	0.4
373	795	0.6
373	648	1.0
373	1063	0.4
373	1781	0.4
373	2831	0.6
373	867	0.8
373	930	0.2
373	896	0.2
373	2789	1.0
373	727	0.4
373	980	0.4
373	1263	1.0
373	2451	0.4
373	576	0.6
373	2998	1.0
373	1432	0.2
373	873	0.6
373	938	1.0
374	3334	1.0
374	2560	1.0
374	3245	1.0
374	3298	0.8
374	1865	1.0
374	2692	0.8
374	2644	1.0
374	1842	1.0
375	1961	1.0
375	1832	0.8
375	1710	1.0
375	1865	1.0
375	2189	1.0
375	1095	1.0
375	2234	1.0
375	1754	1.0
375	1202	1.0
375	1889	0.8
376	1811	1.0
376	1986	1.0
376	2069	1.0
376	1989	1.0
376	1540	1.0
376	1917	1.0
376	2463	1.0
376	2145	1.0
376	1912	1.0
376	2055	1.0
376	1172	1.0
376	1782	1.0
376	3228	1.0
376	2834	1.0
376	1087	1.0
376	2197	1.0
376	2384	1.0
376	1530	1.0
376	1750	1.0
376	2230	1.0
376	1890	1.0
376	3280	1.0
376	1447	1.0
376	2376	1.0
376	2234	1.0
376	2075	1.0
376	2300	1.0
376	1707	1.0
376	1552	1.0
376	2874	1.0
376	1987	1.0
376	1780	1.0
376	1896	1.0
376	2146	1.0
376	1617	1.0
376	1630	1.0
376	1612	1.0
376	2246	1.0
376	2172	1.0
376	3207	1.0
376	2357	1.0
376	2314	1.0
376	2351	1.0
376	1738	1.0
376	2295	1.0
376	1764	1.0
376	1642	1.0
376	1317	1.0
376	2287	1.0
377	575	1.0
377	400	1.0
377	359	1.0
377	2374	1.0
378	603	1.0
378	2075	0.8
378	924	1.0
378	642	1.0
378	1042	1.0
378	782	1.0
378	3094	1.0
378	2253	0.8
378	2362	1.0
379	815	1.0
379	589	1.0
379	3095	1.0
379	2926	1.0
379	637	1.0
380	1514	0.8
380	475	1.0
380	1445	0.8
380	739	1.0
380	2081	0.8
380	722	1.0
380	749	1.0
380	2079	1.0
380	2080	0.8
380	2348	0.8
380	1713	0.8
380	660	0.8
380	1465	0.6
380	1053	0.8
381	57	1.0
381	362	1.0
381	989	1.0
381	477	1.0
381	987	0.8
381	1086	0.8
381	1207	1.0
382	171	0.8
382	708	0.8
382	176	0.8
382	76	0.8
382	2937	0.8
382	215	0.8
383	2648	1.0
383	2437	1.0
383	2575	1.0
383	2350	1.0
383	2616	1.0
383	2413	1.0
383	2655	1.0
383	2302	1.0
383	158	1.0
383	2351	1.0
384	3055	1.0
384	2690	1.0
384	2256	1.0
384	294	1.0
384	2732	1.0
384	2468	1.0
384	1505	1.0
385	1204	1.0
385	2731	1.0
385	185	1.0
385	990	1.0
385	248	1.0
385	2652	1.0
385	2871	1.0
386	74	1.0
386	383	1.0
386	666	1.0
386	763	1.0
386	1105	0.4
386	594	1.0
386	229	0.2
386	1269	1.0
386	2973	1.0
386	635	1.0
386	416	1.0
386	214	1.0
386	606	1.0
386	397	1.0
386	846	0.2
387	2704	1.0
387	168	1.0
387	2281	1.0
387	2690	1.0
387	1780	0.8
387	2315	1.0
387	2397	1.0
387	2703	0.6
387	266	1.0
387	2229	1.0
387	2308	1.0
388	804	0.8
388	695	1.0
388	3099	0.8
388	1313	0.4
388	241	0.8
388	2901	1.0
388	2762	0.8
388	3008	0.8
388	2899	0.6
389	3290	1.0
389	2534	1.0
389	2438	1.0
389	2271	1.0
389	2001	1.0
389	1961	1.0
389	1366	1.0
389	2356	1.0
389	2160	1.0
390	619	1.0
390	1640	1.0
390	703	1.0
390	409	1.0
391	1918	1.0
391	2067	0.8
391	1229	1.0
391	123	1.0
391	2091	1.0
391	2066	0.8
391	1677	1.0
391	1428	1.0
391	1978	1.0
391	2129	1.0
391	1473	1.0
391	2115	1.0
391	1625	0.8
391	1476	1.0
391	1611	0.8
392	2462	0.8
392	1690	0.8
392	1700	1.0
392	1757	0.6
392	1689	0.2
392	2475	0.2
392	2708	0.4
393	2028	1.0
393	3154	1.0
393	2805	0.8
393	2135	1.0
393	2718	0.8
393	176	1.0
393	2965	1.0
393	2914	1.0
393	349	1.0
393	191	0.8
393	263	1.0
393	3331	1.0
393	1268	1.0
393	905	1.0
393	2458	1.0
393	408	1.0
393	3043	1.0
393	264	1.0
393	1127	1.0
393	210	1.0
393	1073	1.0
393	272	1.0
393	2912	1.0
393	28	1.0
393	244	1.0
393	737	1.0
393	165	1.0
393	193	1.0
393	267	0.8
393	571	1.0
393	142	1.0
393	317	1.0
393	1627	0.8
394	572	1.0
394	2490	1.0
394	523	1.0
394	11	0.8
394	1643	1.0
394	2439	0.6
394	775	1.0
395	1903	1.0
395	390	1.0
395	970	1.0
395	525	1.0
396	1089	1.0
396	399	1.0
396	410	1.0
396	1308	1.0
396	832	1.0
396	454	1.0
396	1071	1.0
397	965	0.8
397	1146	1.0
397	866	0.8
397	1482	0.8
397	853	1.0
397	1456	1.0
397	1124	1.0
397	306	1.0
397	1011	1.0
397	1192	1.0
397	2075	0.8
397	1441	0.8
397	2989	1.0
397	2427	1.0
398	946	1.0
398	2990	1.0
398	1605	1.0
398	2143	0.6
398	2985	1.0
398	2507	0.8
398	2596	0.8
398	3313	0.6
398	2577	1.0
399	579	1.0
399	1213	1.0
399	164	1.0
399	567	1.0
399	1212	1.0
399	1142	1.0
400	2170	1.0
400	2307	1.0
400	1973	1.0
400	2550	1.0
400	1781	0.6
400	1750	1.0
401	2160	1.0
401	2357	1.0
401	1492	1.0
401	2223	1.0
401	3196	1.0
401	2103	1.0
401	2657	1.0
401	490	1.0
401	2518	1.0
401	2314	1.0
402	2882	1.0
402	3101	1.0
402	2937	1.0
402	3110	1.0
403	2505	1.0
403	2747	1.0
403	2290	1.0
403	1885	0.8
404	1215	0.6
404	2103	1.0
404	1046	0.6
404	1788	0.6
404	1502	0.6
405	2552	1.0
405	2618	1.0
405	723	1.0
405	312	1.0
405	2749	1.0
405	1652	1.0
405	2595	1.0
405	934	1.0
405	2158	1.0
406	2113	1.0
406	1470	1.0
406	1250	0.8
406	1852	1.0
407	122	1.0
407	265	1.0
407	1217	1.0
407	759	1.0
407	746	1.0
407	561	0.8
407	1559	1.0
407	1843	1.0
407	1229	1.0
407	1166	0.8
407	155	1.0
407	1558	1.0
407	399	1.0
407	1750	1.0
408	2279	1.0
408	2197	1.0
408	2431	1.0
408	3287	1.0
408	2594	0.8
408	1961	1.0
408	2251	1.0
408	2105	1.0
409	1829	0.8
409	410	1.0
409	2029	0.6
409	2069	0.8
409	1736	0.8
409	2220	1.0
409	2089	0.8
409	1532	0.6
409	2505	1.0
409	1911	0.8
409	1852	1.0
409	1772	0.6
409	1780	0.8
409	2080	0.8
409	1994	0.8
409	1714	0.8
409	1698	0.8
409	2278	0.8
409	2058	1.0
409	1617	1.0
409	1810	0.8
409	1908	0.8
409	1360	1.0
409	2055	1.0
409	2248	0.6
409	1817	0.6
409	2271	1.0
410	678	1.0
410	1905	1.0
410	937	1.0
410	1276	1.0
411	2358	1.0
411	710	0.8
411	483	1.0
411	1392	1.0
411	136	1.0
411	3227	1.0
411	2009	1.0
411	255	1.0
411	1740	1.0
411	413	1.0
411	765	1.0
411	1026	0.8
411	809	0.6
411	2207	1.0
411	506	0.6
411	2498	1.0
411	1243	1.0
411	2518	0.8
411	2146	0.8
411	2956	1.0
411	744	1.0
411	583	1.0
411	2299	1.0
411	1622	1.0
411	1679	1.0
411	1925	1.0
411	2159	0.8
411	1130	0.8
411	792	1.0
411	310	1.0
411	1311	0.8
411	104	0.8
411	402	1.0
411	2615	1.0
411	1969	1.0
411	2003	1.0
411	90	1.0
411	465	1.0
411	1246	0.6
411	898	1.0
411	2069	1.0
411	2252	0.8
411	2160	1.0
411	2473	1.0
411	1343	1.0
411	2246	1.0
411	2391	1.0
411	2039	1.0
411	2107	1.0
411	516	1.0
411	510	1.0
411	561	0.8
411	1728	1.0
411	198	1.0
411	1314	0.8
411	515	0.8
411	1773	1.0
411	227	1.0
411	954	0.8
411	50	0.8
411	77	1.0
411	2503	0.8
411	2223	1.0
411	137	1.0
411	2127	1.0
411	2002	0.8
411	2132	1.0
411	265	1.0
411	1365	1.0
411	2545	1.0
411	853	1.0
411	2110	1.0
411	930	1.0
411	651	1.0
411	864	1.0
411	2658	1.0
411	3209	1.0
411	172	1.0
411	856	1.0
411	1871	0.8
411	66	1.0
411	2279	0.8
411	1961	1.0
411	2403	0.8
411	1230	0.8
411	159	1.0
411	85	1.0
411	2065	0.8
411	284	0.8
411	2058	1.0
411	2424	1.0
411	674	0.8
411	2221	1.0
411	2329	1.0
411	1257	1.0
411	1898	1.0
411	333	1.0
411	2049	0.6
411	1788	1.0
411	87	1.0
411	623	1.0
411	62	1.0
411	374	1.0
411	584	0.6
411	1662	0.8
411	338	1.0
411	2489	1.0
411	1899	1.0
411	2157	1.0
411	763	1.0
411	1072	1.0
411	2208	1.0
411	988	0.8
411	1880	1.0
411	1911	1.0
411	3047	0.8
411	2607	1.0
412	2060	0.6
412	1779	0.6
412	2094	0.6
412	2129	0.6
412	1827	0.6
413	2008	1.0
413	2151	1.0
413	1853	1.0
413	2072	1.0
413	1857	1.0
413	2045	0.8
413	2240	1.0
413	869	1.0
413	1694	1.0
413	2709	1.0
413	2267	1.0
413	1950	1.0
414	1307	1.0
414	2878	1.0
414	1821	1.0
414	2456	1.0
414	3047	1.0
414	1198	1.0
414	1660	1.0
414	1724	1.0
414	375	1.0
414	159	1.0
414	200	1.0
414	2058	1.0
414	2219	1.0
414	442	1.0
414	1136	1.0
415	1833	1.0
415	1611	1.0
415	1930	1.0
415	1229	1.0
415	1627	1.0
415	1684	1.0
415	1549	1.0
415	1625	1.0
416	2573	1.0
416	2029	1.0
416	2694	1.0
416	2201	1.0
416	2485	1.0
416	2222	1.0
416	2223	1.0
416	2061	0.8
416	1984	1.0
416	2450	1.0
416	2348	1.0
416	2618	0.6
416	370	1.0
416	2627	1.0
416	2424	1.0
416	2221	1.0
417	973	1.0
417	2430	1.0
417	1994	1.0
417	1102	1.0
417	2151	0.6
418	3241	1.0
418	2376	1.0
418	2075	1.0
418	1556	1.0
418	602	1.0
418	584	1.0
418	1891	1.0
418	1463	1.0
418	2515	1.0
418	2439	1.0
418	2525	1.0
418	1506	1.0
418	2417	1.0
418	1559	1.0
418	2322	1.0
418	1560	1.0
418	3281	1.0
418	1217	1.0
418	1833	1.0
418	3242	1.0
418	1934	1.0
418	2223	1.0
418	2514	1.0
418	1682	1.0
418	1677	1.0
418	2221	1.0
418	397	1.0
418	1805	1.0
418	1875	1.0
419	2387	1.0
419	966	1.0
419	496	1.0
419	357	0.6
419	1465	1.0
420	369	1.0
420	1955	1.0
420	2113	1.0
420	2007	1.0
420	3072	1.0
420	1772	1.0
420	1831	1.0
420	1905	1.0
420	3208	1.0
420	1441	1.0
420	331	1.0
420	1826	1.0
420	1600	1.0
420	1577	1.0
420	1782	1.0
420	700	1.0
420	1738	1.0
420	1644	1.0
420	2861	1.0
420	1817	1.0
420	1911	1.0
420	1780	1.0
420	3250	1.0
420	1830	1.0
421	3216	1.0
421	2412	1.0
421	2538	1.0
421	2191	1.0
421	2262	1.0
421	2433	1.0
422	1581	0.6
422	1560	0.6
422	1377	0.4
422	2067	0.6
422	2050	0.6
422	2070	0.8
422	1961	1.0
422	832	1.0
423	122	1.0
423	246	1.0
423	157	1.0
423	292	1.0
423	557	1.0
423	189	1.0
423	513	0.8
423	169	1.0
423	2015	1.0
423	2068	1.0
423	2120	1.0
423	619	1.0
423	1961	1.0
423	512	1.0
424	1449	1.0
424	2743	1.0
424	2629	1.0
424	1642	1.0
424	1780	1.0
424	1848	1.0
424	1341	1.0
424	957	1.0
424	3107	1.0
424	2547	1.0
424	2623	1.0
424	2181	1.0
424	2279	1.0
424	1283	1.0
424	2113	1.0
424	3152	1.0
424	2431	1.0
424	2358	1.0
424	1535	1.0
424	2573	1.0
424	1896	1.0
424	2846	1.0
424	2655	1.0
424	1640	1.0
424	2716	1.0
424	2616	1.0
424	2409	1.0
424	2351	1.0
424	973	1.0
424	1355	1.0
424	329	1.0
424	2374	1.0
424	1612	1.0
424	1532	1.0
424	309	1.0
424	2223	1.0
425	1832	0.8
425	3235	1.0
425	1035	1.0
425	2265	0.8
425	2022	1.0
425	54	1.0
425	2589	1.0
425	136	1.0
425	3217	1.0
425	137	1.0
426	2634	1.0
426	3328	1.0
426	2205	1.0
426	2589	1.0
426	1709	1.0
427	2473	1.0
427	1895	1.0
427	2362	1.0
427	1748	1.0
427	1821	1.0
427	1734	1.0
427	1212	1.0
427	1546	1.0
427	1774	1.0
427	1530	1.0
427	475	1.0
427	1767	1.0
427	1772	1.0
427	696	1.0
427	2361	1.0
427	169	1.0
427	3194	1.0
427	2363	1.0
427	1640	1.0
427	1357	1.0
427	319	1.0
427	2156	1.0
427	157	1.0
427	416	1.0
427	2158	1.0
427	1080	1.0
427	2041	1.0
427	1340	1.0
427	615	1.0
427	2146	1.0
427	2354	1.0
427	1415	1.0
427	862	1.0
427	1283	1.0
427	414	1.0
427	1330	1.0
427	1213	1.0
427	1890	1.0
427	1305	1.0
427	1081	1.0
427	2358	1.0
427	2143	1.0
427	2139	1.0
427	2360	1.0
427	225	1.0
427	2015	1.0
427	1621	1.0
427	2503	1.0
428	3227	1.0
428	2219	1.0
428	2664	1.0
428	528	1.0
429	2756	1.0
429	2691	1.0
429	2375	0.8
429	2757	1.0
429	2690	1.0
430	937	1.0
430	1048	1.0
430	2438	1.0
430	2084	1.0
430	1767	0.8
431	1215	1.0
431	2406	1.0
431	1944	1.0
431	2023	1.0
431	683	1.0
431	2590	1.0
431	1923	1.0
431	593	1.0
431	1043	1.0
431	2083	1.0
431	1882	1.0
431	1782	1.0
431	496	1.0
431	2049	1.0
432	600	0.8
432	1905	0.6
432	1994	1.0
432	2069	1.0
433	2376	1.0
433	2641	1.0
433	3265	1.0
433	2523	1.0
433	2119	1.0
433	599	1.0
433	3030	1.0
433	2246	1.0
433	2393	1.0
433	2563	1.0
433	2636	1.0
433	1917	1.0
433	2122	1.0
433	2117	1.0
433	2662	1.0
433	1355	1.0
433	2121	1.0
433	2448	1.0
433	2329	1.0
433	2351	1.0
433	1864	1.0
433	2029	1.0
433	750	1.0
433	2643	1.0
433	2118	1.0
433	1911	1.0
434	860	1.0
434	473	1.0
434	1637	1.0
434	946	1.0
434	277	1.0
434	783	1.0
434	146	1.0
434	1305	0.8
434	187	1.0
435	1632	1.0
435	2477	1.0
435	1838	1.0
435	1792	1.0
435	1949	1.0
435	2577	1.0
435	2267	1.0
435	1995	1.0
435	1961	1.0
435	1501	1.0
435	1605	1.0
435	1619	1.0
435	1723	1.0
436	345	0.8
436	1750	0.8
436	346	1.0
436	392	0.8
437	1188	1.0
437	1170	1.0
437	1029	1.0
437	109	1.0
437	960	1.0
437	1386	1.0
437	907	1.0
437	1643	1.0
437	1550	1.0
437	2245	1.0
437	1033	1.0
437	1630	1.0
438	1664	1.0
438	2502	1.0
438	2662	1.0
438	2503	1.0
438	2222	1.0
438	2485	1.0
438	2584	1.0
439	2554	1.0
439	1787	1.0
439	2434	1.0
439	1736	1.0
439	1480	1.0
440	944	1.0
440	1863	0.8
440	3173	0.4
440	3196	1.0
440	1537	1.0
440	760	1.0
441	844	1.0
441	436	1.0
441	587	1.0
441	757	1.0
442	1534	1.0
442	320	1.0
442	923	1.0
442	394	1.0
442	345	1.0
442	962	1.0
442	1167	1.0
442	955	1.0
442	699	1.0
442	1728	1.0
442	153	1.0
442	964	1.0
442	620	1.0
442	593	1.0
442	189	1.0
442	1070	1.0
442	1152	1.0
442	467	1.0
442	1360	1.0
442	598	1.0
442	91	1.0
442	2787	1.0
442	40	1.0
442	533	1.0
442	243	1.0
442	683	1.0
442	2788	1.0
442	1138	1.0
442	1864	1.0
442	724	1.0
442	873	1.0
442	406	1.0
442	1009	1.0
442	9	1.0
442	52	1.0
442	415	1.0
442	174	1.0
442	396	1.0
442	428	1.0
442	1068	1.0
442	419	1.0
443	1217	1.0
443	1934	1.0
443	1805	1.0
443	2514	1.0
443	1560	1.0
443	2439	1.0
444	930	1.0
444	2201	0.8
444	2662	1.0
444	2743	1.0
444	2575	1.0
444	725	1.0
444	2827	1.0
444	1702	1.0
444	2610	1.0
444	2977	1.0
444	2195	1.0
444	2223	1.0
444	56	1.0
444	2825	1.0
444	2712	1.0
444	3321	1.0
444	1772	0.8
444	2268	1.0
444	2363	1.0
444	1034	1.0
444	2694	1.0
444	3283	1.0
444	458	1.0
444	1298	1.0
444	2279	0.6
444	2485	1.0
444	2614	1.0
444	162	0.8
444	2351	1.0
444	1806	1.0
444	368	1.0
444	2374	1.0
444	2349	1.0
445	337	0.6
445	371	0.8
445	610	0.6
445	341	0.6
445	436	0.6
446	400	1.0
446	542	1.0
446	910	1.0
446	2582	1.0
446	1128	1.0
446	2881	1.0
446	2352	1.0
447	2705	1.0
447	2737	1.0
447	2738	1.0
447	2189	1.0
447	2200	1.0
447	1945	1.0
447	2107	1.0
448	1642	0.8
448	1656	1.0
448	1503	1.0
448	1495	1.0
449	2161	1.0
449	2275	1.0
449	2225	1.0
449	2042	1.0
449	2141	1.0
449	2143	1.0
449	2057	1.0
449	1771	1.0
449	2238	1.0
449	2625	1.0
449	2162	1.0
449	1902	1.0
449	1070	1.0
449	391	1.0
449	202	1.0
449	1649	1.0
449	2381	1.0
449	126	1.0
449	2167	1.0
449	2291	1.0
449	940	1.0
449	74	1.0
450	2915	1.0
450	1974	1.0
450	2430	1.0
450	1771	1.0
450	999	1.0
450	2092	1.0
450	1784	1.0
451	2539	1.0
451	2597	1.0
451	110	1.0
451	2247	1.0
451	2515	1.0
451	605	1.0
451	1868	1.0
451	2072	1.0
451	2430	1.0
452	1497	0.8
452	119	0.6
452	2190	0.6
452	2816	0.8
452	3054	0.8
452	835	0.8
452	601	0.8
452	1905	0.4
452	963	0.8
452	362	0.8
452	1434	0.8
452	496	0.8
452	1035	0.8
453	481	1.0
453	1510	1.0
453	2334	1.0
453	2839	1.0
453	1511	1.0
453	2776	1.0
453	84	1.0
453	528	1.0
453	1643	1.0
453	2216	1.0
453	1434	1.0
453	1299	1.0
453	240	1.0
453	458	1.0
453	2898	1.0
453	1087	1.0
453	1617	1.0
453	2733	1.0
453	99	1.0
453	1748	1.0
453	868	1.0
453	1432	1.0
453	1509	1.0
453	872	1.0
454	1646	0.8
454	2660	1.0
454	2279	1.0
454	1911	1.0
454	2700	0.8
454	2058	1.0
454	1905	1.0
454	918	1.0
454	1432	1.0
454	2143	1.0
454	496	1.0
454	269	1.0
454	1148	1.0
454	2017	1.0
454	2616	0.8
454	1781	1.0
454	1780	1.0
454	2354	0.8
454	1767	1.0
454	1961	1.0
454	1414	1.0
454	1283	1.0
454	2302	1.0
454	1096	1.0
454	2358	1.0
454	1434	1.0
455	35	1.0
455	34	1.0
455	1698	1.0
455	789	1.0
455	1390	1.0
455	2289	1.0
455	217	1.0
455	2274	1.0
455	2280	1.0
455	1702	1.0
455	2312	1.0
455	1622	1.0
455	3147	1.0
456	1793	1.0
456	2650	1.0
456	1784	1.0
456	2097	1.0
456	1820	1.0
456	1810	1.0
457	316	0.8
457	113	1.0
457	1250	0.8
457	2889	0.8
457	2790	0.8
458	2096	1.0
458	1981	1.0
458	2100	1.0
458	1979	1.0
458	2131	1.0
458	1876	1.0
458	1991	1.0
458	1566	1.0
458	2130	1.0
458	1990	1.0
458	2098	1.0
458	2095	1.0
458	1982	1.0
459	3256	1.0
459	2691	1.0
459	364	1.0
459	2438	0.8
459	1773	1.0
459	936	1.0
459	2029	1.0
459	3068	1.0
460	2026	1.0
460	1898	1.0
460	3261	1.0
460	733	1.0
460	614	1.0
460	1899	1.0
461	300	1.0
461	2481	1.0
461	474	1.0
461	2478	0.8
461	2261	1.0
461	1635	1.0
461	797	1.0
462	617	1.0
462	1927	1.0
462	1891	1.0
462	1217	1.0
462	1833	1.0
462	1933	1.0
462	1922	1.0
462	1682	1.0
462	1611	1.0
462	1677	1.0
462	1924	1.0
462	1932	1.0
463	2875	1.0
463	381	1.0
463	1963	1.0
463	2605	1.0
463	2890	1.0
464	1707	0.8
464	732	1.0
464	2055	0.6
464	2293	1.0
464	2852	1.0
464	1617	1.0
464	2390	1.0
465	1518	1.0
465	695	1.0
465	2100	1.0
465	1754	1.0
465	2283	1.0
465	2165	1.0
466	341	1.0
466	3159	1.0
466	2884	0.8
466	1117	1.0
466	2611	0.8
466	970	1.0
466	415	1.0
466	2835	1.0
466	428	1.0
466	3005	1.0
466	2520	0.8
466	2362	0.8
466	3010	1.0
467	1821	1.0
467	2434	1.0
467	2327	1.0
467	2111	1.0
467	351	1.0
468	536	1.0
468	549	1.0
468	1738	1.0
468	2134	1.0
468	538	1.0
469	667	1.0
469	947	1.0
469	1328	0.6
469	1272	0.8
469	314	0.6
470	788	1.0
470	926	1.0
470	843	1.0
470	411	1.0
470	330	1.0
470	3151	1.0
470	287	1.0
470	1101	1.0
470	448	1.0
470	886	1.0
470	800	1.0
470	517	1.0
470	737	1.0
470	320	1.0
470	406	1.0
470	835	1.0
470	539	1.0
470	95	1.0
470	592	1.0
470	2216	1.0
470	3263	1.0
471	2438	1.0
471	1821	1.0
471	907	1.0
471	644	1.0
471	2104	1.0
471	2662	0.8
471	2587	1.0
471	2167	1.0
471	2453	1.0
471	2294	1.0
472	2071	1.0
472	2210	1.0
472	1581	1.0
472	3294	1.0
472	2231	1.0
472	1628	1.0
472	2116	1.0
472	1879	1.0
472	2057	1.0
472	1610	1.0
472	1941	1.0
472	1891	1.0
472	3258	1.0
472	2260	1.0
472	2087	1.0
472	1793	0.8
472	1609	1.0
472	2020	1.0
472	2548	1.0
472	1756	1.0
473	2571	1.0
473	2126	0.8
473	1662	0.8
473	1770	1.0
474	202	1.0
474	566	1.0
474	316	1.0
474	73	1.0
474	1074	1.0
474	520	1.0
474	563	1.0
474	764	1.0
475	2490	0.8
475	1452	1.0
475	2936	1.0
475	1924	1.0
475	3241	1.0
476	476	0.6
476	985	0.6
476	904	0.6
476	3309	0.6
476	2269	1.0
477	2077	1.0
477	1796	1.0
477	1494	1.0
477	1935	1.0
478	1977	0.8
478	1855	0.8
478	1745	0.8
478	1757	0.8
478	1736	1.0
478	1675	1.0
478	1705	1.0
478	2064	1.0
478	1695	1.0
478	1340	1.0
478	1746	1.0
478	1865	1.0
479	2355	1.0
479	2424	1.0
479	1504	1.0
479	2611	1.0
480	1781	1.0
480	316	1.0
480	1555	1.0
480	1728	1.0
481	559	1.0
481	547	1.0
481	2189	1.0
481	1789	1.0
481	781	1.0
481	30	1.0
481	1077	1.0
481	969	1.0
481	669	1.0
482	1423	0.8
482	3080	1.0
482	1022	1.0
482	1005	1.0
482	3083	1.0
482	2778	1.0
482	2771	1.0
483	1465	0.6
483	1434	0.6
483	1028	0.6
483	2590	0.6
483	1259	0.6
483	1299	0.6
483	1026	0.6
483	1260	0.6
484	3252	1.0
484	1475	1.0
484	1993	1.0
484	2620	1.0
484	984	1.0
485	2536	1.0
485	1478	1.0
485	2197	1.0
485	2078	1.0
485	2230	1.0
485	2200	1.0
485	2107	1.0
485	1830	1.0
485	1818	1.0
485	2030	1.0
485	2179	1.0
485	2220	1.0
485	2145	1.0
485	2374	1.0
486	1588	0.8
486	584	1.0
486	2994	1.0
486	1277	1.0
486	3286	1.0
486	48	1.0
486	3182	1.0
486	1843	1.0
486	2241	1.0
486	350	1.0
486	1309	1.0
486	2318	1.0
486	725	1.0
486	2273	1.0
486	759	1.0
486	2187	1.0
486	80	1.0
486	2441	1.0
487	2329	1.0
487	1406	1.0
487	3278	1.0
487	2518	1.0
487	2160	1.0
487	2498	1.0
487	2106	1.0
487	2615	1.0
487	2356	1.0
487	1274	1.0
487	2355	1.0
488	1432	1.0
488	1994	1.0
488	589	1.0
488	230	1.0
488	100	1.0
489	61	1.0
489	2780	0.8
489	1770	1.0
489	1286	0.8
489	1622	1.0
490	1927	1.0
490	1933	1.0
490	1924	1.0
490	1922	1.0
490	1926	1.0
490	1928	1.0
490	1931	1.0
490	1929	1.0
491	1200	1.0
491	1555	1.0
491	2275	1.0
491	882	1.0
491	1905	1.0
492	2174	0.6
492	1353	1.0
492	2143	1.0
492	1738	1.0
492	3234	0.4
492	981	1.0
493	1559	1.0
493	2204	1.0
493	1731	1.0
493	2016	1.0
493	2524	1.0
493	2147	1.0
494	2755	1.0
494	1273	1.0
494	2721	0.6
494	1901	0.4
495	1836	1.0
495	725	1.0
495	49	1.0
495	2309	1.0
496	802	1.0
496	1462	1.0
496	2734	1.0
496	2648	1.0
496	2836	1.0
496	602	1.0
496	1117	1.0
496	1849	1.0
496	2729	1.0
496	2655	1.0
496	2085	1.0
497	2595	1.0
497	1011	0.6
497	162	0.6
497	1452	0.6
497	2873	0.6
497	1496	0.6
497	2955	0.6
498	1223	1.0
498	1961	1.0
498	879	1.0
498	1561	1.0
498	943	1.0
499	2623	1.0
499	2661	0.8
499	2409	1.0
499	2584	0.8
499	2434	0.8
499	2556	1.0
499	2593	1.0
499	2660	0.6
499	2501	0.8
499	2613	0.8
499	2484	0.8
499	2616	0.8
500	1386	0.8
500	1046	0.6
500	2029	1.0
500	2391	0.8
501	665	1.0
501	2798	1.0
501	691	1.0
501	179	1.0
501	1097	1.0
501	588	1.0
501	3204	1.0
501	2481	1.0
501	2883	1.0
501	3091	1.0
501	583	1.0
501	297	1.0
501	3136	1.0
501	903	1.0
501	476	1.0
501	96	1.0
501	1094	1.0
501	617	1.0
501	105	1.0
501	2335	1.0
501	3012	1.0
501	371	1.0
501	1177	1.0
501	3203	1.0
501	892	1.0
502	1799	1.0
502	1857	1.0
502	971	1.0
502	1217	1.0
502	1206	1.0
503	2815	1.0
503	67	1.0
503	2306	1.0
503	2469	1.0
503	927	1.0
503	861	1.0
503	1534	1.0
503	2216	1.0
503	209	0.8
503	882	1.0
503	936	1.0
503	1043	1.0
503	742	1.0
503	102	0.8
503	939	0.8
503	338	0.8
503	1326	1.0
503	3115	1.0
503	273	1.0
504	1961	1.0
504	1563	1.0
504	790	1.0
504	1716	1.0
504	2531	1.0
505	2240	1.0
505	2686	1.0
505	1829	1.0
505	3271	1.0
505	3303	1.0
505	1771	1.0
506	660	1.0
506	1385	1.0
506	3035	1.0
506	88	1.0
507	1280	1.0
507	310	0.2
507	386	0.8
507	1434	1.0
507	375	1.0
507	186	1.0
507	184	1.0
507	384	1.0
507	1189	1.0
508	2842	0.8
508	2121	1.0
508	2036	1.0
508	1238	1.0
508	1726	1.0
508	2262	1.0
508	2524	1.0
508	2558	1.0
508	2324	1.0
509	765	1.0
509	1053	1.0
509	2348	1.0
509	997	1.0
509	1021	1.0
510	1694	1.0
510	448	0.8
510	1180	0.8
510	858	0.8
511	1622	1.0
511	2153	1.0
511	2300	1.0
511	2285	1.0
511	2498	1.0
511	2160	1.0
511	865	1.0
511	286	1.0
511	2312	1.0
512	1181	1.0
512	1738	1.0
512	1893	1.0
512	1028	1.0
512	1660	1.0
512	1666	1.0
512	1778	1.0
512	931	1.0
513	2374	1.0
513	2473	1.0
513	2354	1.0
513	2437	1.0
513	2223	1.0
513	2358	1.0
513	2381	1.0
513	509	1.0
513	1837	1.0
513	2455	1.0
513	2438	1.0
514	2993	1.0
514	3046	1.0
514	726	1.0
514	1945	1.0
514	730	1.0
514	565	1.0
514	1298	1.0
515	1680	1.0
515	2089	1.0
515	1359	1.0
515	1819	1.0
515	2107	1.0
516	2686	1.0
516	1240	1.0
516	2738	1.0
516	2594	1.0
517	312	1.0
517	2156	0.8
517	2308	1.0
517	2372	0.8
517	1604	1.0
517	2758	1.0
517	2007	1.0
517	1306	1.0
517	2415	1.0
517	310	1.0
517	475	1.0
517	1667	0.8
517	2363	1.0
517	41	1.0
517	2442	0.6
518	2117	1.0
518	2121	1.0
518	2118	1.0
518	69	1.0
519	232	1.0
519	869	1.0
519	2507	1.0
519	2748	1.0
519	2539	1.0
519	2429	1.0
519	1674	1.0
519	3014	1.0
520	1600	1.0
520	1358	0.8
520	1287	0.6
520	1630	0.8
520	2058	0.8
520	1141	0.8
520	2055	0.8
520	1708	1.0
520	1961	1.0
520	190	0.8
520	1967	1.0
520	498	0.8
520	1939	0.6
520	1881	0.8
521	3001	1.0
521	1534	1.0
521	2950	1.0
521	2764	1.0
521	1128	1.0
522	3257	1.0
522	2167	1.0
522	1643	1.0
522	1630	1.0
522	2256	1.0
522	1427	1.0
522	2143	1.0
522	3247	1.0
522	2180	1.0
522	1299	1.0
523	2381	0.8
523	1961	1.0
523	587	1.0
523	2814	1.0
523	929	1.0
523	2054	1.0
523	24	1.0
523	2279	0.8
523	632	1.0
523	933	1.0
523	2069	0.8
523	1905	1.0
524	1092	1.0
524	1359	1.0
524	1770	1.0
524	1757	1.0
524	1664	1.0
524	1573	1.0
525	3069	1.0
525	2795	1.0
525	2316	1.0
525	2545	1.0
525	1211	1.0
525	2602	1.0
525	252	1.0
525	1860	1.0
525	1524	1.0
525	593	1.0
525	2986	1.0
525	93	1.0
525	1070	1.0
525	473	1.0
525	937	1.0
525	616	1.0
525	939	1.0
525	2431	1.0
525	2587	1.0
525	3320	1.0
525	965	1.0
525	683	1.0
525	487	1.0
525	964	1.0
525	2417	1.0
525	3323	1.0
525	1479	1.0
525	2405	1.0
525	1449	1.0
525	568	1.0
525	164	1.0
526	913	0.8
526	371	0.8
526	369	0.8
526	390	0.8
526	1099	0.8
526	1903	0.8
526	1481	0.8
526	2806	0.8
526	316	0.8
527	58	1.0
527	560	1.0
527	703	0.8
527	758	1.0
528	2457	1.0
528	2472	1.0
528	3310	1.0
528	2430	1.0
528	2470	1.0
529	1994	0.8
529	1130	1.0
529	748	1.0
529	899	1.0
529	315	1.0
529	2905	1.0
529	682	1.0
530	808	0.8
530	1698	1.0
530	834	0.8
530	695	1.0
530	1186	1.0
530	385	0.8
530	2118	1.0
530	1818	0.8
530	744	1.0
530	1831	1.0
530	155	1.0
530	2997	0.6
530	440	0.6
530	2999	1.0
530	2009	1.0
531	1040	0.8
531	2715	0.8
531	2719	0.8
531	1628	0.6
531	1972	0.8
531	2266	0.6
531	1230	1.0
531	2718	0.8
531	2562	0.8
531	2265	0.6
531	2714	0.8
531	100	0.8
532	1376	1.0
532	2648	1.0
532	2578	1.0
532	998	1.0
532	2663	1.0
532	2676	1.0
532	2729	1.0
533	140	1.0
533	118	1.0
533	1734	1.0
533	376	1.0
533	1862	1.0
533	121	1.0
533	220	1.0
533	85	1.0
533	524	1.0
533	170	1.0
534	632	1.0
534	353	1.0
534	3024	1.0
534	3076	1.0
535	1882	1.0
535	1866	1.0
535	1906	1.0
535	1757	1.0
535	1273	1.0
535	342	1.0
535	1697	1.0
535	2419	1.0
535	1713	1.0
535	1787	1.0
535	1293	1.0
535	1279	1.0
535	1755	1.0
535	1455	1.0
535	1373	1.0
536	1618	1.0
536	2455	1.0
536	1410	1.0
536	2410	1.0
536	445	1.0
537	1434	1.0
537	1549	1.0
537	1662	1.0
537	2107	1.0
538	2969	1.0
538	595	1.0
538	1961	1.0
538	232	1.0
538	1358	1.0
538	973	1.0
538	1950	1.0
538	2740	1.0
538	3211	1.0
538	2503	1.0
538	928	1.0
539	1758	1.0
539	1984	1.0
539	327	1.0
539	2280	1.0
539	173	1.0
539	527	1.0
539	340	1.0
540	2061	0.8
540	2449	1.0
540	2573	1.0
540	2133	1.0
541	1611	1.0
541	1805	1.0
541	2439	1.0
541	1833	1.0
541	1217	1.0
542	2337	1.0
542	2370	1.0
542	1576	1.0
542	1827	0.6
542	928	1.0
542	2320	1.0
542	869	1.0
542	989	1.0
542	778	1.0
542	1138	1.0
543	1750	1.0
543	3149	1.0
543	1994	1.0
543	2029	1.0
543	1738	1.0
543	1666	1.0
543	1724	1.0
543	1917	1.0
543	1497	0.8
544	1913	0.6
544	2143	0.6
544	2055	1.0
544	1174	1.0
544	402	0.8
544	2358	0.8
544	2219	0.6
544	2069	0.6
544	2502	1.0
544	2293	1.0
544	964	1.0
544	2146	0.8
544	359	1.0
544	3132	1.0
544	1758	0.6
544	2110	0.6
545	170	1.0
545	262	1.0
545	2710	1.0
545	612	1.0
545	948	1.0
545	2924	1.0
545	3251	1.0
545	742	1.0
545	284	1.0
545	408	1.0
545	2916	1.0
545	1620	1.0
545	915	1.0
545	422	1.0
545	1136	1.0
545	1117	1.0
545	1264	1.0
545	1109	1.0
545	84	1.0
545	15	1.0
545	2828	1.0
545	3223	0.8
545	1970	1.0
545	2418	1.0
545	801	1.0
545	3017	1.0
545	2885	1.0
545	1969	1.0
545	2400	1.0
545	2542	1.0
545	903	1.0
545	2113	1.0
545	2109	1.0
545	707	1.0
545	2249	1.0
545	1687	1.0
545	163	1.0
545	118	1.0
546	991	1.0
546	2025	1.0
546	2404	0.8
546	2472	1.0
547	3125	1.0
547	2933	1.0
547	2193	1.0
547	3123	1.0
547	826	1.0
547	86	1.0
547	825	1.0
547	2135	1.0
547	1158	1.0
547	958	1.0
548	1098	1.0
548	186	1.0
548	1274	1.0
548	807	1.0
548	452	1.0
548	224	1.0
549	1117	1.0
549	2438	1.0
549	3288	1.0
549	2409	1.0
549	1704	1.0
549	2986	1.0
549	2380	1.0
549	1240	1.0
549	3135	1.0
549	1112	1.0
549	2295	1.0
549	2330	1.0
549	2553	1.0
549	677	1.0
549	2482	1.0
550	2301	0.8
550	2561	0.8
550	2642	0.8
550	2011	0.8
551	877	0.8
551	701	0.6
551	1323	0.8
551	2081	0.8
552	1435	1.0
552	1148	1.0
552	57	1.0
552	58	1.0
552	1100	1.0
552	1434	1.0
553	2305	1.0
553	2694	1.0
553	1823	1.0
553	2358	0.8
553	1905	1.0
553	1795	1.0
553	2302	0.8
553	2486	0.8
553	907	1.0
553	473	1.0
553	2330	1.0
554	329	1.0
554	201	1.0
554	2424	0.8
554	1844	1.0
554	530	1.0
554	2236	1.0
554	1137	1.0
554	2237	1.0
555	1631	1.0
555	2295	1.0
555	960	1.0
555	1441	1.0
555	711	1.0
555	1904	1.0
555	1664	1.0
555	2561	1.0
555	2403	1.0
555	199	1.0
555	2608	1.0
555	2732	1.0
555	2011	1.0
555	2158	1.0
555	1869	1.0
555	1738	1.0
555	1772	1.0
555	1895	1.0
555	1648	0.8
555	1621	1.0
555	2301	0.6
555	2399	1.0
555	1815	1.0
555	1665	1.0
556	1530	1.0
556	2111	1.0
556	1823	0.8
556	3169	1.0
556	310	1.0
556	606	1.0
556	305	1.0
556	742	1.0
556	1497	1.0
556	269	1.0
556	2143	1.0
556	747	1.0
556	428	1.0
556	389	1.0
556	415	1.0
556	301	1.0
556	287	1.0
556	2278	1.0
556	1043	1.0
556	431	1.0
556	2879	1.0
556	406	1.0
556	336	1.0
557	1736	0.8
557	2407	0.8
557	3305	0.8
557	2508	1.0
557	2396	1.0
557	2344	1.0
558	2645	1.0
558	1780	0.4
558	3225	1.0
558	2648	1.0
559	2610	1.0
559	2278	1.0
559	2631	1.0
559	2302	1.0
559	2329	1.0
559	561	1.0
559	781	1.0
559	1783	1.0
559	2223	1.0
559	3268	1.0
559	978	1.0
559	2208	1.0
559	1319	1.0
560	2431	1.0
560	2457	1.0
560	2167	1.0
560	1868	1.0
561	2093	1.0
561	2332	0.8
561	1411	0.8
561	1355	0.8
561	3098	1.0
562	3284	1.0
562	876	0.6
562	352	0.6
562	718	0.6
562	1073	0.8
562	253	0.6
562	384	0.6
562	1187	0.6
562	2772	0.8
562	247	0.8
562	673	0.8
562	1325	0.8
563	1427	1.0
563	1395	1.0
563	675	1.0
563	624	1.0
564	2975	1.0
564	1785	1.0
564	1750	0.8
564	1299	1.0
564	1260	0.8
564	980	1.0
564	1257	1.0
564	2015	0.6
564	1447	1.0
565	3145	1.0
565	2559	1.0
565	2370	1.0
565	1961	1.0
565	2479	1.0
565	3310	1.0
566	2054	1.0
566	1759	1.0
566	1790	1.0
566	2107	1.0
566	2146	1.0
566	2075	1.0
566	1555	1.0
566	1795	1.0
566	2069	1.0
566	1769	1.0
566	1905	1.0
566	2015	1.0
566	2078	1.0
566	1917	1.0
566	1786	1.0
566	2029	1.0
566	1888	1.0
566	1797	1.0
566	1698	1.0
566	1944	1.0
566	1710	1.0
566	2058	1.0
566	1819	1.0
566	1989	1.0
566	1939	1.0
566	2055	1.0
567	2251	1.0
567	2146	1.0
567	2159	1.0
567	2089	1.0
567	2118	1.0
567	2018	1.0
567	3296	1.0
567	2142	1.0
567	2339	1.0
567	2197	1.0
567	2180	1.0
567	2143	1.0
567	2421	1.0
567	3249	1.0
567	2200	1.0
567	2221	1.0
567	2150	1.0
567	1728	1.0
567	1961	1.0
567	2215	1.0
567	2075	1.0
567	1904	1.0
567	2225	1.0
568	2159	1.0
568	2219	1.0
568	1559	1.0
568	2409	1.0
568	2117	1.0
568	2120	1.0
568	2122	1.0
568	2233	1.0
569	389	1.0
569	1644	0.8
569	2662	1.0
569	2455	1.0
569	2573	0.8
570	236	1.0
570	2418	1.0
570	2460	0.8
570	2017	0.8
570	1474	1.0
570	1770	1.0
570	2025	1.0
570	2058	1.0
570	1961	1.0
570	1396	1.0
570	692	1.0
570	2069	1.0
571	2742	1.0
571	2554	1.0
571	2677	1.0
571	2431	0.8
571	328	1.0
571	2693	1.0
571	2543	1.0
571	428	1.0
571	2626	1.0
571	1015	1.0
571	2722	1.0
571	2489	1.0
572	1909	1.0
572	2191	1.0
572	2204	1.0
572	2634	1.0
572	2303	1.0
572	2196	1.0
572	2324	1.0
572	721	1.0
572	3304	1.0
572	1778	1.0
573	919	0.8
573	1785	0.8
573	1495	1.0
573	1356	0.8
573	2580	1.0
573	607	0.8
573	768	0.6
573	190	0.8
573	2583	1.0
573	1494	1.0
573	2581	1.0
573	774	0.6
573	2053	1.0
573	1552	0.8
573	953	0.6
573	1033	0.8
573	3210	0.8
573	1340	0.8
574	1923	0.8
574	1978	0.8
574	1757	1.0
574	1695	1.0
575	2662	1.0
575	1065	1.0
575	885	0.8
575	1141	1.0
575	2841	1.0
575	2363	1.0
575	2058	1.0
576	2229	1.0
576	2497	1.0
576	2736	1.0
576	2680	1.0
576	2565	0.8
576	2604	1.0
577	3199	1.0
577	2524	1.0
577	2589	1.0
577	2765	1.0
577	501	1.0
577	2916	1.0
577	3285	1.0
577	2493	1.0
577	2803	1.0
577	351	1.0
577	420	1.0
577	2324	1.0
577	2243	1.0
577	2195	1.0
577	2611	1.0
577	2239	1.0
577	432	1.0
577	2171	1.0
577	92	1.0
578	2598	0.8
578	2626	1.0
578	1889	1.0
578	1865	1.0
579	2643	1.0
579	2134	1.0
579	2757	1.0
579	2206	1.0
579	2038	1.0
579	2017	1.0
579	1667	1.0
579	2758	1.0
579	2027	1.0
579	2740	1.0
579	2484	1.0
579	3291	1.0
579	2063	1.0
579	2213	1.0
579	2739	1.0
579	2307	1.0
579	2172	1.0
579	2611	1.0
579	2550	1.0
579	2751	1.0
579	2517	1.0
579	2221	1.0
579	2726	1.0
579	1341	1.0
579	2737	1.0
579	2037	1.0
579	2204	1.0
579	2473	1.0
579	2438	1.0
579	2689	1.0
579	2046	1.0
579	83	1.0
579	1847	1.0
579	2156	1.0
579	2623	1.0
579	2223	1.0
579	1035	1.0
579	3329	1.0
579	2415	1.0
579	2690	1.0
580	360	1.0
580	2648	1.0
580	2222	1.0
580	2621	1.0
580	2550	1.0
580	3260	1.0
580	1540	1.0
580	1661	1.0
580	2223	1.0
580	1314	1.0
580	3166	1.0
580	2473	1.0
580	2607	1.0
580	1120	1.0
580	2393	1.0
580	3274	1.0
580	2329	1.0
580	2253	1.0
580	2357	1.0
580	1541	1.0
580	2300	1.0
580	2615	1.0
580	2867	1.0
580	2376	1.0
580	2038	1.0
580	2863	1.0
580	2208	1.0
580	1071	1.0
580	1341	1.0
580	2390	1.0
581	88	0.8
581	2009	1.0
581	1009	1.0
581	1001	0.8
581	623	0.8
581	1043	0.8
581	2827	1.0
581	32	0.8
581	744	1.0
581	2895	1.0
581	1998	0.8
581	1750	1.0
581	3078	0.8
581	2005	1.0
582	3045	1.0
582	2967	1.0
582	955	1.0
582	3147	1.0
582	506	1.0
582	161	1.0
582	3119	1.0
582	2944	1.0
582	434	1.0
582	3065	1.0
582	127	1.0
582	247	1.0
582	2909	1.0
582	2791	1.0
582	253	1.0
582	2350	1.0
583	2336	1.0
583	2509	1.0
583	2419	0.4
583	2698	1.0
583	2261	1.0
583	2730	1.0
583	2535	1.0
583	1761	1.0
583	2188	1.0
584	1155	0.2
584	3088	1.0
584	16	0.6
584	582	1.0
584	3029	0.8
584	680	0.6
585	1885	1.0
585	1787	1.0
585	2600	1.0
585	1738	1.0
585	1736	1.0
585	2571	1.0
585	206	1.0
585	1847	1.0
585	2396	0.8
586	490	1.0
586	107	0.8
586	8	0.8
586	958	1.0
586	1295	1.0
586	1067	1.0
586	1118	0.8
586	1296	1.0
587	1944	1.0
587	1698	1.0
587	1817	1.0
587	3006	1.0
588	501	1.0
588	1726	1.0
588	2473	1.0
588	1309	1.0
589	2403	0.8
589	2219	0.8
589	2118	0.8
589	2305	0.6
589	2075	0.8
589	2055	0.8
590	1145	1.0
590	982	1.0
590	983	0.8
590	3048	1.0
590	451	1.0
591	2074	1.0
591	1905	1.0
591	1773	1.0
591	1776	1.0
592	1813	1.0
592	1859	1.0
592	1874	1.0
592	1720	1.0
593	2430	1.0
593	2069	1.0
593	2472	1.0
593	2214	1.0
593	869	1.0
593	1961	1.0
594	2751	0.8
594	2690	1.0
594	2340	0.8
594	2758	1.0
594	2226	0.8
594	2716	0.8
594	2581	1.0
594	2649	0.8
595	1515	1.0
595	1817	1.0
595	1901	1.0
595	1161	1.0
596	1772	0.8
596	2391	1.0
596	1767	0.6
596	1819	0.4
596	237	1.0
596	2197	0.4
596	2223	0.4
596	1917	0.8
596	1631	0.6
596	1776	1.0
596	1706	1.0
596	1186	1.0
596	2279	0.4
596	2217	0.8
596	426	1.0
596	1831	0.4
596	1728	0.4
596	2029	0.4
596	2107	0.6
596	1911	0.6
596	1612	0.6
596	1698	0.6
596	497	0.2
596	1890	0.8
596	1821	0.6
596	1708	0.8
596	1912	0.8
596	1724	0.4
596	2454	0.4
596	1340	1.0
596	1526	0.2
596	676	1.0
596	2647	0.2
596	2200	0.2
596	1830	0.4
596	959	0.4
596	2015	0.6
596	1770	0.8
596	2046	0.8
596	3184	0.8
596	2744	0.4
597	2955	0.8
597	2910	0.8
597	754	0.8
597	2010	0.8
597	548	0.8
597	946	0.8
597	1286	0.6
597	492	0.8
597	2920	1.0
597	2911	0.8
597	444	1.0
597	2962	0.8
597	942	0.8
597	117	0.4
597	992	0.4
597	2140	0.8
597	835	0.8
598	2710	0.8
598	2672	0.8
598	2033	0.6
598	2474	0.8
599	1302	1.0
599	1351	1.0
599	1471	1.0
599	2086	1.0
599	1842	1.0
599	1301	1.0
599	1506	0.8
599	1528	1.0
599	1856	1.0
599	1298	0.8
599	1472	0.8
599	1088	1.0
599	2087	1.0
599	1663	1.0
600	1817	1.0
600	2067	1.0
600	2118	1.0
600	1670	1.0
600	2029	1.0
600	1669	1.0
600	2046	1.0
600	2075	1.0
600	2321	1.0
600	2220	1.0
600	2289	1.0
600	2197	1.0
600	2182	1.0
600	1781	1.0
600	1961	1.0
600	2107	1.0
600	1229	1.0
600	1779	1.0
600	1854	1.0
600	2183	1.0
600	2069	1.0
600	2278	1.0
600	2221	1.0
600	1811	1.0
600	1828	1.0
600	2374	1.0
600	1757	1.0
600	1391	1.0
601	346	1.0
601	1888	1.0
601	860	1.0
601	1115	1.0
601	1954	1.0
601	1950	1.0
601	1877	1.0
601	1505	1.0
601	2047	1.0
601	2018	1.0
602	2056	1.0
602	1055	1.0
602	3059	1.0
602	910	1.0
602	2583	0.8
603	2813	1.0
603	412	1.0
603	2238	1.0
603	1171	1.0
603	2464	1.0
603	2835	1.0
603	778	1.0
604	917	1.0
604	2368	1.0
604	1771	1.0
604	690	1.0
604	531	1.0
604	951	1.0
604	652	1.0
604	1389	1.0
604	1044	1.0
604	0	1.0
604	3089	1.0
604	1248	1.0
604	1	1.0
605	1617	1.0
605	1630	1.0
605	1100	1.0
605	1938	1.0
605	1952	1.0
606	2373	1.0
606	1340	1.0
606	2040	1.0
606	2741	1.0
606	2685	1.0
606	937	1.0
606	1524	1.0
606	938	1.0
606	1525	1.0
606	2664	1.0
606	1782	1.0
606	2271	1.0
606	2623	1.0
606	2199	1.0
606	1817	1.0
607	703	1.0
607	899	1.0
607	3155	0.8
607	3140	0.8
607	1577	0.8
608	2966	0.8
608	464	0.8
608	3153	1.0
608	1055	1.0
608	2992	0.8
608	292	0.8
608	2348	1.0
608	2866	0.8
608	2946	1.0
608	159	0.8
608	1053	1.0
608	2859	0.8
608	3202	0.8
608	1338	1.0
608	644	1.0
608	235	0.8
608	335	0.8
608	3058	0.8
608	45	0.8
608	62	0.8
608	752	1.0
608	2999	0.8
609	820	1.0
609	1413	1.0
609	1590	1.0
609	144	1.0
610	2161	1.0
610	2431	1.0
610	2587	1.0
610	2648	1.0
610	2602	1.0
610	2674	1.0
610	2437	1.0
611	2327	1.0
611	335	1.0
611	2384	1.0
611	685	1.0
611	2285	1.0
611	2455	1.0
611	2213	1.0
611	1937	1.0
611	2212	1.0
611	2298	1.0
612	2346	1.0
612	2390	1.0
612	2381	1.0
612	2336	1.0
612	2058	1.0
612	1790	1.0
613	2662	1.0
613	2392	1.0
613	3176	1.0
613	1354	1.0
614	880	1.0
614	832	1.0
614	1002	1.0
614	591	1.0
614	222	1.0
614	1998	1.0
614	1466	0.8
614	1215	0.6
614	366	1.0
614	1852	1.0
614	1673	1.0
615	1560	1.0
615	1055	1.0
615	1845	0.2
615	556	0.6
616	2312	1.0
616	1622	1.0
616	2223	1.0
616	1453	1.0
616	1984	1.0
616	2061	1.0
616	46	1.0
616	919	1.0
616	1492	1.0
617	2536	1.0
617	1961	1.0
617	257	1.0
617	1672	1.0
617	2438	1.0
618	1019	1.0
618	2623	1.0
618	2657	1.0
618	1790	1.0
619	376	1.0
619	2363	1.0
619	1413	1.0
619	2381	1.0
619	2339	1.0
619	972	1.0
619	1415	1.0
619	1382	1.0
619	2271	1.0
620	2221	1.0
620	2436	1.0
620	973	1.0
620	2223	1.0
620	2528	1.0
620	1396	1.0
620	2457	1.0
620	2143	1.0
621	1127	1.0
621	3114	1.0
621	544	1.0
621	1169	1.0
621	87	1.0
622	2125	1.0
622	2143	1.0
622	2234	1.0
622	3239	1.0
622	761	1.0
622	1258	1.0
622	1215	1.0
623	249	1.0
623	2887	1.0
623	2988	1.0
623	769	1.0
623	742	1.0
623	1286	1.0
623	580	1.0
623	492	1.0
623	2897	1.0
624	841	0.8
624	2646	1.0
624	2617	0.4
624	294	1.0
624	2610	0.8
624	3068	1.0
624	2950	0.8
624	3087	0.8
624	2826	1.0
624	684	1.0
625	1669	1.0
625	1998	1.0
625	70	1.0
625	1278	1.0
625	2518	1.0
625	769	1.0
625	1382	1.0
625	2246	1.0
625	1215	1.0
625	1016	1.0
625	2460	1.0
625	138	1.0
625	2768	1.0
625	2169	1.0
625	1907	1.0
625	155	1.0
625	3227	1.0
625	130	1.0
625	1396	1.0
625	3156	1.0
625	1479	1.0
625	134	1.0
625	2966	1.0
626	2604	1.0
626	2573	1.0
626	2304	1.0
626	2599	1.0
626	2513	0.8
626	2633	1.0
626	2605	1.0
627	2652	0.6
627	1641	0.8
627	201	0.8
627	2616	0.8
627	3049	0.6
627	705	1.0
627	2662	0.8
627	2069	0.8
627	2922	1.0
628	2649	0.8
628	1602	1.0
628	2743	1.0
628	2434	1.0
629	1356	1.0
629	434	1.0
629	1344	1.0
629	794	1.0
630	1091	1.0
630	2964	1.0
630	1434	1.0
630	3004	1.0
630	2942	1.0
631	3194	1.0
631	2108	0.2
631	1531	1.0
631	1640	1.0
631	845	1.0
632	2562	1.0
632	2174	1.0
632	1972	1.0
632	2266	1.0
633	1555	1.0
633	1485	0.6
633	2567	1.0
633	2664	1.0
633	2744	0.6
633	430	1.0
633	377	1.0
634	2615	1.0
634	380	1.0
634	3103	0.6
634	1104	1.0
634	1538	1.0
635	164	1.0
635	727	1.0
635	142	0.8
635	755	1.0
635	157	1.0
635	462	1.0
635	831	1.0
635	406	1.0
635	162	1.0
635	319	1.0
635	235	1.0
635	756	1.0
635	958	1.0
635	146	1.0
636	1940	1.0
636	1423	1.0
636	1971	1.0
636	652	1.0
637	2381	1.0
637	2391	1.0
637	1707	1.0
637	2473	1.0
638	1527	1.0
638	2039	1.0
638	2208	0.8
638	2157	1.0
638	3311	1.0
638	2053	1.0
638	2706	1.0
639	1274	1.0
639	3002	1.0
639	2208	1.0
639	1643	1.0
639	1901	1.0
639	2106	1.0
640	978	0.8
640	3003	1.0
640	1179	0.8
640	2606	0.8
640	741	0.8
640	2488	0.8
640	1254	0.6
640	2187	0.8
640	2088	0.6
640	651	1.0
640	3307	0.8
640	3189	1.0
640	2518	0.8
640	764	1.0
640	1777	0.8
641	2221	1.0
641	1728	1.0
641	2223	1.0
641	156	1.0
642	2527	1.0
642	2181	1.0
642	2158	1.0
642	1577	1.0
642	3243	1.0
642	2455	1.0
642	2041	1.0
642	2054	1.0
643	1638	1.0
643	2516	1.0
643	2949	1.0
643	840	1.0
643	1645	1.0
643	2912	1.0
643	1946	1.0
643	362	1.0
643	3245	1.0
643	3255	1.0
643	1536	1.0
643	1258	1.0
644	1438	1.0
644	2913	1.0
644	136	1.0
644	489	1.0
644	1851	1.0
644	797	1.0
644	2948	1.0
645	1102	1.0
645	2216	1.0
645	2118	1.0
645	2705	1.0
645	3327	1.0
645	1750	1.0
645	2661	1.0
645	2121	1.0
645	2616	1.0
645	1748	1.0
645	2688	1.0
645	2744	1.0
645	2068	1.0
645	2700	1.0
645	2219	1.0
645	1321	1.0
645	1808	1.0
645	1323	1.0
645	3222	1.0
645	2502	1.0
645	2741	1.0
645	2648	1.0
645	1617	1.0
646	984	1.0
646	2438	1.0
646	2469	1.0
646	2682	1.0
646	1134	1.0
646	2559	1.0
646	2482	1.0
646	2289	0.8
646	3215	1.0
646	2896	1.0
646	1961	1.0
646	2170	1.0
646	3252	1.0
647	2302	1.0
647	2084	1.0
647	2185	1.0
647	2301	1.0
648	347	1.0
648	1340	1.0
648	2467	1.0
648	168	1.0
648	301	1.0
648	74	1.0
648	1107	0.8
648	305	1.0
649	1453	1.0
649	2763	1.0
649	3060	1.0
649	537	1.0
649	3137	1.0
649	1235	1.0
649	2843	1.0
650	2650	1.0
650	2266	1.0
650	1529	1.0
650	2097	1.0
650	2066	1.0
650	2162	1.0
651	1465	1.0
651	496	1.0
651	1961	1.0
651	1952	1.0
651	1911	1.0
651	732	1.0
651	1553	1.0
651	2146	1.0
651	2111	1.0
651	77	1.0
651	1728	1.0
652	2712	1.0
652	2751	0.6
652	2500	1.0
652	2744	0.6
652	2612	1.0
653	2364	1.0
653	2463	1.0
653	2219	1.0
653	2391	1.0
653	2362	1.0
653	1911	1.0
653	2424	1.0
653	2367	1.0
653	2357	1.0
653	147	1.0
653	2363	1.0
653	2575	1.0
653	2550	1.0
653	2373	1.0
653	198	1.0
653	2365	1.0
653	2473	1.0
653	3264	1.0
653	2223	1.0
653	2359	1.0
653	2390	1.0
653	2527	1.0
653	2366	1.0
653	2361	1.0
654	2455	1.0
654	2503	1.0
654	2160	1.0
654	2585	1.0
654	1702	1.0
655	2051	1.0
655	250	1.0
655	604	1.0
655	1326	1.0
655	2974	1.0
655	587	1.0
655	994	1.0
655	1356	1.0
655	964	1.0
655	662	1.0
655	228	1.0
655	829	1.0
655	703	1.0
656	32	1.0
656	2380	1.0
656	1384	1.0
656	2338	1.0
656	2547	1.0
656	2077	1.0
656	1323	1.0
656	2075	1.0
657	2526	1.0
657	2731	1.0
657	3230	1.0
657	2616	1.0
657	2424	1.0
657	2716	1.0
658	428	1.0
658	1153	1.0
658	2734	1.0
658	2552	1.0
658	438	1.0
658	2759	1.0
659	83	1.0
659	1899	1.0
659	2397	1.0
659	854	1.0
659	1484	1.0
659	3237	1.0
659	2156	1.0
659	1898	1.0
660	475	1.0
660	2364	1.0
660	3261	1.0
660	1544	1.0
661	2390	1.0
661	2403	1.0
661	3201	1.0
661	2305	1.0
661	1257	1.0
661	2233	1.0
661	2221	1.0
661	1368	1.0
662	2640	1.0
662	1555	1.0
662	2641	1.0
662	2981	1.0
662	2523	1.0
662	3318	0.8
663	2266	0.8
663	2650	0.8
663	2715	0.8
663	2719	0.8
663	3295	0.8
664	1123	1.0
664	917	1.0
664	1544	0.8
664	1063	1.0
664	83	1.0
664	2564	1.0
664	338	1.0
664	621	0.8
664	496	1.0
664	461	1.0
664	1284	1.0
664	652	1.0
664	2083	1.0
664	696	1.0
664	944	1.0
664	247	1.0
664	1944	1.0
664	798	0.6
664	1113	1.0
665	2551	1.0
665	1856	1.0
665	1380	1.0
665	2515	1.0
665	2560	1.0
665	1625	1.0
665	2549	0.8
665	553	1.0
665	654	1.0
665	1217	1.0
665	1934	1.0
665	1370	1.0
665	2379	1.0
665	363	1.0
666	3007	1.0
666	460	1.0
666	428	1.0
666	962	1.0
666	472	1.0
666	2988	1.0
666	154	1.0
666	3128	1.0
666	415	1.0
666	504	1.0
666	2921	1.0
666	495	1.0
666	438	1.0
666	431	1.0
666	2794	1.0
666	353	1.0
666	134	1.0
666	670	1.0
666	669	1.0
666	412	1.0
666	3129	1.0
666	1212	1.0
666	1065	1.0
666	2784	1.0
666	471	1.0
666	1093	1.0
666	135	1.0
666	2800	1.0
666	419	1.0
666	406	1.0
666	396	1.0
666	202	1.0
666	3063	1.0
666	2840	1.0
666	657	1.0
666	418	1.0
666	138	1.0
666	2573	1.0
666	130	1.0
666	2929	1.0
666	22	1.0
666	3070	1.0
666	2798	1.0
667	2219	1.0
667	2015	0.8
667	1318	1.0
667	2322	1.0
667	2223	1.0
667	2390	1.0
667	2375	1.0
667	1299	0.8
667	1355	1.0
668	1783	1.0
668	1217	1.0
668	2162	1.0
668	1483	0.6
669	445	1.0
669	2945	1.0
669	973	1.0
669	641	0.8
669	851	1.0
669	493	1.0
670	316	1.0
670	3167	1.0
670	896	1.0
670	362	1.0
670	17	1.0
670	823	1.0
670	858	1.0
670	3102	1.0
671	2390	1.0
671	214	1.0
671	2287	1.0
671	2143	1.0
671	2357	1.0
671	2038	1.0
671	2146	1.0
671	2170	1.0
671	2069	1.0
671	3297	1.0
671	2374	1.0
671	2089	1.0
671	2145	1.0
671	49	1.0
671	2403	1.0
671	2054	1.0
671	2118	1.0
671	2172	1.0
671	2061	1.0
671	1728	1.0
671	2121	1.0
671	2041	1.0
671	2075	1.0
671	2313	1.0
671	438	1.0
671	2107	1.0
671	1916	1.0
671	1046	1.0
671	2117	1.0
671	1808	1.0
671	2119	1.0
671	1283	1.0
671	3231	1.0
671	2122	1.0
671	3165	1.0
671	2198	1.0
671	2431	1.0
671	2233	1.0
671	1961	1.0
671	2183	1.0
671	2263	1.0
672	2670	1.0
672	917	1.0
672	2257	1.0
672	2501	1.0
673	2517	1.0
673	1449	1.0
673	881	1.0
673	2573	1.0
674	887	0.4
674	773	1.0
674	2473	1.0
674	2244	1.0
675	2423	1.0
675	927	1.0
675	2202	1.0
675	631	1.0
675	2470	1.0
675	1435	1.0
675	1516	1.0
675	2469	1.0
675	1959	1.0
675	2511	1.0
675	2107	1.0
675	1671	1.0
675	2017	1.0
675	1910	1.0
675	2250	1.0
675	2492	1.0
676	903	0.2
676	767	0.2
676	115	1.0
676	1213	1.0
676	468	1.0
677	2406	1.0
677	3323	1.0
677	1060	1.0
677	2690	1.0
678	2959	1.0
678	2796	1.0
678	1838	1.0
678	2211	1.0
678	1440	1.0
678	569	1.0
678	882	1.0
678	1084	1.0
678	851	1.0
678	1831	1.0
678	309	1.0
678	551	1.0
678	1101	1.0
678	1003	1.0
678	2902	1.0
678	141	1.0
678	788	1.0
678	1138	1.0
678	868	1.0
678	1095	1.0
678	916	1.0
678	321	1.0
678	298	1.0
678	737	1.0
678	1146	1.0
678	852	1.0
678	479	1.0
678	205	1.0
678	1839	1.0
678	3282	1.0
678	3263	1.0
678	959	1.0
678	128	1.0
678	132	1.0
678	1829	1.0
678	3130	1.0
678	274	1.0
678	1434	1.0
679	2366	1.0
679	1764	1.0
679	2259	0.8
679	2055	1.0
679	2391	1.0
679	811	1.0
679	1085	1.0
679	1775	1.0
679	72	1.0
679	1456	1.0
679	71	1.0
679	1762	1.0
679	1670	1.0
679	693	1.0
679	1617	1.0
679	201	1.0
679	1593	1.0
679	2363	1.0
679	2359	1.0
679	1635	1.0
679	229	1.0
679	534	1.0
679	1191	1.0
679	1172	0.8
679	27	1.0
679	717	1.0
679	2362	1.0
679	1317	1.0
680	510	1.0
680	1135	1.0
680	1582	1.0
680	251	1.0
680	1084	1.0
680	1172	1.0
680	1155	1.0
681	945	1.0
681	253	1.0
681	2610	1.0
681	2554	1.0
681	2661	1.0
681	376	1.0
681	1420	1.0
681	770	1.0
681	2662	1.0
681	3198	1.0
681	3075	1.0
681	2628	1.0
681	1538	1.0
681	247	1.0
681	3085	1.0
681	801	1.0
682	2802	1.0
682	2986	1.0
682	2376	1.0
682	3020	1.0
682	2883	1.0
683	2246	1.0
683	2197	1.0
683	2391	1.0
683	162	1.0
684	2649	0.8
684	1817	1.0
684	1250	1.0
684	182	1.0
684	1320	1.0
684	1630	1.0
684	1256	1.0
684	1738	1.0
684	2375	1.0
684	3057	1.0
684	2666	1.0
684	1026	1.0
684	763	1.0
684	2226	1.0
684	2080	1.0
684	3300	1.0
685	340	1.0
685	756	1.0
685	831	1.0
685	587	1.0
685	3000	0.8
686	1469	1.0
686	1187	1.0
686	703	1.0
686	1063	1.0
686	200	1.0
686	876	1.0
686	1643	1.0
686	1250	1.0
687	305	1.0
687	2571	1.0
687	2678	1.0
687	2753	1.0
688	694	1.0
688	857	0.8
688	2143	1.0
688	1559	1.0
688	1176	1.0
688	747	0.8
688	957	0.8
688	1410	1.0
688	304	1.0
688	633	1.0
688	484	1.0
688	197	1.0
688	1191	0.8
688	1608	0.8
688	1905	1.0
688	1283	1.0
688	185	0.8
688	597	1.0
688	1699	0.8
688	100	0.8
688	1566	1.0
688	599	1.0
688	2302	1.0
688	1857	1.0
688	25	1.0
688	1727	0.8
688	334	1.0
688	24	0.8
688	298	1.0
688	55	1.0
688	464	1.0
688	838	1.0
688	1806	0.8
688	2545	1.0
688	1669	1.0
688	47	1.0
688	2477	0.8
688	1754	1.0
688	426	1.0
688	778	1.0
688	967	1.0
688	2410	1.0
688	1916	1.0
689	570	1.0
689	1385	1.0
689	1152	1.0
689	537	1.0
689	884	1.0
689	251	1.0
689	2015	1.0
689	1076	1.0
689	1114	1.0
689	758	1.0
689	1074	1.0
689	703	1.0
689	1863	1.0
689	1081	1.0
689	1864	1.0
689	44	1.0
689	1264	1.0
690	2539	0.8
690	2634	1.0
690	2006	1.0
690	977	0.8
690	2343	1.0
691	2643	1.0
691	2078	1.0
691	2279	1.0
691	1622	1.0
691	1071	1.0
691	1535	1.0
692	2183	0.8
692	957	1.0
692	1530	1.0
692	1772	0.8
692	1479	0.8
692	960	1.0
692	2143	1.0
693	2774	1.0
693	1227	1.0
693	2359	1.0
693	908	1.0
693	540	1.0
693	165	1.0
693	1108	1.0
693	664	1.0
693	3117	1.0
693	2893	1.0
693	3104	1.0
693	177	1.0
694	2505	0.8
694	1426	1.0
694	1627	1.0
694	2514	0.6
694	1805	1.0
695	2473	1.0
695	909	1.0
695	907	1.0
695	1121	1.0
696	2317	1.0
696	3301	1.0
696	2169	1.0
696	2329	1.0
696	2029	0.8
696	2313	1.0
696	2270	1.0
696	1742	1.0
696	2449	1.0
696	2012	1.0
696	286	1.0
696	2294	1.0
697	2442	1.0
697	226	0.8
697	3052	1.0
697	283	0.8
697	2712	0.8
697	2363	0.8
697	585	1.0
697	422	0.8
697	2847	1.0
697	1190	0.8
697	339	0.8
697	2401	0.8
697	3261	1.0
697	2849	0.8
697	397	0.8
697	2026	1.0
697	1602	1.0
697	2877	1.0
697	347	0.8
697	3036	0.8
697	3223	0.8
697	3317	1.0
697	161	0.8
697	2840	0.8
697	1325	0.8
697	2972	1.0
697	2888	0.8
697	407	1.0
697	248	0.8
697	3293	0.8
697	3157	1.0
697	2870	1.0
697	2772	1.0
697	2259	0.8
697	3019	0.8
697	227	0.8
697	2505	1.0
697	377	0.8
697	3032	0.8
697	460	0.8
697	3319	0.8
697	607	0.8
697	1963	1.0
697	945	0.8
697	3066	1.0
697	1370	1.0
697	494	0.8
697	3312	0.8
697	2573	1.0
697	3065	1.0
697	1528	0.8
697	767	0.8
697	2080	0.8
697	2425	0.8
697	1357	0.8
697	693	1.0
697	935	0.8
697	449	1.0
697	3277	1.0
697	3292	1.0
697	3262	0.8
697	467	0.8
697	2821	1.0
697	430	0.8
697	1386	0.8
698	1921	0.8
698	2070	0.8
698	2067	0.8
698	3143	0.6
698	2115	1.0
698	1779	0.8
698	2050	1.0
698	1017	1.0
699	495	1.0
699	1093	1.0
699	2951	1.0
699	578	1.0
699	2329	1.0
699	3013	1.0
699	2466	1.0
699	401	1.0
699	518	1.0
699	806	1.0
699	2996	1.0
700	1151	1.0
700	162	1.0
700	490	1.0
700	2722	1.0
700	2864	1.0
700	2543	1.0
701	1736	0.8
701	1867	0.8
701	1787	1.0
701	1647	0.6
701	1725	0.8
701	1834	0.6
701	1577	0.8
701	1300	1.0
702	3062	1.0
702	2794	1.0
702	444	1.0
702	1222	0.8
702	986	0.8
702	2962	1.0
702	2938	0.8
702	421	1.0
702	2918	1.0
702	2800	1.0
702	165	1.0
702	2988	1.0
702	3031	1.0
702	2265	1.0
702	1118	1.0
702	3144	1.0
702	625	1.0
702	3007	1.0
702	284	1.0
702	3100	1.0
702	2848	0.8
702	958	1.0
702	2783	1.0
702	180	1.0
702	155	1.0
702	2949	1.0
702	3093	1.0
702	1073	1.0
702	2798	1.0
702	17	1.0
702	2792	1.0
702	297	1.0
702	1157	1.0
702	13	1.0
702	3199	1.0
702	3111	1.0
702	2869	1.0
703	482	1.0
703	426	1.0
703	918	1.0
703	1434	1.0
704	1424	0.2
704	1963	1.0
704	1550	0.2
704	1607	1.0
704	314	1.0
704	2942	1.0
704	245	1.0
704	881	1.0
705	2931	1.0
705	3172	1.0
705	1010	0.6
705	2477	1.0
705	1141	1.0
705	1193	1.0
706	232	1.0
706	3150	1.0
706	2907	1.0
706	605	1.0
706	806	1.0
707	1135	1.0
707	833	1.0
707	2694	1.0
707	2636	1.0
708	632	1.0
708	852	1.0
708	2223	1.0
708	422	1.0
709	1784	1.0
709	1571	1.0
709	1865	1.0
709	1879	1.0
709	1569	1.0
709	1615	1.0
709	1567	1.0
709	1570	1.0
709	1566	1.0
709	1597	1.0
709	108	1.0
709	1650	1.0
709	1518	1.0
709	1564	1.0
709	2165	1.0
709	1568	1.0
709	1962	1.0
709	3238	1.0
709	1633	1.0
709	1573	1.0
709	1565	1.0
709	1599	1.0
709	1946	1.0
709	1557	1.0
709	1291	1.0
709	1502	1.0
709	1488	1.0
709	1810	1.0
709	1832	1.0
709	1521	1.0
709	2085	1.0
709	1529	1.0
709	1572	1.0
709	1528	1.0
709	2131	1.0
709	1878	1.0
709	1727	1.0
709	1835	1.0
709	1536	1.0
710	512	1.0
710	63	1.0
710	3018	1.0
710	2695	1.0
710	1220	1.0
710	33	1.0
711	304	1.0
711	2466	1.0
711	2625	1.0
711	397	1.0
711	1169	0.6
711	1249	1.0
711	2650	1.0
711	747	0.8
711	611	1.0
711	2390	1.0
711	2637	1.0
711	1340	1.0
712	2408	1.0
712	1499	1.0
712	2614	1.0
712	2761	0.8
712	2273	1.0
