0	398	0.4854
0	2363	0.9913
0	1599	0.8062
0	2244	0.9673
0	3656	-0.2263
0	0	0.7722
0	751	0.3522
0	3859	0.9123
0	1729	0.9501
0	1349	0.9646
0	48	0.9867
0	905	0.5367
0	237	0.8876
0	3498	0.9904
1	1	0.2382
1	2232	0.4927
1	1116	0.6249
1	1122	0.7774
2	1593	0.9413
2	902	0.9699
2	1664	0.875
2	433	0.5451
2	2488	0.9153
2	2	-0.7549
2	774	0.7645
2	533	0.8885
3	3874	0.9831
3	2572	0.8839
3	3671	0.9613
3	2873	0.9895
3	3200	0.4491
3	628	0.9622
3	3089	0.9871
3	2018	0.9868
3	1127	0.9636
3	1305	0.8556
3	2184	0.9877
3	829	0.9957
3	1626	0.8777
3	601	0.8998
3	4165	0.9554
3	1963	0.9425
3	863	0.9823
3	4049	0.6992
3	1680	0.9906
3	857	0.2263
3	4622	0.9861
3	1356	0.6862
3	2338	0.8548
3	2153	0.9893
3	2	0.8885
3	698	0.9918
3	1904	0.9584
3	1563	0.9864
3	4146	0.9023
3	2767	0.971
3	2275	0.9964
3	4027	0.802
3	387	0.9763
3	2457	0.978
3	1914	0.9829
3	864	0.9884
3	3171	0.867
3	1917	0.9943
3	920	0.9709
3	2317	0.8962
3	3818	0.9987
3	164	0.9862
3	2782	0.9956
3	3040	0.9707
3	2856	0.8162
3	3993	0.9946
3	1922	0.9979
3	2352	0.9958
3	2748	0.99
3	2972	0.9845
3	1903	0.9919
3	1588	0.9656
3	3412	0.9586
3	1775	0.9875
4	2266	0.887
4	258	0.3291
4	4389	0.5719
4	2770	0.9538
4	3361	0.8934
4	2	-0.8353
4	3165	0.8934
4	756	0.5574
4	29	0.8934
4	3270	0.7845
4	1524	-0.6705
4	1145	0.9383
4	505	0.8017
4	919	0.0
5	2452	0.8176
5	3	0.958
5	4369	0.7684
5	3478	0.5994
5	3397	0.5719
5	2774	0.7579
6	1233	0.5267
6	866	-0.4497
6	2818	-0.2263
6	1966	0.8074
6	1286	0.7964
6	1394	0.8689
6	636	0.754
7	5	-0.8594
7	3958	-0.2732
7	4649	0.3565
7	4176	0.7096
7	2747	0.0516
8	258	-0.3948
8	6	0.7964
8	43	0.7717
8	182	0.9022
8	359	0.93
8	1060	0.5719
8	895	0.93
8	964	0.9313
8	1359	0.5994
8	1923	0.7717
8	3875	0.8402
8	1732	0.9442
8	572	0.7445
8	1713	0.7964
8	972	0.9738
8	2775	0.5719
8	1994	0.5719
9	3574	0.9001
9	3414	0.7841
9	1049	0.9259
9	656	0.8271
9	3408	0.9159
9	3155	0.765
9	3573	0.4767
9	4138	0.7411
9	1488	0.8122
9	3991	0.9429
10	36	0.8766
10	15	0.9959
10	58	0.9476
10	186	0.7824
10	8	0.9746
10	782	-0.7193
10	60	0.5158
10	45	-0.803
10	34	-0.803
10	9	0.9692
10	634	0.9892
10	3868	-0.6486
10	156	0.2862
10	3455	0.7506
10	219	-0.8196
10	780	0.8851
10	13	0.974
10	4204	0.296
10	35	-0.803
10	2697	0.9623
10	104	-0.7791
10	61	-0.072
10	749	0.9231
10	3184	0.3182
10	33	-0.803
10	961	0.438
10	2369	0.3182
10	300	0.3995
10	12	0.9522
11	717	0.9677
11	4212	-0.6117
11	3258	0.8202
11	3909	0.9022
11	618	0.8782
11	2083	0.6124
11	1251	0.9768
11	3264	0.0146
11	4460	0.1793
11	3362	0.9394
11	1191	0.9818
11	1222	0.9634
11	645	0.9492
11	4319	0.9452
11	65	0.9709
11	3296	0.9753
11	4687	0.9598
11	4330	0.846
11	1704	0.8947
11	9	0.8624
11	445	0.9803
11	2849	0.4877
11	2779	0.7906
12	4663	0.3182
12	2425	0.9568
12	2392	0.7964
12	2527	0.9642
12	603	0.8481
12	46	0.1513
12	2249	0.955
12	63	0.9255
12	10	0.87
13	24	0.9921
13	10	0.3377
13	2009	-0.5423
13	17	0.8193
14	10	0.8024
14	636	0.9128
14	1940	0.9646
14	16	0.9154
14	75	0.998
14	837	0.9808
14	11	0.9638
14	1836	0.9272
14	3252	0.9587
14	4142	0.9455
14	1866	0.9653
14	406	0.9979
14	4402	0.6582
14	410	0.9887
14	3264	-0.8201
15	738	0.3999
15	913	0.7888
15	575	0.5712
15	2498	0.8555
15	967	0.3051
15	2264	0.944
15	2629	0.9594
15	4739	0.9366
15	1016	0.9514
15	1939	0.9283
15	132	0.8225
15	3255	0.5844
15	191	0.8026
15	2018	0.9225
15	1356	0.9667
15	727	0.9804
15	2304	0.7602
15	2372	0.8481
15	1260	0.3566
15	4142	0.8126
15	4554	0.9143
15	2864	0.8553
15	888	0.9663
15	4124	0.34
15	927	0.7102
15	3135	0.6378
15	212	0.9709
15	1382	0.6249
15	83	0.836
15	1262	0.5817
15	2420	0.296
15	730	0.9874
15	1509	0.8658
15	1781	0.9705
15	3090	0.9647
15	1942	0.9618
15	3329	-0.7717
15	263	0.763
15	49	-0.5439
15	606	0.9087
15	1883	0.9949
15	2573	0.7096
15	257	0.9946
15	2708	0.743
15	2155	0.8555
15	2563	0.8625
15	2076	0.7373
15	1195	0.3818
15	1566	0.9743
15	13	0.9914
15	2981	-0.2944
15	1044	0.9842
15	1870	0.9975
15	4417	0.8176
16	315	-0.354
16	65	0.5719
16	218	0.4404
16	333	0.4804
16	66	0.2732
16	13	-0.3393
16	2584	0.1901
16	41	-0.4939
17	2837	0.7096
17	615	0.1779
17	2569	0.6249
17	1396	0.3384
17	3197	0.7717
17	2908	-0.3105
17	13	0.4939
17	936	0.0572
18	14	0.0877
18	17	0.8325
18	69	0.9891
18	42	0.8687
18	2961	0.9164
18	905	0.6997
18	128	0.9294
18	4032	0.8779
18	13	0.7964
18	45	0.9959
18	22	0.8728
18	2685	0.5719
18	1723	0.958
19	1564	0.7906
19	4195	0.3612
19	14	0.8834
19	1728	-0.022
19	1630	0.743
19	486	-0.6486
20	1758	0.6801
20	4471	0.8219
20	4318	0.8173
20	4454	0.7264
21	3161	0.9725
21	75	0.9861
21	801	0.9769
21	175	0.7096
21	3366	0.6354
21	72	0.8621
21	1179	-0.0742
21	1132	0.2023
21	1020	0.7574
21	3868	0.6249
22	205	-0.8932
22	1453	-0.296
22	2541	0.888
22	1177	0.1779
22	1464	-0.5219
22	18	-0.8172
22	1465	-0.6597
22	391	-0.3616
23	3691	0.4019
23	852	-0.0516
23	1880	0.875
23	3852	0.2483
23	269	-0.9837
23	3640	0.3406
23	3074	0.7367
23	544	0.1999
23	1436	0.2952
23	543	0.4588
23	3158	0.875
23	2795	-0.908
23	19	0.1496
23	283	0.7783
23	2259	0.6148
23	1996	0.8971
23	80	-0.6486
23	1573	-0.9171
23	4089	-0.6757
24	1056	0.8775
24	2888	0.1901
24	171	0.4404
24	272	0.908
24	4480	0.8834
24	1160	0.1857
24	1375	0.9895
25	3489	0.7391
25	21	-0.9293
25	2134	0.9531
25	4466	0.9372
25	2078	0.9321
25	2115	0.9562
25	2248	0.9042
25	4470	0.4215
25	3290	0.7994
26	1518	0.9423
26	23	0.7964
26	337	0.9423
26	1228	0.3612
27	25	0.8885
27	307	0.7579
27	1781	0.8748
27	1070	0.5187
27	1752	0.959
27	2892	0.8519
27	1032	0.8442
27	44	0.875
28	26	0.4404
28	167	0.4404
28	2803	0.4404
28	1047	0.4927
28	378	0.4404
28	2362	0.4404
29	3255	0.8787
29	1780	0.9796
29	1109	0.4588
29	1869	0.9865
29	27	-0.9352
29	4258	-0.5233
29	1421	0.998
29	989	0.9447
29	3128	0.3263
29	3820	0.9246
29	4368	0.6388
29	1870	0.9904
29	1165	0.9668
29	1722	0.8954
30	830	0.9714
30	1151	-0.3182
30	1793	0.802
30	1291	0.968
30	4313	0.9588
30	2887	0.9696
30	3207	-0.2023
30	27	-0.3103
30	899	-0.5588
30	920	0.8908
30	1489	0.3089
30	850	0.9846
31	4349	0.8462
31	118	-0.3089
31	4398	0.0
31	28	0.9398
31	261	0.5095
32	4317	0.8981
32	1973	0.9485
32	2368	0.6249
32	1144	0.8225
32	2033	0.4404
32	2806	0.8748
32	3094	0.962
32	30	0.6486
32	3727	0.9419
32	1982	0.9278
32	2079	0.9144
33	654	0.522
33	31	0.8777
33	424	0.6648
33	2970	0.0
33	2484	0.7506
33	2203	0.296
33	211	0.0827
33	2725	0.4404
33	1289	0.7269
33	452	0.6369
33	1578	0.6369
34	1804	0.8261
34	4642	0.7351
34	103	0.8316
34	1505	0.6249
34	4287	0.6187
34	1086	0.6249
34	2550	0.3169
34	1779	0.6249
34	221	0.9042
34	1585	0.6249
34	666	0.6249
34	32	0.8481
34	43	0.7351
34	2785	0.765
34	1814	0.9359
34	1608	0.9011
34	3256	0.9061
34	3030	0.6249
34	2046	0.7351
35	4171	-0.853
35	462	0.7533
35	1590	0.891
35	1161	0.765
35	581	0.8225
35	1297	0.9201
35	1512	0.7935
35	4174	0.9656
35	1224	0.9774
35	34	0.9524
36	2262	-0.3182
36	1666	0.0
36	3955	0.0
36	3860	-0.12
36	1230	-0.2263
36	4350	0.0
36	4381	0.6249
36	3566	0.0
36	3116	0.8481
36	2801	0.0
36	4265	0.0
36	3938	0.4939
36	3879	0.6249
36	1659	-0.1263
36	619	0.0
36	3370	0.6249
36	37	-0.1263
36	4253	-0.7897
36	1443	0.0
36	1444	0.0
36	2063	0.0
36	1319	0.0
36	3480	0.0
36	2463	-0.154
36	4615	0.0
36	3482	0.4404
37	466	0.8793
37	2901	-0.204
37	37	0.5391
37	663	0.9446
37	3951	0.9794
38	1342	0.9818
38	92	0.8402
38	1325	-0.5081
38	638	0.9972
38	493	0.9924
38	1226	0.8617
39	39	0.8481
39	3662	0.9017
39	1999	0.9859
39	3520	0.9935
40	134	-0.7078
40	4031	0.7096
40	3923	0.9057
40	3399	0.9847
40	1670	0.9539
40	3909	-0.1511
40	3893	0.932
40	39	0.7549
40	2434	0.7693
40	3878	0.9369
40	48	0.9888
40	3809	0.9895
40	223	0.0772
40	4222	0.8263
40	617	0.8829
40	2113	0.9477
40	1169	0.4215
40	4378	0.9972
40	3385	0.7109
40	117	0.968
40	599	0.8994
40	3786	0.9984
40	3915	0.9861
41	948	0.0683
41	2514	0.4758
41	40	0.5423
41	2364	0.8891
41	54	-0.2182
41	93	-0.1531
41	3315	0.0258
41	112	0.8934
41	2261	0.6997
41	2442	0.6319
41	1607	0.802
42	677	0.7684
42	4142	0.9643
42	1155	0.7096
42	47	0.7906
43	1749	0.3612
43	4161	0.4404
43	4684	0.3612
43	50	0.3612
43	3741	0.3612
43	2877	0.3612
43	4459	0.3612
43	3599	0.3612
43	860	0.9313
44	4571	0.4019
44	2101	0.8625
44	4034	-0.383
44	51	0.7328
44	3950	0.5719
44	1141	0.4754
45	549	0.8475
45	2570	0.9513
45	52	0.964
45	1432	0.9982
45	2224	0.9873
45	292	0.8375
45	4262	0.34
45	3991	0.8779
45	293	-0.6694
45	706	0.8615
45	506	0.9955
45	3255	0.9897
45	1683	-0.9519
45	114	0.9292
45	3599	0.9807
45	3372	0.9944
45	1799	0.9896
45	703	0.999
45	289	0.6197
45	1134	-0.7469
45	2035	0.9959
45	4412	0.9578
45	2877	0.0387
45	1208	0.9994
45	3622	0.964
45	4312	0.8401
45	2183	0.9997
45	3154	0.9817
45	4018	-0.4019
45	4161	0.8375
45	2567	0.9438
45	1119	0.5423
45	1686	0.9949
45	824	-0.7873
45	553	0.9848
46	428	0.9841
46	4143	0.9683
46	326	0.9757
46	3375	0.98
46	3357	0.9494
46	3366	0.9854
46	2583	0.9818
46	4277	0.9564
46	4093	0.8967
46	2484	0.9791
46	1100	0.9974
46	3392	0.9942
46	3409	0.711
46	3669	0.9948
46	2611	0.81
46	2245	0.9925
46	1221	0.9759
46	2384	0.9944
46	1497	0.9652
46	4190	0.9946
46	3358	0.9911
46	2857	0.9949
46	3731	0.9279
46	2264	0.81
46	259	0.9856
46	4737	0.9684
46	2595	0.8862
46	714	0.9973
46	3379	-0.8434
46	2076	0.9612
46	3364	0.9793
46	53	0.9929
46	717	0.9679
46	556	0.977
46	1123	0.8641
46	2174	0.974
46	557	0.9654
46	4707	0.9688
46	2727	0.9962
46	3382	0.8268
46	1954	0.9958
46	3831	0.8967
46	4142	0.9745
46	2859	0.9929
46	4417	0.9727
46	872	0.9963
46	3708	0.9801
47	4685	0.9459
47	2794	0.8433
47	2168	0.9933
47	2387	0.9561
47	761	0.987
47	1497	0.8828
47	3497	0.9541
47	3178	0.9495
47	2859	0.995
47	2348	0.9947
47	3253	0.9343
47	651	0.9638
47	4756	0.9623
47	2389	0.1637
47	2370	0.9726
47	53	0.995
47	2245	0.9915
48	4187	-0.6174
48	637	0.8
48	2545	0.9735
48	54	0.8439
48	1751	0.9674
48	4046	0.9545
48	4076	0.9216
48	245	0.5588
48	1749	0.9783
48	1115	0.9819
48	2833	0.9371
48	2189	0.3716
48	3653	0.6956
48	4025	0.9622
48	3868	0.9659
48	1750	0.8563
48	3685	0.6631
48	1929	0.945
48	3170	0.8402
48	1865	0.9481
48	4034	0.9544
48	585	0.9531
49	55	0.9649
49	781	0.9966
49	308	0.474
49	768	0.9908
49	1386	0.9685
49	62	0.817
49	1389	0.9094
50	967	0.5326
50	604	-0.4767
50	1352	0.5267
50	56	0.9117
50	140	0.7579
50	1301	-0.4157
51	480	0.4255
51	57	-0.3711
51	560	0.8925
51	1730	0.894
52	479	-0.0772
52	4050	0.9493
52	127	0.886
52	961	0.7717
52	57	0.6597
53	281	0.8894
53	1349	0.8847
53	59	0.9894
53	3123	0.7956
54	2885	0.0
54	2350	0.6369
54	1722	0.2023
54	931	0.6369
54	1208	0.6369
54	1486	0.6369
54	4524	0.6369
54	1892	0.6369
54	539	0.6369
54	2291	0.6369
54	1516	0.4754
54	2355	0.6369
54	1084	0.6369
54	206	0.6369
54	92	0.6369
54	1410	0.6369
54	2125	0.4754
54	915	0.6369
54	1759	0.7184
55	153	0.4215
55	4488	0.4215
55	192	0.4215
55	1313	0.4215
55	1661	0.4215
55	67	0.4215
55	241	0.4215
55	137	0.4215
55	1814	0.4215
55	1218	0.4215
55	389	0.4215
55	3608	0.7774
55	115	0.0
55	260	0.4215
55	187	0.4215
55	2534	0.4215
55	1805	0.4215
55	4487	0.4215
56	121	0.7264
56	809	0.7506
56	247	0.872
56	1746	0.6697
56	77	-0.0544
56	3085	0.9371
56	68	0.5057
56	1637	0.875
56	1977	0.2732
56	4433	0.3089
56	4042	0.6808
56	244	0.9451
56	2773	0.7501
56	508	0.8442
56	3187	0.9831
57	3031	0.4582
57	4271	0.4939
57	1294	0.8818
57	70	0.3716
58	394	0.886
58	2369	0.0
58	4551	0.0
58	3455	0.0
58	70	0.8625
58	4752	0.0
58	4682	0.0
58	214	0.8625
58	4073	0.0
58	4746	0.0
58	215	0.886
58	117	0.8625
59	783	0.9239
59	685	0.9099
59	122	0.9757
59	136	0.9735
59	3672	0.9947
59	3179	0.9914
59	3936	0.9795
59	2154	0.4201
59	82	0.9892
59	71	0.9785
59	1538	0.9884
59	3703	0.9675
59	2423	0.9749
59	3824	0.9966
60	151	0.3612
60	73	0.3612
60	260	0.3612
60	4456	0.8689
61	2737	-0.2077
61	2780	0.3182
61	1102	0.8555
61	74	0.7186
62	1074	0.4404
62	76	0.4404
62	4492	0.4404
62	3234	0.4404
62	1112	0.34
62	1312	0.4404
63	834	0.0
63	2052	0.0
63	3197	0.8467
63	2316	0.2263
63	2286	0.4019
63	78	0.2732
63	4362	0.8516
63	4001	0.1779
63	3317	0.7935
63	621	0.8402
63	1117	0.8748
63	1789	0.5267
63	1649	0.0
63	522	0.4408
63	1343	0.939
63	1783	0.7717
64	992	0.9803
64	4172	0.9323
64	1610	0.956
64	78	0.993
64	3639	0.9434
64	1597	0.9062
64	1346	0.9107
64	1384	0.9576
65	3984	-0.8225
65	4461	0.9217
65	798	0.9793
65	3629	-0.7517
65	3863	0.5719
65	3489	0.8123
65	165	0.9762
65	4112	-0.3412
65	3885	0.5719
65	3187	-0.5423
65	4377	0.775
65	79	0.8655
66	2484	0.0258
66	1856	0.6249
66	3935	0.4588
66	1983	0.6249
66	846	0.6249
66	80	-0.4588
66	3745	0.9186
66	1930	0.4588
66	2801	0.6249
66	2689	0.4588
67	2658	-0.7858
67	4641	0.0
67	81	0.0
67	700	0.9089
68	4430	0.838
68	1024	0.8679
68	3721	0.8126
68	2611	0.9081
68	3339	0.9136
68	522	0.985
68	2894	0.9134
68	2105	0.7841
68	2264	0.9081
68	3651	0.3372
68	787	0.9618
68	500	0.8765
68	2832	0.7269
68	82	0.9506
68	1482	0.6246
68	1930	0.7966
69	3559	0.0258
69	754	0.2023
69	4557	0.4404
69	83	0.5318
69	779	0.8919
70	141	0.9902
70	262	0.9978
70	360	0.5423
70	4475	-0.2717
70	367	0.9365
70	186	0.9403
70	1717	-0.3103
71	2228	0.95
71	1602	0.9584
71	1308	0.9044
71	1007	0.8539
71	575	0.9726
71	1948	0.9835
71	833	0.936
71	361	0.9571
71	2277	0.9547
71	1591	0.9861
71	1340	0.9256
71	4393	0.9766
71	3157	0.8217
71	3220	0.9779
71	1324	0.9726
71	4622	0.9954
71	1888	0.7882
71	872	0.9785
71	439	0.8341
71	2825	0.9979
71	111	0.7252
71	1240	0.986
71	2743	0.5023
71	3011	0.9973
71	4132	0.9947
71	2978	0.9833
71	2839	-0.8531
71	1495	0.9187
71	2436	0.6423
71	2800	0.9528
71	2355	0.8734
71	1188	0.9584
71	168	0.97
71	2420	0.966
71	918	0.8016
71	1952	0.9235
71	2724	0.9616
71	2886	0.8658
71	85	0.9729
71	3500	0.9401
71	1451	0.9813
71	3292	0.9068
71	2153	0.9893
71	927	0.9672
71	1496	0.9735
71	426	0.9811
71	1044	0.9862
71	730	0.9987
71	992	0.8969
71	1187	0.9584
71	1494	0.9187
71	920	0.9813
71	219	0.9705
71	864	0.9589
71	888	0.9925
71	1012	0.8422
71	1211	0.8692
71	3354	0.8513
71	1386	0.9213
71	96	0.9771
71	2595	0.9738
71	771	0.9461
71	770	0.9858
71	3807	0.9281
71	1199	0.9716
71	3231	0.9876
71	2168	0.9584
71	109	-0.6409
71	626	0.8608
71	1604	0.9874
72	792	0.5408
72	429	0.6428
72	4429	0.6908
72	801	-0.2057
72	1223	0.0992
72	1553	0.6249
72	1685	0.4404
72	2402	0.0
72	2630	0.2732
72	380	0.2732
72	920	0.2732
72	2485	0.2732
72	86	0.0772
72	2403	0.9313
72	178	0.9945
72	4639	0.8176
72	3621	0.6369
72	3847	0.8874
72	2656	0.8126
73	195	-0.7791
73	124	0.8807
73	203	0.9206
73	584	0.765
73	86	0.6597
74	321	0.8812
74	704	0.541
74	288	-0.4395
74	2117	0.3612
74	1189	0.1761
74	912	0.8055
74	924	0.9785
74	3517	0.9517
74	682	0.9726
74	724	0.9669
74	280	0.8689
74	2637	0.1901
74	3302	0.8999
74	87	0.8074
74	388	0.8999
75	2501	0.7184
75	786	0.1027
75	1272	0.9349
75	87	0.8689
76	1676	0.9861
76	3910	0.8739
76	570	0.9338
76	2636	0.9997
76	338	0.9987
76	982	0.8526
76	595	0.9995
76	2610	0.9577
76	1262	0.9807
76	1270	0.9665
76	1734	0.9972
76	249	0.9984
76	402	0.9099
76	1962	0.9919
76	828	0.7149
76	3429	0.9968
76	2418	0.9823
76	3111	0.9951
76	2649	0.9912
76	3495	0.91
76	2678	0.9528
76	231	0.9916
76	4457	0.9668
76	2007	0.9943
76	2512	0.9874
76	1405	0.9947
76	3894	0.872
76	495	0.9992
76	1720	0.9538
76	1827	0.9852
76	1669	0.9894
76	2798	0.9627
76	1034	0.9998
76	598	0.9692
76	89	0.4919
76	1376	0.9542
76	3260	0.9413
76	856	0.7354
76	701	0.8689
76	3675	0.9998
76	852	0.9323
76	1960	0.984
76	1623	0.9854
76	1391	0.9969
76	311	0.4033
76	3298	0.9925
76	3185	0.9904
76	1493	0.9986
76	3503	0.9794
76	1991	0.9995
76	981	0.9998
76	1777	0.978
76	3241	0.9829
76	3445	0.8402
76	1327	0.9837
76	484	0.9995
76	1990	0.9997
76	2977	0.9947
76	1942	0.9977
76	4064	0.9337
76	1855	0.9864
76	4413	0.9905
76	3327	0.9011
76	1709	0.902
76	88	-0.0654
76	942	0.9919
76	1824	0.9915
76	3440	0.9998
76	2587	0.9827
76	1312	0.7774
76	1260	0.973
76	3577	0.9659
76	2309	0.9897
76	884	0.9996
76	383	0.9981
76	274	0.9465
76	988	0.9996
76	1579	0.9788
76	2778	0.9954
76	4415	0.9998
76	1113	0.9552
76	3459	0.9843
76	1351	0.9997
76	3411	0.9877
76	1622	0.8739
76	4163	0.9558
76	3740	0.9997
76	1673	0.9968
77	2350	0.9683
77	1483	0.8625
77	1348	0.7627
77	740	0.2205
77	726	0.9218
77	1234	0.9339
77	4405	0.9778
77	2938	0.8698
77	802	0.5546
77	1118	0.224
77	1326	0.9917
77	89	0.9996
77	4311	0.1864
77	1520	0.7579
77	960	0.9463
77	384	0.4404
77	3549	0.8922
77	309	0.9617
77	1992	0.9566
77	1650	-0.1779
77	930	0.2263
77	881	0.7964
77	392	0.4404
77	478	0.4404
77	2178	0.9111
77	803	0.9804
77	4309	-0.9866
78	605	0.6757
78	4603	0.7845
78	4501	0.8934
78	1281	0.8173
78	1232	0.7845
78	569	0.9668
78	341	0.2263
78	2380	0.9183
78	589	0.9118
78	90	0.7579
78	907	0.5854
78	2120	0.2732
78	1279	0.8519
79	2858	0.6249
79	90	0.0
79	331	0.0
79	1961	0.3724
79	3676	0.4404
79	539	0.296
80	91	0.9312
80	811	0.9312
80	2867	0.8352
80	1144	0.8316
81	1006	0.6908
81	732	0.8062
81	199	0.0
81	92	0.8062
81	427	0.9493
81	3049	0.8834
81	977	0.939
82	837	0.974
82	526	0.9788
82	3718	0.9746
82	3913	0.9317
82	4378	0.9972
82	870	0.9423
82	2332	0.9848
82	1741	0.8834
82	4354	0.9041
82	639	0.972
82	780	0.9457
82	4006	0.9538
82	3969	0.9524
82	3426	0.9661
82	4086	0.9217
82	144	0.9865
82	1568	0.9299
82	1639	0.995
82	2454	0.9745
82	488	0.9788
82	904	0.9896
82	4165	0.9493
82	875	0.8788
82	3926	0.9756
82	3975	0.5106
82	1912	0.9052
82	2217	0.8859
82	94	0.9442
82	1770	0.908
82	463	0.9477
82	2980	0.9382
82	665	0.7351
82	3314	0.967
82	3686	0.7212
82	2912	0.977
83	95	0.9022
83	381	0.6181
83	756	0.9753
83	4144	0.5719
83	2434	0.8748
83	1525	-0.0129
83	610	0.9217
83	3635	0.945
83	4159	0.8655
84	3908	0.4927
84	4471	0.6369
84	4092	0.4927
84	97	0.8074
85	465	0.7778
85	3651	0.524
85	1268	0.9721
85	99	0.9808
85	4542	0.9631
86	3668	0.6249
86	3254	0.6249
86	4139	0.5927
86	100	0.0
86	4280	0.6249
86	2900	0.6249
86	4758	0.0
86	4238	0.6249
86	4177	0.4854
87	1935	0.9699
87	369	-0.0129
87	100	-0.193
87	414	-0.4973
87	1070	-0.5627
87	434	-0.1693
88	3108	0.4588
88	3137	0.802
88	4593	0.4404
88	101	0.4927
89	2676	0.946
89	2315	0.2003
89	101	0.2732
89	3605	0.2305
90	2484	-0.2549
90	101	0.8639
90	114	0.9638
90	2967	0.9682
90	3627	0.7906
90	255	0.9484
90	522	0.9286
90	1083	0.9908
90	3263	-0.1732
90	555	0.4813
90	3948	0.7906
91	1560	-0.4215
91	339	0.6249
91	2044	0.3612
91	1819	0.3612
91	1514	0.3612
91	564	0.6249
91	1396	0.6369
91	1666	0.6369
91	1079	0.0
91	693	0.7661
91	2919	0.6249
91	101	0.5719
91	1469	0.6249
91	931	0.6249
91	1559	0.3612
91	1317	0.6249
91	743	0.6249
91	2550	0.6249
91	1595	0.6369
91	2293	0.3716
91	2289	0.6249
92	2443	0.5792
92	2606	0.8402
92	1445	0.8689
92	1559	-0.128
92	1171	0.5879
92	1440	0.2464
92	2392	0.7422
92	101	-0.296
92	2592	0.8977
93	938	0.5994
93	1474	0.5994
93	418	0.6249
93	102	0.5719
94	105	0.4939
94	466	0.9041
94	574	0.6002
94	616	0.7906
94	799	0.0772
94	552	0.9216
95	2036	0.886
95	528	-0.2317
95	466	-0.395
95	2783	0.8519
95	347	0.5719
95	169	0.6478
95	234	-0.2975
95	560	0.9042
96	2008	-0.1331
96	1787	0.0
96	2922	0.8442
96	1243	0.4588
96	2197	0.6369
96	2195	0.1531
97	312	0.5256
97	592	0.9754
97	280	0.7506
97	1675	0.7003
97	146	0.3597
97	734	0.128
97	395	0.9015
97	529	0.9386
97	286	0.9902
97	2400	0.8968
97	1863	0.4939
97	108	0.9217
97	396	0.8537
97	1367	0.7311
98	4423	0.8519
98	4564	0.0
98	2130	0.0
98	475	0.6249
98	4122	0.0
98	862	0.6369
98	2129	0.6249
98	1002	0.8481
99	766	0.4404
99	891	0.4404
99	109	0.296
99	2353	-0.2732
99	3701	0.6249
99	287	0.296
100	4550	0.4939
100	4553	0.4939
100	709	-0.3169
100	109	0.4215
101	4481	0.0
101	243	0.6249
101	722	0.6249
101	4535	0.6369
101	1435	0.6249
101	109	0.6249
102	3199	0.6249
102	425	0.8316
102	756	0.8834
102	2362	0.6249
102	2622	0.0
102	2329	0.3919
102	1022	0.7845
102	958	0.9353
102	163	0.875
102	297	0.9299
102	1703	-0.6249
102	1621	0.6249
102	451	0.9287
102	2485	0.09
102	343	-0.6249
102	3105	0.7184
102	3568	0.2207
102	202	0.9136
102	285	0.3252
102	3477	0.7359
102	920	0.0341
102	3172	0.6956
102	155	-0.4173
102	524	0.9705
102	4498	0.0772
102	3194	-0.3818
102	235	-0.7543
102	2830	-0.3512
102	109	0.4767
102	2753	0.9044
102	386	0.9473
103	3811	0.6249
103	109	0.4404
103	4580	0.4404
103	4036	0.4404
103	2214	0.6249
103	4119	0.4404
104	248	0.4215
104	1693	0.4215
104	677	0.4215
104	109	0.4215
105	866	0.7964
105	606	0.4215
105	1648	0.0
105	1023	0.6249
106	2710	0.9042
106	3087	0.6249
106	398	0.3182
106	109	0.7845
107	1829	0.8519
107	4446	0.8342
107	109	0.6249
107	223	0.6249
107	3257	0.92
107	3533	-0.3182
107	3446	0.4939
107	513	0.2263
108	2070	0.8402
108	2061	0.6369
108	109	0.5927
108	4057	0.1754
108	2087	0.7351
109	2484	-0.4798
109	136	0.9911
109	920	0.9423
109	2513	0.4493
109	3155	0.9325
109	678	0.9755
110	4308	0.5719
110	109	0.7758
110	2013	-0.4215
110	3101	0.9371
111	1952	0.6249
111	1921	0.886
111	534	0.0
111	109	0.976
111	3546	0.3724
111	1062	0.8883
111	2159	0.7783
111	1064	0.6908
111	2565	0.6597
111	2055	0.8991
111	4645	0.1531
112	3983	0.8658
112	109	0.8947
112	2132	0.6369
112	126	0.717
113	934	0.2255
113	2002	-0.1027
113	2797	0.9623
113	109	0.4369
113	646	0.705
114	1468	0.743
114	830	0.9896
114	766	0.9299
114	2948	0.868
114	1094	0.9764
114	2837	0.9804
114	580	0.9137
115	4335	0.6486
115	1503	0.4256
115	110	0.9559
115	3464	0.4404
116	2429	0.5719
116	113	0.7301
116	2251	0.6697
116	556	0.7964
117	4418	0.9935
117	2852	0.9985
117	2028	0.7207
117	1040	0.9945
117	905	0.8427
117	3899	0.9293
117	2250	0.8294
117	3783	0.8431
117	2718	0.84
117	1069	0.9813
117	2484	0.2592
117	875	0.9566
117	4478	0.9935
118	2693	0.6249
118	2188	-0.5574
118	1141	0.6249
118	3026	0.6249
118	1222	0.4404
118	3822	0.6249
118	3052	0.6249
119	1059	0.3818
119	1613	0.6597
119	830	0.3818
119	4559	0.3818
119	2453	0.3818
119	2025	0.6597
119	859	0.3818
119	891	0.3818
119	4565	0.3818
120	877	0.3596
120	4749	0.9348
120	3981	0.9545
120	120	0.9528
120	2024	0.9664
120	2086	0.9766
120	697	0.9172
120	1771	0.9035
120	4601	0.9172
121	2874	0.9692
121	904	0.8158
121	1508	0.5984
121	4172	0.9836
121	4332	0.6486
121	1510	0.5012
121	123	0.9087
121	1898	0.5037
122	4169	0.2732
122	3272	0.8375
122	129	0.8591
122	4359	-0.2732
122	4263	0.3612
123	4066	0.4404
123	4519	0.4215
123	3646	0.5457
123	4097	-0.8636
123	130	0.3546
123	2478	0.3689
123	4329	0.775
124	600	0.9655
124	1290	-0.5256
124	1143	0.7361
124	1201	0.2263
124	2114	0.3612
124	3838	0.6249
124	131	0.5023
124	2263	0.2732
124	1142	0.872
124	154	0.9136
124	2362	0.6249
125	1318	0.9695
125	3703	0.5025
125	4366	0.2263
125	848	0.2617
125	4286	0.9081
125	4401	0.4588
126	579	0.3149
126	867	0.7635
126	546	0.5994
126	133	-0.4215
127	4340	0.9257
127	4741	0.7126
127	2440	0.6483
127	3247	0.7126
127	135	0.0038
128	137	0.7906
128	18	0.7906
128	635	0.7906
128	322	0.7906
129	1426	0.9821
129	2821	0.9506
129	885	0.874
129	1227	0.9168
129	633	0.6174
129	138	0.7921
130	4044	0.8442
130	3521	0.1193
130	2582	0.6597
130	1507	0.7845
130	1998	0.7906
130	2923	0.6476
130	3802	0.7992
130	3583	0.8055
130	2005	0.7351
130	3416	-0.2732
130	3800	0.7717
130	3072	0.6369
130	2226	-0.34
130	3833	0.2382
130	138	0.6486
130	3649	0.9582
130	3081	0.9705
130	1757	0.0
130	1773	0.7379
130	3872	-0.5448
130	4223	0.8658
130	1585	0.6249
130	3819	0.9509
130	1671	-0.3976
130	1385	0.9538
130	3801	0.4019
130	3612	0.936
130	4007	0.9482
130	1696	0.296
130	3973	0.7906
130	4070	0.9186
130	4005	0.9152
130	3016	0.9721
130	4317	0.2575
130	3325	0.6249
131	1341	0.8316
131	176	0.457
131	4266	0.8555
131	137	0.5735
131	2942	-0.93
131	1476	0.6808
131	2908	-0.8685
131	2370	0.7377
132	266	0.9175
132	796	0.9851
132	244	0.8925
132	2241	0.9848
132	2253	-0.2878
132	868	0.9927
133	295	0.9413
133	271	0.9413
133	139	0.9623
133	260	0.9623
133	447	0.7964
133	546	0.875
133	657	0.4588
134	3890	-0.3707
134	142	-0.6698
134	312	0.905
134	1955	0.8451
134	4515	0.977
135	967	0.8519
135	2538	0.802
135	3158	0.8957
135	2145	0.6369
135	236	0.4215
135	3902	0.5095
135	143	0.6249
136	2446	0.6249
136	314	0.0
136	3002	0.6249
136	2369	0.6249
136	1839	0.6249
136	398	0.6249
136	143	0.9199
137	2431	0.9466
137	2942	0.875
137	3342	0.9647
137	304	-0.6492
138	2821	0.7351
138	1350	0.5719
138	1719	0.6249
138	147	0.8176
138	861	-0.0258
139	4168	0.9122
139	4703	0.6908
139	1927	0.8804
139	148	0.8908
139	398	0.765
140	905	0.5994
140	2077	0.6249
140	3657	0.7832
140	149	0.6249
141	3242	0.9906
141	3044	0.996
141	2668	0.9956
141	3850	0.9868
141	3652	0.9703
141	3001	0.9916
141	2883	0.9833
141	3536	0.9514
141	3607	0.9407
141	3279	0.9924
141	3596	0.9608
141	3430	0.9933
141	3905	0.9509
141	239	0.9186
141	4686	0.9605
141	2674	0.9938
141	3926	0.9741
141	1340	0.914
141	3742	0.9789
141	3705	0.9952
141	1581	0.9866
141	3422	0.9558
141	3709	0.9889
141	3730	0.9923
141	2623	0.8739
141	2177	0.9937
141	2491	0.9913
141	2211	0.9552
141	3146	0.9969
141	3113	0.9947
141	3413	0.9962
141	3281	0.9821
141	4105	0.9887
141	2743	0.9841
141	3650	0.9962
141	2932	0.9846
141	3135	0.9637
141	3830	0.8516
141	3301	0.775
141	4103	0.951
141	3492	-0.101
141	2575	0.982
141	2737	0.8779
141	3663	0.9859
141	3244	0.9653
141	3060	0.923
141	149	0.9902
141	2980	0.968
141	2554	0.8503
141	3845	0.9975
141	2979	-0.5998
141	2843	0.9904
141	2305	0.8064
141	3099	0.9688
141	2953	0.9926
141	3746	0.8049
141	3982	0.9589
141	3102	0.7986
141	3964	0.2775
141	3355	0.9834
141	2731	0.9994
141	2564	0.9798
141	4091	0.9962
141	2808	0.8555
141	2705	0.97
142	216	0.8795
142	911	-0.2732
142	149	0.8402
142	213	0.7845
142	497	0.9231
142	388	0.5423
143	758	-0.59
143	820	0.9545
143	159	0.6065
143	150	-0.39
143	160	0.4939
143	1449	0.7154
143	776	0.5499
144	709	0.0
144	152	0.0
144	3555	0.5719
144	191	0.0
144	845	0.0
144	3858	0.0
144	2532	0.0
144	2389	0.4404
144	3785	0.3612
145	1259	0.9845
145	2480	0.0
145	4346	0.8176
145	2032	0.975
145	2477	0.7003
145	2363	0.8425
145	577	0.8499
145	4662	-0.5423
145	3297	0.9858
145	3316	0.9359
145	2374	0.7964
146	154	0.0
146	3917	0.0
146	4612	0.0
146	4276	0.0
147	1000	0.765
147	4570	0.3182
147	157	0.3182
147	1110	0.5095
147	1401	0.6249
147	4520	0.3182
147	1582	0.6249
147	1402	0.6249
148	393	0.9832
148	504	0.032
148	160	-0.5986
148	892	0.8805
149	1930	0.9336
149	1093	0.9869
149	161	0.9893
149	2904	0.7096
150	1807	0.3205
150	2074	0.8909
150	4072	0.8658
150	1757	-0.3195
150	426	0.1724
150	162	0.9287
150	4111	0.8955
150	4216	0.1874
151	4297	0.9887
151	677	0.9833
151	4345	0.9988
151	162	0.8247
151	2860	0.9974
151	2001	0.9625
151	3711	0.9792
151	530	0.682
152	164	0.0
152	576	0.09
152	3462	0.0
152	1168	0.6249
152	3410	0.6249
153	1802	0.7778
153	166	0.0
153	680	0.6249
153	1749	0.6369
153	2899	0.4404
153	2102	-0.4215
153	2474	0.4404
153	1693	0.3182
153	1089	0.4404
153	1079	0.4215
154	471	0.7742
154	1152	0.8625
154	166	0.3895
154	1338	0.7509
154	226	0.6597
154	4055	0.3818
155	1354	-0.4471
155	2697	0.8126
155	1930	0.9678
155	1784	0.5719
155	1751	0.6597
155	3810	-0.261
155	2180	-0.5873
155	2801	-0.5992
155	670	0.9153
155	386	0.8687
155	1412	0.296
156	169	-0.296
156	479	-0.9181
156	2484	0.0
156	786	0.1027
157	3303	0.6249
157	3149	0.8658
157	354	0.0
157	350	0.0
157	3949	0.3384
157	1120	0.0
157	2062	0.8658
157	3955	0.3384
157	284	0.8674
157	1909	0.1531
157	1206	-0.4944
157	1631	0.0
157	953	0.0
157	3243	0.0
157	3759	0.8514
158	2805	0.6652
158	2499	0.9224
158	2068	0.2023
158	733	-0.4168
158	3452	0.5563
158	2552	0.9273
158	3895	0.6557
158	224	0.7306
158	170	0.6369
159	3774	0.9622
159	1443	0.3031
159	189	0.8411
159	1972	0.7845
159	2090	0.9254
159	2368	0.7574
159	2001	0.4019
159	3424	-0.0644
159	3155	0.7964
159	268	0.7832
159	171	0.7269
159	4043	0.2732
160	920	0.8744
160	172	-0.2703
160	1227	0.9883
160	836	0.9807
161	1264	0.8747
161	173	0.8979
161	620	0.9318
161	4272	0.9208
161	850	0.9061
161	4360	0.9446
161	766	0.5472
161	1646	0.9371
162	1477	0.9719
162	1450	0.9983
162	173	0.8111
162	2574	0.6858
162	2255	0.973
162	3083	0.7003
163	2947	0.6124
163	4034	0.6213
163	3052	0.128
163	174	0.3612
163	1278	0.5777
163	3255	0.0
163	2624	0.6808
163	2615	0.6808
163	2603	0.6249
164	4205	0.9118
164	177	0.836
164	1808	0.1747
164	2407	0.7003
164	1837	0.8658
164	2424	0.4767
164	267	0.6901
164	1879	0.8555
165	4213	0.6369
165	3502	0.7717
165	179	0.7991
165	3765	0.765
166	180	0.6249
166	184	0.6249
166	1848	0.8481
166	430	0.7003
167	181	0.4404
167	3351	0.6249
167	316	0.9675
167	2066	0.4404
167	2365	0.6249
167	3786	0.0375
167	1907	0.6249
167	3757	0.1761
167	969	0.8519
168	183	0.8555
168	358	0.5267
168	3461	-0.1744
168	1352	0.9698
168	3538	0.7003
168	516	0.8481
168	3444	-0.8663
168	3285	0.8439
169	2105	0.4588
169	4717	0.891
169	1930	0.9325
169	1106	0.9349
169	1089	0.9737
169	1983	0.4404
169	207	0.9309
170	1673	0.8694
170	683	0.936
170	3043	0.9657
170	187	0.9728
170	916	0.7584
170	3248	0.4927
170	4744	0.8885
170	3563	0.7717
170	1424	0.7917
170	3306	0.9209
170	2221	0.9444
170	1895	0.8066
171	2988	0.9442
171	1836	0.9947
171	677	0.9722
171	2902	0.9199
172	3772	0.9118
172	2344	0.4215
172	2080	0.8834
172	2380	0.4404
172	189	0.8519
172	1042	0.9823
172	3761	0.2263
172	2181	0.3818
173	3749	0.281
173	3768	0.566
173	1207	0.4588
173	1760	0.0
173	3488	0.4215
173	3866	0.9286
173	1758	0.2263
173	3787	0.4215
173	408	0.6249
173	4724	0.0
173	365	0.4215
173	3776	0.8917
173	276	0.2263
173	375	0.4215
173	2297	-0.3182
173	3779	-0.0572
173	2593	0.765
173	2602	0.6249
173	2836	0.4215
173	2861	0.7469
173	4416	0.4215
173	4197	0.8201
173	3889	0.4215
173	1457	0.7222
173	2515	0.296
173	3441	0.0
174	4503	0.9723
174	1400	0.9723
174	4681	0.9723
174	1913	0.9751
174	193	0.9723
174	842	0.9848
175	1952	0.714
175	4373	0.8885
175	4385	0.7266
175	860	0.7579
175	2823	0.9587
175	4425	0.2263
175	914	0.8248
175	4066	0.5181
176	2600	0.2944
176	1502	0.431
176	195	0.8581
176	2138	0.6369
176	194	0.8581
176	3992	0.6848
177	1870	0.9377
177	196	-0.2755
177	1884	0.5719
177	1812	0.6808
178	2100	0.9983
178	197	0.999
178	1383	0.9991
178	303	0.9985
178	2903	0.9964
178	2014	0.9952
179	198	0.8859
179	369	0.9197
179	625	0.0
179	573	0.9368
179	3753	0.0
179	1028	0.4767
180	302	0.9921
180	2216	0.9117
180	200	0.7391
180	755	0.6253
180	345	0.6351
180	1131	0.9916
181	1722	0.989
181	1232	0.771
181	1145	0.9815
181	1070	0.296
181	4537	0.0
182	2438	0.987
182	545	-0.9886
182	4173	0.9828
182	1416	0.7893
182	1088	0.9993
182	896	0.9841
182	4600	0.9752
182	4141	0.886
182	438	0.9298
182	1502	0.9834
182	1950	0.3589
182	1492	-0.0388
182	1215	0.9985
182	870	0.9915
182	1167	-0.5369
182	525	0.9973
183	637	0.9434
183	2517	0.8481
183	1893	0.6666
183	2984	-0.0258
183	3144	-0.3551
183	208	0.7749
183	3159	0.7524
183	425	0.3612
184	679	0.5104
184	2470	0.4215
184	1693	0.2263
184	3048	0.4215
184	845	0.0754
184	2029	0.6801
184	1614	0.8655
184	3009	0.7178
184	209	0.9471
185	353	0.584
185	3911	0.7713
185	2484	0.7579
185	987	0.9769
185	911	0.6894
185	809	0.7553
185	2557	-0.9545
185	2362	0.8761
185	623	0.9552
185	232	0.8115
185	210	-0.0541
186	425	0.4939
186	955	0.1901
186	917	0.9545
186	371	0.092
186	440	0.9829
186	1575	0.6542
187	323	0.9931
187	4700	0.9923
187	3043	0.9825
187	3119	0.9985
187	3276	0.9982
187	3570	0.9596
187	274	0.3806
187	3240	0.9273
187	3123	0.984
187	3012	0.9983
187	3465	0.996
187	3427	0.9815
187	3050	0.9985
187	3814	0.0757
187	3222	-0.5627
187	212	0.8536
187	4244	0.9982
187	330	0.9931
187	2945	0.9959
187	1670	0.8692
187	2558	0.9938
187	3815	-0.5789
187	3244	0.9508
187	1567	0.0449
187	3509	0.9622
187	1154	0.9784
187	3134	0.8905
187	3186	0.9891
187	2886	0.9737
187	3508	0.9993
187	3629	0.9988
187	3278	0.9799
188	215	0.9371
188	952	0.7717
188	553	0.8591
188	3142	0.8934
188	1975	0.8316
188	728	0.8016
188	1608	0.8225
189	2573	-0.8847
189	3527	0.9924
189	2986	0.9916
189	3080	0.9984
189	2568	0.9988
189	2564	0.9587
189	775	0.9761
189	3568	0.7096
189	3136	0.8844
189	3135	0.9975
189	3102	0.9961
189	218	0.9687
189	3869	0.9979
189	3997	0.9878
189	3209	0.9853
189	2981	0.9706
189	3352	0.9929
189	2381	0.9905
189	3001	0.9912
190	1585	0.0
190	531	0.0
190	155	0.4215
190	4493	0.4215
190	3103	0.0
190	224	0.296
191	246	-0.3412
191	2149	0.2263
191	225	0.2263
191	4579	0.0
191	559	0.2263
192	4069	0.8402
192	4254	0.807
192	3557	0.9255
192	227	0.5927
192	4002	0.8481
192	4070	0.9413
192	2280	0.0
192	3802	0.6249
192	4080	0.8979
192	4134	0.875
193	1104	0.7178
193	1135	0.5985
193	1845	0.8481
193	229	0.9531
193	3197	0.5709
193	2252	0.9033
193	2266	0.4404
193	3468	0.4641
194	3008	0.8703
194	452	0.7906
194	230	0.0
194	272	0.0
194	381	0.3591
194	4439	0.9757
195	4440	0.2382
195	4473	0.3612
195	230	-0.1027
195	4085	0.0
195	4242	0.8442
195	3992	0.8522
195	4235	0.9523
196	1508	0.5994
196	4279	0.4215
196	2021	0.7783
196	1454	0.5994
196	230	0.8014
196	3346	0.4215
197	1585	0.4404
197	3645	0.6249
197	1469	0.2263
197	3295	0.4404
197	4285	0.6249
197	1533	0.6249
197	2713	0.6249
197	677	0.4404
198	230	0.4215
198	932	0.4215
198	678	0.0
198	671	0.4215
199	1920	0.9698
199	518	-0.5413
199	441	0.9549
199	232	-0.2047
200	232	0.8591
200	547	0.9562
200	1246	0.8126
200	1934	0.9823
200	1586	0.8345
200	759	0.9635
201	4127	0.25
201	674	0.992
201	232	0.2023
201	3401	-0.2732
201	3321	0.5885
202	1589	0.8422
202	419	0.96
202	3077	0.9474
202	2933	0.9169
202	3686	0.8834
202	469	0.9497
202	1536	0.9406
202	1841	0.9513
202	233	0.9542
202	2213	0.2698
202	259	0.9218
202	2853	0.9201
203	826	0.6249
203	1209	0.6124
203	237	0.7906
203	1398	0.0
204	282	0.9743
204	458	0.9817
204	238	0.8074
204	460	0.9018
204	3593	0.2582
204	1838	0.8005
204	1836	0.6956
204	535	0.7147
205	1733	0.7873
205	240	0.875
205	3303	0.5423
205	4130	0.5023
205	641	-0.4039
206	874	0.2023
206	2471	0.8137
206	3701	-0.6124
206	241	0.7564
206	3018	0.4588
206	1573	0.2392
206	1320	-0.3612
206	4690	0.2023
206	487	0.1507
206	1438	0.5106
206	756	0.6364
207	242	0.9359
207	2484	0.9001
207	1836	0.9558
207	1783	0.9472
208	244	-0.2755
208	1875	0.8689
208	4624	0.5844
208	2312	0.9631
209	4472	0.8316
209	4126	-0.8733
209	4465	0.8047
209	4460	0.6983
209	244	-0.4404
210	1719	0.9802
210	1810	0.6249
210	1774	0.5777
210	2010	0.451
210	1182	0.0729
210	1363	0.9844
210	2378	0.0
210	507	-0.1531
210	1813	-0.5289
210	1713	0.7888
210	244	0.2732
210	1013	0.5434
210	2508	0.1779
210	2194	0.7351
210	678	0.6249
210	2000	0.0
210	748	0.7579
210	708	0.7351
210	1721	0.6369
210	2597	0.0
210	1768	0.3506
210	1137	0.8633
210	720	0.9062
210	1958	0.9293
210	1210	0.9542
210	1769	0.7902
211	2165	0.9918
211	2547	0.9803
211	1352	0.7579
211	1407	0.7579
212	1893	0.8748
212	1129	0.9809
212	2332	0.9906
212	3006	0.8126
212	3145	0.9201
212	2833	0.836
212	2198	0.5674
212	4719	0.903
213	954	-0.3657
213	249	0.775
213	3288	0.1207
213	1184	0.431
214	2869	0.9423
214	3784	-0.6253
214	3648	0.7574
214	1222	0.4019
214	2477	0.4443
214	2004	0.5106
214	2758	0.5779
214	3303	0.0
214	1649	0.8271
214	2483	-0.4543
214	1844	-0.4939
214	2484	0.7472
214	476	0.4939
214	4351	0.7657
214	2096	0.8582
214	250	0.9702
214	4268	0.6213
214	4451	0.8807
214	2494	0.6603
214	2337	-0.6922
214	2234	0.9886
214	3466	0.5719
214	2458	0.6486
214	3552	-0.7261
214	2214	-0.7261
214	2207	-0.6302
214	4073	0.7645
214	2462	0.6326
214	446	0.9578
214	1439	-0.0616
214	4301	0.9476
215	873	-0.803
215	1422	0.9349
215	297	0.765
215	251	0.8271
216	253	0.1779
216	510	0.8625
216	1122	0.9538
216	1256	0.6808
216	649	0.8392
217	3173	0.9114
217	3960	0.778
217	254	0.9631
217	2430	0.9246
217	3828	0.886
217	2422	0.7943
218	334	0.9569
218	1601	0.946
218	3107	0.8316
218	916	0.8851
218	615	0.8055
218	967	0.5994
218	423	0.9299
218	2353	0.8905
218	4323	0.9583
218	4416	0.8851
218	2142	0.93
218	1674	0.9723
218	256	0.9432
218	551	0.91
218	501	0.7964
219	891	0.4404
219	2269	0.4404
219	808	0.8519
219	1052	0.6124
219	4679	0.8316
219	899	0.4404
219	1632	0.6478
220	1697	0.1027
220	263	0.4404
220	597	0.8016
220	3705	0.6369
221	4560	0.5719
221	681	0.0
221	264	0.5719
221	2570	0.0
221	4136	0.5719
222	3049	-0.1406
222	865	0.7131
222	1945	0.9519
222	264	0.587
222	879	-0.8622
223	2155	0.3361
223	269	0.8591
223	742	0.6597
223	267	0.9322
223	3245	-0.1665
223	2543	0.4404
223	1363	-0.471
223	4728	-0.5574
223	2308	0.363
223	265	0.945
223	1315	0.6361
223	2921	-0.5849
223	3029	0.5267
223	3250	0.1779
223	3009	0.7061
224	266	0.7841
224	2665	0.8588
224	4747	0.7906
224	3995	0.8481
225	269	-0.4767
225	3074	-0.3612
225	3703	0.0
225	3590	-0.5719
226	2116	0.9274
226	3954	0.9349
226	3051	0.9531
226	3732	0.9762
226	269	0.7992
226	2259	0.7227
226	3275	0.9652
227	1965	0.6901
227	2868	0.5719
227	270	0.1027
227	1885	0.8519
228	3773	0.978
228	3082	0.9134
228	3968	-0.0018
228	1535	0.9799
228	4290	0.8979
228	3734	0.9409
228	1709	0.7783
228	4283	0.7825
228	272	-0.893
228	2821	0.9614
228	3769	0.9693
228	1740	0.3291
228	3770	0.9558
228	4084	-0.5216
228	3873	0.8625
228	3260	-0.631
228	3797	0.9393
228	3920	0.34
228	4104	0.9591
229	523	0.6361
229	273	0.6486
229	1859	0.8316
229	1749	0.8016
229	1585	0.4767
230	4318	0.8316
230	736	-0.7627
230	4303	0.7964
230	4286	0.659
230	3629	0.7739
230	275	-0.298
230	1620	-0.7388
231	825	0.7089
231	4018	0.6249
231	920	0.6369
231	3578	0.6249
231	1452	0.0
231	3991	0.6249
231	3609	0.6249
231	277	0.81
232	986	-0.4478
232	277	0.2944
232	1264	0.7317
232	4431	0.6369
232	879	0.0378
232	799	0.0378
233	3632	0.0258
233	2278	0.8945
233	2401	0.4019
233	287	0.5719
234	1089	0.8803
234	3189	0.7178
234	3202	0.8934
234	1186	0.9468
234	589	0.8832
234	1307	0.9079
234	966	0.7956
234	2396	0.93
235	1527	0.7228
235	4325	0.6436
235	291	0.0
235	290	0.3919
236	660	0.8718
236	294	-0.7992
236	1731	-0.0888
236	1695	-0.4323
237	1517	0.4404
237	946	0.4404
237	2095	0.4404
237	296	0.7787
237	2490	0.4404
238	810	0.7992
238	2442	0.8272
238	2686	0.9267
238	778	0.9919
238	3154	0.9746
238	2258	0.9267
238	1958	0.8952
238	3991	0.73
238	2422	0.8555
238	1585	0.7845
238	677	-0.3778
238	298	0.7608
238	3812	-0.8746
238	855	0.7347
238	2082	0.5994
239	891	0.1531
239	823	0.1476
239	4073	0.1531
239	299	0.7496
240	1073	0.9738
240	2791	0.807
240	3204	0.5859
240	3448	0.4748
240	2638	0.8316
240	305	-0.0479
240	2527	0.9296
241	3888	-0.296
241	306	0.0
241	1573	0.0
241	894	0.4404
242	568	0.4404
242	3560	0.0
242	401	0.296
242	417	0.0714
242	2019	-0.3412
243	427	0.2732
243	1704	0.6872
243	1684	0.882
243	2264	0.4404
243	310	0.5719
244	1685	0.9307
244	4461	0.8381
244	494	0.9432
244	4071	0.9201
244	4433	0.9432
244	4432	0.9569
244	1264	0.8225
244	2958	0.5938
244	1784	0.5719
244	3573	0.765
244	313	0.9571
244	3961	0.9201
244	2963	0.9869
244	3255	0.6808
244	2098	0.6249
244	1585	0.7475
244	3753	0.6877
245	1482	0.5994
245	1350	0.3182
245	887	0.4404
245	2260	0.6249
245	3067	0.0
245	2334	0.0
245	1898	0.4404
245	388	0.4404
245	3049	0.0
245	4269	0.6249
245	315	0.3804
245	3879	0.6249
246	2529	-0.2523
246	756	-0.5011
246	2787	0.4939
246	4228	0.3912
246	496	0.0873
246	3155	0.3384
246	4118	0.2387
246	2648	0.9633
246	2293	0.8592
246	2819	0.3549
246	1809	0.9485
246	315	-0.4497
246	2931	0.9898
246	1515	-0.631
246	891	0.9644
246	945	0.5252
246	2250	0.853
246	2634	0.7382
247	990	0.836
247	1399	0.8779
247	944	0.4215
247	1461	0.6486
247	1576	0.8979
247	1537	0.7845
247	1699	0.7152
247	1931	0.5719
247	715	0.4939
247	1603	0.9804
247	4567	0.7783
247	317	0.5994
248	2378	0.7096
248	324	0.1531
248	693	0.7845
248	318	0.7717
249	365	0.8908
249	4342	0.6249
249	319	0.6249
249	2317	0.6249
250	2790	0.2023
250	1271	0.9371
250	320	0.6249
250	3056	0.4754
250	3758	0.6124
250	2325	0.9001
250	2855	0.2023
250	3243	0.0
250	4252	0.7096
250	2974	0.836
250	3750	-0.1027
250	4706	0.2732
250	1855	0.5106
251	597	0.9186
251	850	0.8804
251	1530	0.6486
251	2697	0.4481
251	4467	-0.3025
252	2002	0.9455
252	858	0.3771
252	1235	0.85
252	613	0.9356
252	3548	0.3825
252	327	0.8008
253	2341	0.6249
253	2245	0.7351
253	328	0.296
253	4505	0.5719
253	2266	0.0
253	98	0.5719
254	468	0.1027
254	879	0.91
254	1181	0.8442
254	912	0.884
254	788	0.6369
254	778	0.6369
254	329	0.743
254	2788	0.5106
255	1352	0.8173
255	2261	0.8553
255	332	0.9774
255	1557	0.7543
256	1631	0.6249
256	3898	-0.3724
256	3903	0.7397
256	3155	0.6249
256	335	0.922
256	3197	0.4404
257	464	0.6705
257	336	0.296
257	1577	0.6369
257	307	0.4404
257	928	0.0
258	340	0.9708
258	774	0.9467
258	1887	0.9636
258	950	0.9764
259	4511	0.0
259	2590	0.5095
259	341	0.0
259	1109	0.0
260	393	0.9274
260	531	0.9274
260	378	0.9274
260	427	0.9274
261	503	-0.5927
261	1065	0.1154
261	377	0.9344
261	1066	-0.948
261	342	-0.2755
262	2741	0.9545
262	344	0.9099
262	854	0.9896
262	1265	0.8948
262	349	-0.3929
263	2484	-0.2418
263	4397	0.8151
263	4234	0.0534
263	1071	0.9625
263	2697	0.8079
263	942	0.5159
263	2330	0.9636
263	875	0.7506
263	3384	0.7906
263	348	0.7717
264	2139	0.4215
264	2266	0.6272
264	904	0.9705
264	351	0.7436
264	4502	0.9538
264	369	0.5423
264	1524	-0.7717
265	2734	0.9493
265	2263	0.8576
265	2336	0.8495
265	3425	0.9657
265	1644	0.4404
265	1393	0.9615
265	1133	-0.2751
265	959	0.7572
265	1764	0.875
265	352	0.4215
266	1751	0.7845
266	1784	-0.5719
266	4650	0.6249
266	1901	0.6249
266	353	0.7845
266	3052	-0.0772
266	1814	-0.4588
266	2006	0.6249
266	4099	0.4215
267	355	0.9646
267	627	0.9685
267	1491	0.9
267	744	0.3036
267	968	0.9168
267	800	-0.6908
267	1387	-0.2152
268	355	0.7351
268	3394	0.6249
268	3986	0.0
268	4170	0.6369
268	3660	0.0
269	2697	0.8832
269	3572	0.0
269	2353	0.8908
269	2250	0.6249
269	3575	0.4404
269	921	0.4215
269	2647	0.6353
269	356	0.0
269	1331	0.0216
269	4018	0.6597
269	4087	0.4404
269	1350	0.8479
270	357	0.9445
270	1649	0.7227
270	883	0.9947
270	878	0.9237
270	869	0.9343
270	1291	0.6621
270	1505	0.933
271	358	0.2964
271	2320	0.6597
271	2607	0.8858
271	1660	0.8786
272	4556	0.2144
272	1005	0.0
272	4209	0.9464
272	2640	0.9897
272	2377	0.5149
272	358	-0.9252
272	3421	0.9638
273	3402	0.9939
273	4558	0.9578
273	4508	0.743
273	3826	0.9781
273	815	0.9891
273	4109	0.9456
273	903	0.9944
273	4742	-0.8955
273	816	0.9897
273	3367	0.4501
273	4754	0.8767
273	361	0.3367
273	821	0.9744
273	4528	0.9881
273	3360	0.9454
273	4692	0.9659
273	4654	0.9795
273	2439	0.977
273	4527	0.9645
273	3919	0.6365
273	2154	0.9229
273	3381	0.9737
273	3373	0.981
273	4636	0.6601
273	3611	0.9689
273	3990	0.9589
273	4718	0.9051
274	3714	0.7783
274	3791	0.872
274	4166	0.5423
274	363	0.8658
275	427	0.945
275	1930	0.9565
275	1528	0.1531
275	364	0.7111
275	795	0.8
275	2695	0.926
275	4288	0.8402
275	3916	-0.4215
276	1744	0.6249
276	554	0.0
276	366	0.296
276	904	0.6249
277	369	0.6808
277	678	0.6249
277	1870	0.5546
277	3653	0.875
277	3232	0.765
278	2707	-0.296
278	1921	0.6597
278	3968	0.762
278	2261	0.4939
278	4139	0.7897
278	4121	0.9952
278	2998	0.8126
278	4120	0.8957
278	1460	0.7753
278	1776	0.7717
278	1511	0.6249
278	4127	0.802
278	3880	0.9623
278	370	0.8074
278	3677	0.7893
278	1651	0.8074
278	1075	-0.0772
278	4234	0.8439
278	4460	0.9797
278	1781	0.9186
278	4022	0.1027
278	2790	-0.3676
278	2064	0.2277
279	894	0.6115
279	4586	0.6115
279	371	0.6369
279	4576	0.7351
279	4061	0.6115
279	1269	0.6115
279	3670	0.6369
280	563	0.822
280	372	-0.6024
280	707	0.9362
280	443	0.1779
281	374	-0.0335
281	1238	0.807
281	1239	0.807
281	1894	0.6369
282	1833	-0.3412
282	1814	0.5719
282	1870	0.6369
282	376	0.8875
282	4339	0.2584
282	664	0.6249
282	1268	0.89
282	4221	0.9366
282	695	0.8655
282	4305	0.7684
282	1947	0.659
282	4623	0.8046
282	1702	-0.1154
282	712	0.4404
282	1790	0.6249
282	1222	0.7684
283	1273	0.9401
283	978	0.9576
283	2146	0.9338
283	1631	-0.7839
283	1823	0.3402
283	760	0.9106
283	3974	0.6249
283	937	0.9839
284	379	-0.5252
284	2279	0.836
284	2704	0.8611
284	2238	0.128
285	1486	0.6249
285	2468	0.0
285	3347	0.6249
285	1648	0.6369
285	1972	0.0
285	1505	0.6249
285	4037	0.765
285	3350	0.0
285	4151	0.6249
285	3648	0.0
285	382	0.2023
285	1571	0.6249
285	2403	0.0
285	1617	0.6249
286	1145	0.6249
286	2341	0.3612
286	1505	0.6249
286	397	0.0
286	2347	0.0
286	1376	0.0276
286	385	0.0
286	3406	0.7184
286	3555	0.6801
287	631	0.7906
287	1122	0.8481
287	388	0.0
287	1069	0.6249
287	1176	0.8481
287	3152	-0.4748
287	4578	0.8176
288	2192	0.959
288	2062	0.9225
288	3034	0.9654
288	3017	0.872
288	388	-0.1406
289	3615	0.7783
289	3447	0.8464
289	1827	0.6249
289	3543	0.6956
289	3049	-0.2732
289	2779	0.6858
289	3715	0.0
289	388	0.8519
290	3333	0.7684
290	3121	0.0
290	388	0.0
290	781	0.4777
291	4633	0.8492
291	4365	0.2732
291	2250	0.2732
291	2047	0.2732
291	3175	0.0
291	1740	0.0
291	1371	0.0
292	1217	0.8072
292	905	0.2534
292	2375	0.9871
292	2809	0.9746
292	1642	0.9878
292	3494	0.9711
292	388	0.2732
293	3049	0.0
293	426	-0.0531
293	1406	0.0
293	4047	0.0
293	388	0.6299
294	1870	0.996
294	2927	0.9677
294	1685	0.9642
294	400	0.9633
294	632	0.9794
294	1832	0.9897
294	2625	0.9395
294	390	0.9984
295	1190	0.8308
295	393	0.6908
295	532	0.6808
295	3183	0.6249
295	2149	0.8074
295	1005	0.0
295	1272	0.5187
295	2164	0.5719
296	1244	0.0
296	1585	0.6369
296	1748	0.5994
296	397	0.6369
296	1870	0.6369
297	3864	0.8581
297	1839	0.6124
297	3645	0.9217
297	3321	-0.0387
298	957	0.8957
298	4123	0.8225
298	2879	0.8625
298	1157	0.9208
298	397	0.8977
298	1080	0.6249
299	3353	-0.5719
299	1893	0.6249
299	4015	0.6124
299	2406	0.8555
299	3511	0.4939
300	3334	0.8553
300	1122	-0.4972
300	1631	0.6249
300	635	-0.4059
300	3255	0.9545
300	3319	0.8126
301	1993	0.5719
301	2959	0.8316
301	2578	0.765
301	1302	0.9211
301	1611	0.765
301	3216	0.8316
301	2233	0.5719
301	640	0.9246
301	2656	0.8316
301	2647	0.8316
301	696	-0.6705
301	3806	0.5719
301	4714	0.886
301	2167	0.7351
301	2319	0.5719
301	1944	0.7351
301	398	0.8316
301	1397	0.5719
302	2891	0.8908
302	435	0.7351
302	517	0.7351
302	1499	0.9359
302	1547	0.8908
302	615	0.0
302	1498	0.836
302	937	0.836
302	1738	0.6115
302	1434	0.5719
302	399	0.714
302	1454	0.8999
302	521	0.7351
302	1440	0.8586
303	2917	0.6369
303	1125	0.6808
303	4646	0.765
303	2011	0.743
303	2121	0.5994
303	3666	-0.296
303	1821	0.8439
303	2868	0.2732
303	1951	-0.8974
303	398	0.0883
304	2060	0.9814
304	1714	0.8109
304	1148	-0.7669
304	3550	0.8402
304	402	0.6138
305	3255	0.6249
305	420	0.7841
305	871	0.7841
305	3095	0.6249
305	2628	0.6249
305	1141	0.6249
305	1069	0.6249
305	1319	0.7841
305	403	-0.3612
305	513	0.7841
306	459	0.0
306	1366	-0.2115
306	1731	0.6249
306	1706	0.4715
306	432	0.913
306	404	0.6486
307	3658	0.9477
307	1211	0.4854
307	1194	0.6249
307	777	0.8316
308	3344	0.802
308	3603	0.6249
308	3565	0.3384
308	3455	0.4404
308	407	0.6249
309	2990	0.9282
309	412	-0.0772
309	548	0.9674
309	2128	0.3744
309	3139	0.8748
310	2393	0.8748
310	1715	0.9196
310	763	0.8399
310	1606	0.9337
310	2459	0.8748
310	647	0.8439
310	1144	0.9389
310	1081	0.9305
310	2399	0.9042
310	2577	0.7574
310	1511	0.9308
310	413	0.6697
310	737	0.9041
310	2662	0.8748
310	750	0.9485
310	2414	0.9191
310	431	0.8481
310	2274	0.9191
311	1545	0.8596
311	413	-0.9718
311	3556	0.1039
311	876	0.8625
311	3884	0.0
311	4512	0.6369
311	4388	0.6369
311	2851	0.6369
311	3403	0.9493
311	890	0.1531
312	455	0.9254
312	4404	0.6808
312	848	0.9001
312	416	0.7845
312	975	0.8161
312	454	0.9198
313	2621	0.0
313	418	-0.6124
313	608	0.4927
313	845	0.6486
314	1787	0.6249
314	464	0.6249
314	1480	0.4215
314	1672	0.5719
314	418	0.8316
315	4518	0.8316
315	1897	0.8247
315	2160	0.836
315	418	0.9896
315	1019	0.3069
315	1142	0.836
315	1304	0.6369
315	2712	0.9008
315	2147	0.2753
315	1236	0.3069
315	2148	0.2732
316	518	0.6249
316	729	0.6249
316	420	0.6249
316	922	0.6249
317	3238	0.7351
317	1725	0.4215
317	2826	-0.3607
317	3049	0.2732
317	421	-0.2617
318	1742	0.0
318	634	-0.662
318	2484	0.0
318	3323	0.9601
318	1352	-0.1779
318	2165	0.0754
318	422	-0.4136
318	2747	0.0
318	1301	0.0
318	4061	0.4215
319	1633	0.9735
319	2617	0.1027
319	2709	0.9923
319	499	0.1531
319	3505	0.992
319	425	0.8885
320	4281	0.6249
320	425	0.765
320	1098	0.6249
320	1095	0.7906
321	429	-0.8723
321	3743	0.9576
321	661	0.8481
321	685	0.9182
322	905	0.6249
322	425	0.8126
322	3208	0.9201
322	2049	0.886
322	2484	0.6249
323	4621	0.6369
323	720	0.296
323	431	-0.3412
323	1693	0.296
323	696	0.296
323	4383	0.6369
323	4541	0.6369
323	4536	0.296
323	4547	0.6369
323	4602	0.296
323	689	0.4927
323	2797	0.0
323	1396	0.4404
323	1225	0.296
323	4596	0.6249
323	706	0.296
323	4598	0.6369
324	875	0.6705
324	425	0.9609
324	1522	0.5927
324	793	0.6369
324	2736	-0.5927
324	3049	0.0
325	1069	0.4075
325	2220	0.5499
325	4082	0.9562
325	436	0.8609
326	3329	0.9442
326	875	0.9241
326	436	0.7519
326	2150	0.8074
326	1783	0.4642
326	1776	0.9956
327	4708	0.9625
327	710	0.7924
327	4148	-0.6106
327	4300	0.9898
328	581	0.4271
328	442	-0.6808
328	578	0.4271
328	4658	-0.3832
328	1814	0.8006
328	1823	0.8074
329	3141	0.1531
329	1871	0.8604
329	3937	0.9062
329	804	0.8689
329	2427	0.9118
329	723	0.9366
329	1761	0.8957
329	1718	0.0
329	2551	0.2732
329	2301	0.6705
329	448	0.6369
329	1314	0.946
329	3266	0.8934
329	769	0.9022
329	587	0.7579
329	801	0.8519
329	3112	0.1531
329	2415	0.9325
329	2954	0.4749
330	4376	0.95
330	1163	0.4404
330	4218	0.8577
330	1085	0.9216
330	4124	0.5927
330	449	0.9625
330	2266	0.5839
331	3166	-0.4577
331	841	0.0
331	3143	0.6486
331	453	0.7184
332	1711	0.6369
332	3528	0.8957
332	2884	0.7351
332	456	0.6249
333	531	0.7264
333	2562	0.4404
333	3632	0.4588
333	3900	0.3612
333	3304	0.3612
333	550	0.7264
333	456	0.7264
333	3471	0.3612
333	4517	0.7264
333	3764	0.3612
334	4077	-0.5106
334	2157	0.6249
334	630	0.6908
334	459	0.4005
334	4206	0.8481
334	3724	0.4404
334	4108	0.6597
334	889	0.6249
334	1552	0.3716
334	3728	0.8885
335	1076	0.9145
335	848	0.8126
335	461	0.0
335	2565	0.7579
336	3977	0.9665
336	3106	0.941
336	3835	-0.8861
336	4462	0.9178
336	1518	0.9733
336	2141	0.9453
336	4753	0.961
336	3513	0.7402
336	2955	0.9898
336	467	0.8966
337	4224	0.3506
337	470	0.3612
337	3404	0.6249
337	4472	0.8934
338	3035	0.2716
338	2266	0.0
338	3752	0.9186
338	2106	0.6369
339	1086	0.4939
339	2700	0.25
339	1144	0.9819
339	472	0.9408
340	477	0.8869
340	4022	0.6249
340	4014	0.4404
340	4023	0.8834
341	757	0.5859
341	4552	0.0
341	847	0.743
341	481	0.2732
342	483	0.9986
342	2711	0.9062
342	485	0.9856
342	3428	0.9783
342	2953	0.9929
342	1242	0.9264
342	3636	0.992
342	1136	0.9306
342	486	0.9974
342	3821	0.9817
342	1216	0.9894
342	1174	0.9899
342	3313	0.9952
342	498	0.997
342	630	0.9655
342	1682	0.9742
342	1918	0.9978
342	2674	0.9993
342	1213	0.9898
342	4293	0.9872
342	2770	0.9955
342	3134	0.9663
342	1707	0.9818
342	2176	0.9685
343	1411	0.9307
343	502	0.7481
343	1370	0.8979
343	817	0.9425
343	1641	0.8767
343	1459	0.5859
343	1828	0.9319
344	491	0.8591
344	4409	0.9246
344	4448	0.6249
344	3325	-0.3862
344	4041	0.6249
344	4118	0.7906
344	3659	0.7506
344	4075	0.9359
344	1585	0.7506
344	1751	0.8744
344	3155	0.6808
344	756	0.9725
345	3716	0.7713
345	1663	0.9655
345	851	0.296
345	499	0.0
346	3723	0.9954
346	4019	0.9958
346	842	0.3384
346	4094	0.9974
346	499	0.8687
346	4017	0.97
346	4110	0.9968
346	3865	0.9886
347	2373	0.5106
347	3476	0.5267
347	828	0.0
347	4605	0.2263
348	4539	-0.4215
348	1649	0.8481
348	1481	0.0
348	4533	0.0
348	2059	0.6249
348	509	0.6597
348	642	0.6808
349	2715	0.3612
349	2170	0.6312
349	2271	0.4404
349	511	-0.5267
349	1751	0.8051
349	1628	0.7506
350	3696	0.9841
350	2846	0.6798
350	3474	0.9679
350	3739	0.9412
350	3236	0.8568
350	514	0.0
350	2474	0.9013
350	3176	0.7975
350	1428	0.8822
350	2733	0.7351
350	2051	0.8027
350	2690	0.9894
350	2762	0.0
350	2394	0.7845
350	3976	0.959
350	3857	0.7504
350	3738	0.5988
350	2820	0.9499
350	2740	0.8481
350	3858	0.9463
351	1543	0.7264
351	1214	0.1779
351	3229	0.6249
351	2504	0.2263
351	1585	-0.7101
351	3228	0.6249
351	1512	0.7845
351	2619	0.6369
351	4177	0.6249
351	4009	0.6249
351	1263	0.9114
351	2585	0.6369
351	3338	0.3612
351	4711	-0.3182
351	1153	0.9231
351	515	0.6249
351	3020	0.6369
351	1208	0.0
351	4616	0.8519
352	3404	0.7269
352	1069	0.2732
352	1070	0.714
352	1709	0.0
352	518	-0.395
352	4257	0.963
352	1429	0.2382
353	1303	0.0
353	520	0.9532
353	2222	0.6486
353	4453	0.7003
353	1999	0.8481
353	4414	0.7351
354	1986	0.8519
354	2865	0.0508
354	3588	0.9238
354	527	0.2023
354	3592	0.6249
354	901	0.0
354	1500	0.8126
354	2314	0.3311
354	2881	0.6926
355	713	0.4867
355	3246	0.4867
355	1334	0.926
355	4538	0.4515
355	1919	0.4826
355	976	0.9448
355	2358	0.9537
356	3283	0.4404
356	1750	0.4404
356	1579	0.4404
356	536	0.4404
356	1275	0.4404
356	1784	0.4404
356	3586	0.4404
356	2139	0.4404
356	1140	0.4404
356	2947	0.4404
356	3449	0.4404
356	2615	0.4404
356	2599	0.4404
357	1666	0.2023
357	2965	0.8201
357	537	0.0
357	4018	0.4404
357	1500	-0.1531
357	4450	0.0
358	540	0.5927
358	538	0.8979
358	716	0.6901
358	4647	0.5413
358	2884	0.6697
359	4275	0.0
359	4058	0.8764
359	541	0.894
359	1648	-0.062
360	4343	0.8467
360	1743	0.0
360	3369	0.3542
360	843	0.9371
360	1232	0.0
360	542	0.4767
360	4239	0.0
361	659	0.885
361	4215	0.6168
361	4322	0.7845
361	554	0.3064
361	3753	0.5245
362	1003	0.296
362	3663	0.6249
362	1403	0.6249
362	1244	0.6249
362	1029	0.6249
362	561	0.8833
362	1441	0.6249
362	2687	0.6249
363	3262	-0.2173
363	1078	0.8834
363	2131	0.6369
363	594	0.8074
363	2257	0.8151
363	1225	0.6249
363	2889	0.7184
363	562	-0.2065
363	3612	0.4215
363	827	0.0992
363	4659	0.3716
363	2496	0.8573
363	2469	0.4215
364	566	0.659
364	2419	-0.4767
364	1827	-0.2558
364	1415	0.5909
364	1729	0.6249
364	2230	-0.0772
364	4167	-0.1779
364	1082	0.8779
364	2335	-0.4588
364	614	0.7845
364	2127	-0.2584
364	1164	0.796
364	2254	0.899
364	1840	0.81
364	1086	0.5719
365	3015	0.8076
365	2445	0.9802
365	567	0.9769
365	838	-0.6187
365	2671	0.6593
365	3858	0.9337
365	2792	0.8074
365	1502	0.769
365	1854	-0.4122
365	2017	-0.2023
366	650	0.9846
366	3702	0.979
366	1183	0.9313
366	3289	0.7269
367	2515	0.631
367	3681	0.9549
367	701	0.8181
367	1448	0.7579
367	3673	0.6124
367	2109	0.4274
367	3598	0.7574
368	2341	0.6249
368	3712	0.6249
368	2484	0.6249
368	2686	0.6249
368	3687	0.0
368	3616	0.6249
368	4047	0.7906
368	583	0.7717
368	3713	0.8957
368	3649	0.8519
368	3634	0.8402
368	2697	0.7906
368	2208	0.765
368	1500	0.91
368	3928	0.872
368	3847	0.8316
368	3978	0.4007
369	3000	0.34
369	2482	0.0
369	611	0.0
369	840	0.2263
370	4256	0.2732
370	893	0.886
370	588	0.5023
370	1368	0.7762
371	3122	0.8957
371	590	-0.1053
371	1176	0.8765
371	2357	0.7788
371	3892	0.2584
372	2594	-0.34
372	1290	0.5574
372	2651	0.8151
372	2265	0.6369
373	2761	0.8481
373	1409	0.3919
373	2944	0.8555
373	1504	0.6369
373	2089	0.7964
373	1981	0.4215
373	596	0.9674
373	1377	0.9118
373	1036	0.9246
373	1580	0.6369
374	3055	0.9708
374	1144	0.9735
374	1309	0.942
374	602	0.9535
374	3387	0.9936
374	1460	0.9735
374	3027	0.9362
374	1149	0.4629
374	3887	0.9747
375	1811	0.937
375	1659	0.4939
375	2177	0.9072
375	2859	0.9957
375	1756	0.9564
375	2732	0.9543
375	1357	0.9974
375	1107	0.9757
375	2612	0.9612
375	2911	0.9961
375	2613	0.9612
375	2228	0.5783
375	2616	0.7618
375	2564	0.4019
375	2775	0.9927
375	2674	0.9538
375	2199	0.7587
375	1616	0.9953
375	1655	0.8836
375	1598	0.8692
375	3011	-0.6603
375	3146	0.9573
375	2840	0.8622
375	2264	0.9446
375	1597	-0.8034
375	4100	0.9746
375	3823	0.9939
375	3126	0.6705
375	1141	0.9534
375	4609	0.4215
375	1736	0.9757
375	4622	0.9589
375	985	0.9432
375	1345	0.9793
375	1015	0.9542
375	3329	0.8382
375	1766	0.9672
375	2873	-0.4475
375	1334	0.8244
375	4528	0.4583
375	3096	0.9171
375	2378	0.9136
375	4028	0.8957
375	2518	0.9566
375	1656	0.3572
375	2781	-0.1027
375	2886	0.934
375	2980	0.8707
375	3001	0.8047
375	1592	0.9703
375	837	0.9909
375	1561	0.9922
375	4064	0.9774
375	3355	0.9813
375	2773	0.9505
375	2379	0.9625
375	1868	0.4404
375	1430	0.9259
375	2276	0.9752
375	2594	0.9091
375	3090	0.4404
375	2385	0.918
375	631	0.9883
375	4194	0.8277
375	1548	0.9872
375	3330	0.9667
375	1347	0.9793
375	2407	0.8779
375	976	0.2846
376	4540	0.6369
376	607	0.6369
376	1038	0.4805
376	747	0.6369
376	2297	0.6369
376	907	0.6369
376	4447	0.4577
376	4643	0.6369
376	1927	0.6369
377	3592	0.9468
377	1069	0.8514
377	4360	0.9471
377	608	0.9747
377	4165	0.9014
377	1649	0.81
377	1584	0.7351
377	3052	0.9216
377	2588	0.9423
377	2831	0.9216
377	1904	0.9571
377	1456	0.7351
377	1706	0.7351
377	1709	0.9216
377	916	0.9638
377	1469	0.9423
377	2509	0.9062
377	1987	0.9571
377	1505	0.9423
377	1468	0.9423
377	2542	0.9423
377	2660	0.8271
377	2719	0.9571
377	1264	0.9747
377	1285	0.9438
378	2200	0.8979
378	1604	0.85
378	1539	-0.2263
378	609	-0.6956
378	1388	0.6369
379	1143	0.8316
379	608	0.7184
379	1945	0.2247
379	3243	0.6369
379	2291	0.6759
379	1144	0.8316
379	791	0.8316
380	900	0.708
380	3255	0.1664
380	771	-0.0516
380	608	0.6249
381	2331	0.0
381	2409	0.7227
381	4200	0.9718
381	610	0.7717
381	4081	0.4767
382	3950	0.7003
382	612	-0.0008
382	4117	0.0
382	3154	0.2023
383	3778	0.457
383	3871	0.0
383	2081	-0.2523
383	1739	0.5719
383	2457	0.0
383	1658	0.6369
383	2152	0.4404
383	1828	0.4404
383	3432	0.765
383	806	0.4404
383	1077	0.4215
383	635	0.7964
383	2231	0.4404
383	1647	0.0
383	1046	0.6369
383	1146	0.4404
383	2287	0.4404
383	2680	0.4404
383	1069	0.4404
383	4614	0.6369
383	636	0.0
383	3805	0.5719
383	2711	0.0
383	4727	0.6369
383	2683	0.6249
383	1280	0.6369
384	665	0.9136
384	637	0.2936
384	4131	0.9682
384	767	0.566
385	3879	0.6369
385	920	0.7096
385	3047	0.0
385	4067	0.0
385	4474	0.0
385	3164	0.0
385	637	-0.2584
385	4264	0.0
385	3610	0.0
386	1624	0.4404
386	784	0.7351
386	4113	0.3612
386	643	-0.3612
386	1558	0.0
386	2921	0.968
387	3226	0.34
387	1542	0.6249
387	1559	0.0243
387	3955	0.9252
387	644	0.6249
387	1541	0.6249
388	905	0.4927
388	648	-0.2078
388	2776	-0.836
388	4462	-0.2031
389	1336	-0.1429
389	1004	0.7506
389	675	0.7778
389	649	0.6585
389	997	0.5859
390	652	0.3612
390	3647	0.4404
390	1339	0.0
390	3972	0.0
390	1570	0.4404
390	3918	0.4404
390	1037	0.3612
390	1096	0.1867
390	3813	-0.0772
390	1211	0.6478
391	1496	0.9595
391	653	0.9722
391	1674	0.9824
391	1129	0.9584
391	1495	0.9493
391	1801	0.9601
391	2215	0.9747
391	1156	0.9313
391	904	0.9716
391	2323	0.9738
391	2560	0.9847
391	1916	0.8948
391	1377	0.9902
391	1355	0.9901
391	1652	0.9855
391	1737	0.8747
391	1523	0.956
392	789	0.3932
392	3631	-0.093
392	3693	0.8494
392	653	0.8455
392	3643	0.7812
393	1380	0.8728
393	1202	0.4019
393	1681	0.7487
393	3988	0.0
393	3834	-0.4404
393	4202	0.2382
393	655	0.7335
394	1995	0.5106
394	1972	0.2374
394	3698	0.7996
394	4640	-0.4826
394	656	0.2382
394	2465	0.5563
394	2831	0.5119
395	3737	-0.5866
395	2204	0.8625
395	1431	0.0
395	658	0.0516
395	2218	0.891
396	662	0.886
396	3532	0.6705
396	3649	0.0
396	1203	0.5719
396	1755	0.5273
396	4217	0.0
396	2085	0.8047
396	4689	0.6249
397	2206	0.296
397	667	0.6249
397	2241	0.4404
397	1414	0.0
397	2202	0.4404
398	1908	0.6486
398	2696	0.8074
398	2246	0.6486
398	2637	0.4215
398	1619	0.6486
398	668	-0.2551
398	1910	0.6486
398	1032	0.8519
398	1615	0.7506
398	4123	0.6369
398	4745	0.8555
399	1529	0.0
399	1150	0.9442
399	1200	0.9136
399	1329	0.9442
399	1219	0.9941
400	4164	0.867
400	4011	0.8819
400	2764	0.9704
400	2867	0.9879
400	756	0.8673
400	3665	0.9904
400	3991	0.9926
400	2543	0.9813
401	753	0.5719
401	4079	0.0
401	2003	-0.5994
401	757	0.296
401	4278	0.296
401	4735	0.5801
401	719	0.296
402	2028	0.4754
402	2188	0.4754
402	1870	0.4754
402	4494	0.4754
402	4496	0.7178
402	677	0.4754
402	302	0.4754
403	3100	0.0
403	2604	0.5719
403	2342	0.8481
403	4673	0.0
403	3061	0.3612
403	1925	0.4754
404	677	0.6249
404	2398	0.8357
404	3547	-0.5532
404	800	0.6249
404	4152	0.9423
405	677	0.8572
405	4433	0.7351
405	693	0.8572
405	1837	0.9694
405	3165	0.9694
405	3361	0.9694
406	1752	0.9071
406	3946	0.6478
406	677	0.9331
406	971	0.9501
407	920	0.9081
407	677	0.873
407	1852	0.3612
407	2688	0.4404
407	3030	0.5313
408	2837	0.0
408	2879	-0.4215
408	678	0.6249
408	1938	0.8481
409	1627	0.712
409	4433	0.5574
409	1358	0.765
409	4432	0.8519
409	4231	0.4215
409	4246	0.7814
409	1108	0.9117
409	4199	0.9778
409	4147	0.9267
410	2204	0.4215
410	4516	0.4404
410	688	0.8779
410	2155	0.5719
410	4479	0.4215
410	3943	0.6666
410	1747	0.0
410	2185	0.6369
411	3962	0.7003
411	1693	0.5927
411	1867	0.3612
411	2354	0.8983
411	689	0.8846
411	693	0.6597
411	2163	0.9201
411	3458	0.4404
411	3039	0.6249
412	1369	0.9146
412	1264	0.9403
412	1436	0.7586
412	1544	0.9246
412	690	0.3612
413	1693	0.2732
413	4328	-0.4226
413	3453	0.7346
413	692	0.8714
413	1542	0.0
414	711	0.0
414	3989	0.8023
414	1433	0.0
414	693	0.9514
415	3117	0.4404
415	2580	0.4404
415	2916	0.4404
415	720	0.4404
415	694	0.4404
415	2929	0.4404
415	1464	0.0
416	1900	0.7579
416	1815	0.9552
416	1529	-0.3412
416	3130	0.0
416	1763	-0.5791
416	1030	-0.8858
417	3994	0.9144
417	1693	0.9793
417	699	0.8481
417	3400	0.8402
417	937	0.8442
418	2312	0.9231
418	701	-0.686
418	2755	0.9062
418	1745	0.9489
418	2031	0.9814
418	993	0.9335
419	1638	0.903
419	702	0.9628
419	4357	0.7003
419	2434	0.9465
420	4638	0.765
420	912	0.6249
420	1235	0.6249
420	709	0.6249
420	4563	0.765
420	929	0.6249
421	709	0.6249
421	1979	0.8655
421	2119	0.6369
421	4296	0.7574
421	1933	0.6249
421	943	0.6369
421	3084	0.6369
421	1099	0.6249
421	2591	0.659
421	2354	0.6369
421	2371	-0.0644
421	3525	0.8519
421	2056	0.6249
421	2788	0.4019
421	1045	0.659
421	2140	0.6573
421	1061	0.6369
421	3265	0.6249
421	4613	0.6249
421	4617	0.6369
422	709	0.6249
422	3493	0.8481
422	2789	0.6249
422	1268	0.6249
423	4459	0.2031
423	2441	0.7642
423	4546	0.3089
423	715	0.9454
423	2484	0.0016
423	2372	0.0
423	3286	-0.128
424	3123	0.6372
424	2811	0.7845
424	718	0.1265
424	4326	0.7906
424	2964	0.5927
424	2155	0.7351
425	1850	0.7269
425	720	0.2083
425	2969	0.6249
425	4082	0.7964
425	2441	0.6808
425	2990	0.7867
426	1309	0.4215
426	720	0.8534
426	964	0.4404
426	1943	0.6249
427	2179	0.6249
427	721	0.4404
427	1139	0.0
427	2026	0.4404
427	1103	0.0
427	2769	0.6249
427	3120	0.6249
427	974	0.4404
427	3098	0.6249
428	2546	-0.6249
428	1570	0.6369
428	2374	0.4588
428	1500	0.7902
428	723	0.0
428	2534	-0.3744
428	1043	0.8442
428	2378	0.7574
428	2235	0.4497
428	2156	0.3321
428	3751	0.4434
428	940	0.796
429	1781	0.7003
429	723	0.7717
429	4336	0.8176
429	3623	0.6369
430	1446	0.766
430	723	-0.3859
430	2448	0.9618
430	4361	0.3182
431	725	0.9413
431	2198	0.9022
431	2874	0.9466
431	2049	0.9774
431	3870	0.9771
431	4333	0.9797
431	1817	0.8481
431	3969	0.9636
432	2359	0.296
432	2321	0.765
432	2528	0.0
432	2361	0.3089
432	2664	0.6486
432	2103	0.6172
432	3919	-0.296
432	731	0.8271
432	2212	-0.34
432	2422	0.6705
433	1478	0.4404
433	2544	0.1747
433	2307	-0.8908
433	2760	0.8673
433	4308	0.0
433	735	0.9505
434	2324	0.7351
434	1502	0.8519
434	994	0.7902
434	1551	-0.2263
435	805	-0.6808
435	3619	0.941
435	741	-0.7343
435	1657	0.9477
435	831	0.976
435	884	0.9666
435	1990	0.9349
435	3577	0.9081
436	1718	0.6486
436	4180	0.8173
436	979	0.7269
436	1957	0.9015
436	745	0.8074
436	3321	0.4019
436	1721	0.0
436	3052	0.7425
436	2057	0.0
436	2107	0.6597
436	2844	0.4927
437	3952	0.6249
437	4241	0.5994
437	746	0.6041
437	1596	0.8442
438	3356	0.09
438	3191	0.9009
438	3489	0.7965
438	1719	0.9609
438	3707	0.3566
438	752	0.3182
438	3245	0.8426
438	3363	0.4187
438	4466	0.5719
439	3140	-0.1027
439	1048	0.631
439	3062	0.6406
439	2813	0.8977
439	1429	0.8288
439	1145	0.4497
439	2570	0.6249
439	2338	-0.374
439	1323	0.4914
439	756	0.1764
440	3180	-0.448
440	2603	-0.9313
440	1748	0.9694
440	756	0.9839
440	3294	0.8268
441	1900	0.7828
441	3689	0.9703
441	4138	0.7357
441	756	0.6289
442	756	0.8933
442	3023	-0.2425
442	1184	0.6369
442	2949	0.979
443	1425	0.4404
443	3056	-0.8351
443	2139	0.4215
443	993	0.34
443	3567	0.5927
443	3499	0.4716
443	2994	0.4215
443	1086	0.8622
443	766	0.4215
443	3756	0.926
444	1825	0.6249
444	3963	0.8408
444	2697	0.8687
444	2224	0.765
444	4433	0.9
444	1344	0.2732
444	772	0.9062
444	4668	0.8712
444	2689	0.5994
444	4211	-0.3998
444	2306	0.6369
444	3576	0.3071
444	2261	0.9707
444	1378	0.8248
444	3935	0.5994
444	3912	0.4404
445	1057	0.2023
445	3155	0.296
445	1950	0.5574
445	3313	0.7411
445	846	0.0
445	3621	0.4404
445	2353	0.4215
445	773	0.765
446	2045	0.8689
446	3703	0.4404
446	4385	0.9209
446	4463	0.9127
446	784	0.6249
447	2126	0.0258
447	968	0.8709
447	1587	-0.4215
447	2849	0.7574
447	2675	0.8221
447	790	-0.0534
447	2854	-0.2057
447	1765	0.1027
447	2137	0.6249
448	2506	0.9118
448	792	0.9154
448	2030	0.5719
448	813	0.1901
448	1408	0.875
448	4157	-0.2755
448	2628	0.7017
448	935	0.9709
448	3239	0.8312
449	1549	0.5719
449	1693	0.4404
449	3094	0.7906
449	794	0.5719
449	2042	0.886
449	2918	0.8481
450	2362	-0.893
450	2537	0.9724
450	793	0.9451
450	819	0.9381
450	2456	0.6369
451	2085	0.8271
451	1851	0.8271
451	1373	0.8271
451	1054	0.6124
451	1362	0.802
451	2048	0.8271
451	1316	0.802
451	1162	0.891
451	3223	0.8271
451	2493	0.8271
451	2096	0.8271
451	2801	0.8271
451	1211	0.8442
451	1175	0.6124
451	797	0.6249
452	3054	0.9652
452	4486	0.8658
452	2269	0.7574
452	2875	0.5071
452	807	0.3818
453	4664	0.0
453	4651	0.0
453	809	0.3384
453	1111	0.765
454	1462	0.7845
454	4390	0.6249
454	4128	0.2144
454	2956	0.8176
454	4156	0.7964
454	4140	0.7964
454	4090	0.9231
454	3320	0.836
454	3065	0.6249
454	1534	0.8545
454	3212	0.8519
454	2799	0.3612
454	2954	0.0152
454	4107	0.6369
454	3829	0.8313
454	3376	0.7755
454	2266	0.4215
454	3804	0.8481
454	4229	0.3182
454	2779	0.8176
454	4084	0.6369
454	2333	0.6249
454	3282	0.6908
454	4250	0.8004
454	4555	0.6249
454	4298	0.8685
454	4407	0.7269
454	4419	0.6249
454	4249	0.7269
454	4245	0.7269
454	2270	0.8402
454	4212	0.8795
454	1945	0.7906
454	3507	0.8416
454	2541	0.0
454	1741	0.9202
454	1697	-0.1655
454	4304	0.6369
454	4434	0.6249
454	1463	0.802
454	2934	0.8555
454	3048	-0.6705
454	4452	0.8737
454	2721	0.7096
454	809	0.2732
454	1152	0.2732
455	822	0.3919
455	2715	0.4927
455	3182	0.9751
455	812	0.0516
456	2225	0.8316
456	818	0.6249
456	3292	0.8481
456	2449	0.6249
456	2966	0.9187
456	1067	0.3384
456	2911	0.9686
456	899	0.3384
457	3424	0.3724
457	4406	0.7645
457	3868	0.3384
457	839	0.4588
457	4401	0.3962
457	2281	0.4588
457	1936	0.5154
457	2210	0.3384
457	4038	0.0
458	2533	-0.6119
458	1557	0.969
458	1655	0.5785
458	844	0.9706
458	906	0.9271
459	3958	0.872
459	3131	0.0
459	1521	0.7425
459	719	0.6249
459	4255	0.7736
459	705	0.6249
459	4149	0.3612
459	845	0.5994
460	1064	0.4404
460	1287	0.2023
460	1075	0.6249
460	1921	0.5574
460	1128	0.296
460	848	0.4404
461	1911	0.4404
461	916	0.4404
461	849	0.1027
461	4307	0.8074
461	3817	0.0
461	2775	-0.1027
461	945	0.85
461	1756	0.0
461	1855	0.0
461	898	0.6097
462	852	0.7964
462	3967	0.875
462	4196	0.8519
462	3269	0.9402
462	3845	0.8591
463	2294	0.9216
463	2386	0.4404
463	3125	0.9531
463	853	0.9217
463	4023	0.8225
464	1032	0.8032
464	910	0.6597
464	875	0.5423
464	1984	0.9735
465	1192	-0.5688
465	2111	0.875
465	949	0.5423
465	2802	-0.2846
465	2801	0.8982
465	2442	0.9112
465	1009	0.6486
465	962	0.0
465	1930	0.6908
465	2443	0.7003
465	1026	-0.7709
465	938	0.9584
465	880	0.7906
466	3897	0.7351
466	1087	0.5267
466	3057	-0.3326
466	882	0.836
466	3932	0.6369
466	920	0.2732
466	2881	0.3182
466	3414	0.9319
467	2353	0.2732
467	3049	0.2732
467	1925	0.2732
467	2766	0.6597
468	2433	0.9682
468	4355	0.0
468	931	0.6597
468	1490	0.6908
469	2907	0.6722
469	2466	0.999
469	4439	0.7783
469	1735	0.4495
469	2430	0.9933
469	896	0.7543
470	1067	0.2263
470	4315	0.5719
470	4545	0.8439
470	4145	0.5719
470	3736	0.5256
470	3227	0.7906
470	4526	0.2263
470	4499	0.2263
470	2924	0.0
470	899	0.2263
470	1467	0.9519
471	904	0.6249
471	1393	0.6249
471	2267	-0.8144
471	1471	0.6249
471	2658	0.6249
471	1969	0.8268
471	1654	0.6249
472	1906	0.7684
472	3886	0.0
472	3697	0.2228
472	904	0.8979
473	2700	0.9254
473	4345	0.9589
473	905	0.6571
473	1390	0.6249
474	1097	0.8943
474	990	-0.4951
474	908	0.9589
474	997	0.3792
474	1521	0.8126
475	2464	0.2732
475	2815	0.3612
475	909	0.7579
475	3822	0.765
476	4582	0.3612
476	2937	0.8107
476	3204	0.8458
476	2570	0.1779
476	910	0.4621
476	1878	0.0
476	4635	0.0
477	1364	0.9529
477	3840	0.9839
477	910	0.9882
477	1173	0.9313
477	1301	0.92
477	1476	0.9129
478	927	0.9149
478	4417	0.9798
478	913	0.9954
478	1014	0.9915
478	967	0.658
479	2012	0.8555
479	3940	0.6369
479	2754	0.8555
479	1585	0.3612
479	916	0.8519
480	1268	0.7844
480	2186	0.6249
480	1894	0.6361
480	4201	0.5106
480	2124	0.5984
480	920	0.4927
481	2797	0.6369
481	2862	0.9765
481	925	0.7212
481	3775	0.7024
482	926	-0.3919
482	2987	0.8428
482	1698	-0.3412
482	1915	0.9349
483	933	0.8586
483	2930	0.8586
483	3535	0.9371
483	1618	0.8555
483	2084	0.872
484	2448	-0.4449
484	934	0.6267
484	2879	0.6249
484	2147	0.5994
484	2863	0.8957
484	2866	0.4201
484	3174	0.8979
484	2909	0.6249
484	2910	0.6369
485	2119	0.4215
485	2097	0.4404
485	2123	0.6369
485	1976	0.4215
485	1906	0.0
485	939	0.4215
486	3065	0.9592
486	3069	0.9803
486	3104	0.9834
486	940	0.9668
486	4677	0.9803
486	2995	0.9698
487	3892	0.9796
487	947	0.6249
487	3864	0.6249
487	1797	0.6249
488	2698	0.7549
488	3300	0.7717
488	3418	0.802
488	951	0.7351
488	3430	0.9531
488	2243	0.8433
488	2238	0.8439
489	2201	0.7783
489	2057	-0.5216
489	1636	0.4404
489	1609	0.0
489	1634	0.0
489	1635	0.6808
489	1487	0.5165
489	1321	-0.5216
489	953	-0.296
489	2589	0.2263
490	2397	0.0
490	4506	0.6249
490	3255	0.6213
490	2656	0.6249
490	1053	0.0516
491	4021	0.8846
491	1839	0.9118
491	4334	0.9289
491	3537	0.921
491	3836	0.9359
491	963	0.8742
491	1296	0.9239
491	4400	0.6369
492	965	0.6816
492	1719	-0.7551
492	2973	0.9217
492	2694	0.8782
492	2949	0.0516
492	2937	0.34
493	3921	0.8883
493	1001	0.3693
493	3620	0.529
493	4370	0.6808
493	4227	0.9226
493	3483	-0.7832
493	3493	0.6369
493	3601	0.2732
493	3613	0.0
493	991	0.9934
493	3003	0.5112
493	980	0.7667
494	1252	0.3919
494	983	0.6249
494	3249	0.4215
494	3883	0.0
495	4132	0.8655
495	2110	-0.8555
495	1257	0.7003
495	1585	0.2023
495	984	0.2023
496	985	-0.9907
496	1766	0.631
496	1737	0.8562
496	1345	0.9103
496	1847	0.933
496	2653	0.9889
496	1811	0.7587
496	1007	-0.0808
496	2385	0.9852
496	1736	0.8689
496	1592	0.9434
496	2556	0.9571
496	1689	0.9554
496	4225	0.9571
496	995	0.9474
496	1240	-0.5163
496	2264	0.925
496	1347	0.8467
496	1862	0.9785
496	1107	0.7506
497	2600	0.5719
497	1700	0.8258
497	1017	0.7178
497	992	0.5719
497	3891	0.4201
498	2197	0.9654
498	1949	0.9665
498	1001	0.9816
498	1041	0.9824
499	3841	0.8599
499	1664	0.4215
499	1220	-0.1779
499	1000	-0.09
500	3321	0.6249
500	1677	0.6249
500	1489	0.431
500	3561	0.4404
500	3943	0.431
500	4139	0.4404
500	1936	0.4404
500	1007	0.6249
501	2752	0.4404
501	1010	0.4404
501	4240	0.4404
501	3155	0.4404
502	1185	0.9623
502	1011	0.9723
502	2679	0.9371
502	2306	0.962
503	1025	0.3384
503	4063	0.8126
503	3039	0.4404
503	1360	0.9299
503	1289	0.6249
504	1353	0.8249
504	1985	0.8176
504	1027	0.9525
504	2659	0.8931
504	1690	0.8968
504	1152	0.9097
505	4661	0.0
505	1255	0.8519
505	1028	0.9571
505	2165	0.0
505	1300	0.8481
506	2430	0.4215
506	1033	0.3612
506	1464	0.4215
506	1632	0.3182
506	2897	0.4215
506	2756	0.7964
506	1891	0.0
507	4247	0.8016
507	2136	0.8622
507	1035	0.7841
507	1348	0.8908
508	1038	0.9721
508	2801	0.9472
508	2991	0.9923
508	2416	0.9629
508	3475	0.8806
508	2763	0.9778
508	3679	0.8316
508	4052	0.882
508	1980	0.8801
508	2073	0.6297
508	2456	0.7317
508	3479	0.9834
508	2827	0.9885
508	3434	0.9294
508	3720	0.9792
508	3581	0.9927
508	3071	0.8587
508	3641	-0.5528
508	3177	0.9294
508	3683	0.9802
508	3463	0.4922
508	1928	0.9485
508	2955	0.9749
509	1352	0.6369
509	2810	0.0
509	1920	0.6369
509	1253	0.6369
509	3092	0.6369
509	4619	0.8481
509	4587	0.6369
509	4331	0.8481
510	3483	0.2732
510	2267	0.7003
510	3925	0.6249
510	2829	0.0
510	2684	0.5719
510	1335	0.89
510	1247	0.89
511	4012	0.4303
511	2364	0.9758
511	2885	0.971
511	4441	0.9686
511	4310	0.9931
511	2822	0.9017
511	3487	0.9892
511	3812	0.9969
512	1232	0.8016
512	1295	0.2428
512	1072	0.8777
512	1105	0.9246
512	1055	-0.7583
513	2771	0.8439
513	2099	0.8519
513	1249	0.915
513	1058	0.7841
513	2519	0.7845
513	1893	0.891
513	2075	0.8807
513	2038	0.5719
513	2838	0.7906
513	2576	0.6249
514	3932	0.7003
514	4295	0.765
514	4420	0.9434
514	4372	0.765
514	3587	0.765
514	4433	0.9081
514	3970	0.5719
514	4337	0.8126
514	3740	0.875
514	4385	0.4404
514	3782	0.9073
514	3305	0.7996
514	4053	0.7841
514	3944	0.0
514	1063	0.7351
515	1063	0.9246
515	4507	0.8479
515	4141	0.5357
515	1429	0.9815
515	2860	0.8824
515	3369	-0.4508
516	2703	0.3612
516	1080	0.5719
516	3099	-0.2263
516	4302	-0.6544
517	3121	0.1018
517	3332	-0.4201
517	1692	0.9184
517	3062	0.8519
517	2266	0.3818
518	2913	0.8519
518	1086	0.0
518	4113	0.8519
518	4083	0.6249
519	4179	0.7003
519	1915	0.9565
519	1814	0.9413
519	1089	0.8977
519	2530	0.7906
520	4135	0.5859
520	3069	0.4094
520	1643	0.872
520	1089	0.5719
521	1090	0.8519
521	1852	0.8519
521	3349	0.8519
521	1352	0.8519
521	3335	0.8519
522	3637	0.9406
522	2810	0.9633
522	1089	0.9312
522	3754	0.8176
522	1796	0.9468
523	1094	0.9413
523	2654	0.9696
523	3022	0.9696
523	1665	0.923
523	4304	0.9552
523	2417	0.9897
524	1229	0.9118
524	1101	0.9663
524	1178	0.4194
524	1288	0.9372
524	1212	0.9118
525	3767	0.5719
525	1114	0.6249
525	3540	0.4404
525	4291	0.6249
525	2711	0.4404
525	2273	0.6249
525	4688	0.5719
525	3710	0.6486
525	1705	0.5719
525	1472	0.4404
526	3849	0.0
526	4113	0.0
526	3962	0.4215
526	1114	0.0772
526	4354	0.0
526	4133	0.0
526	2609	0.4215
526	4356	-0.3412
526	3103	0.0
526	4666	-0.2755
527	2232	0.6249
527	1722	0.9136
527	4371	0.5719
527	3855	0.6369
527	1122	-0.0258
528	2540	0.9524
528	1180	0.9595
528	3490	0.5719
528	2652	0.8542
528	3940	0.0
528	3041	0.2023
528	3680	0.9581
528	3591	0.6249
528	1556	0.93
528	2398	0.5719
528	2135	0.2732
528	4509	0.8402
528	1124	0.8402
528	1733	0.0
528	3619	0.8248
529	2219	0.6249
529	3443	0.296
529	3664	0.5719
529	2118	0.6249
529	3213	0.6249
530	1877	0.4588
530	1688	0.0
530	3761	0.6597
530	1129	0.6249
531	4184	0.4404
531	3862	0.0
531	2164	0.3182
531	1130	0.3182
531	2161	0.0
531	3455	0.4215
531	4326	0.4215
532	4421	0.9167
532	3390	-0.0803
532	3293	0.584
532	1782	0.6249
532	2173	0.7845
533	2963	0.9944
533	2303	0.9394
533	4035	0.9934
533	2261	-0.6786
533	4059	0.9823
533	4162	0.9755
533	1139	0.99
534	3419	0.8316
534	4221	0.9381
534	2030	0.443
534	2034	0.443
534	4634	0.6249
534	996	0.6249
534	4521	0.443
534	1141	0.6249
535	261	0.0
535	2396	0.0
535	1144	0.8481
535	1418	0.0
536	1149	0.6249
536	2971	0.6249
536	4591	0.6249
536	2378	0.6249
537	1159	0.0
537	3035	0.6249
537	4631	0.5719
537	2975	0.6249
537	1267	0.0
538	280	0.6249
538	1585	0.0
538	1882	0.9001
538	4489	0.6249
538	1161	0.0
538	4160	0.9577
539	3255	0.0772
539	2201	0.4754
539	1189	0.4404
539	1896	0.1967
539	1905	0.4754
539	1842	0.4754
539	1161	0.4404
539	4144	0.6361
540	1166	0.6249
540	3814	0.8702
540	3922	0.6249
540	3971	0.5958
540	3991	0.765
540	3609	0.7717
541	3521	0.7402
541	2735	0.3818
541	3313	0.9545
541	3658	0.5994
541	3704	0.995
541	1169	-0.359
541	2525	0.9319
541	2756	0.6366
541	3284	0.9804
541	3688	0.9825
541	2699	0.8302
541	2298	0.9745
541	2728	0.968
541	3564	0.9938
541	3630	0.8894
541	2058	0.92
541	1794	0.9216
541	2841	0.993
541	1800	0.7801
541	3690	0.9829
541	2824	0.9931
541	3160	0.9297
541	2915	0.9536
541	1318	0.9766
541	2997	0.968
541	2608	0.8402
541	2762	0.9773
541	3882	0.9627
541	2717	0.9854
541	2236	0.987
541	2864	0.9804
541	2893	0.9286
541	2988	0.9925
542	1886	0.765
542	4188	-0.1477
542	1407	-0.0527
542	1172	0.8126
542	1379	0.787
543	3057	0.0
543	1466	0.0
543	3192	0.8316
543	2443	0.0
543	3356	0.765
544	2410	0.2382
544	1500	0.7845
544	3692	0.6249
544	2343	0.8196
544	1180	0.0
545	1332	0.4404
545	3592	0.4404
545	4045	0.4754
545	3933	0.4215
546	3193	0.6486
546	1836	0.8752
546	1185	0.6249
546	1232	0.4588
546	2248	0.9274
547	4732	0.5719
547	1189	0.0
547	4098	0.0
547	3939	0.5719
548	1193	0.9274
548	3039	0.8658
548	2757	0.5994
548	1222	0.6705
548	1784	0.8074
548	1365	0.3818
549	1196	-0.7881
549	2813	0.6249
549	3045	0.6249
549	3687	0.6249
549	3758	0.6249
549	3481	0.6249
549	3595	0.6249
550	2896	0.6369
550	1211	0.6249
550	1758	0.6249
550	2020	0.6249
550	1760	0.6249
550	1198	0.296
551	3125	-0.128
551	2336	0.1154
551	3460	-0.296
551	2950	-0.4019
551	1856	0.4703
551	3042	0.926
552	4573	0.4215
552	3876	0.9978
552	4232	0.953
552	3586	0.6901
552	4136	0.9532
552	2829	-0.553
552	1205	0.0
552	3802	0.7312
552	4238	0.807
552	4219	0.714
552	3493	0.7346
552	1250	0.8481
552	2266	0.7057
552	3796	0.8442
553	4736	0.7717
553	1237	-0.1383
553	1299	0.8519
553	1473	0.6369
553	4584	0.5829
553	1209	0.4215
553	2831	0.6249
553	2166	0.6369
554	4030	0.296
554	4192	0.0
554	4191	0.0
554	4039	0.5267
554	3539	0.7906
554	2555	0.2924
554	3999	-0.5574
554	3336	-0.0516
554	4083	0.4588
554	3059	0.8402
554	3036	0.6319
554	1228	0.0
554	4182	0.3384
554	3230	0.6319
554	3019	-0.6808
554	4108	0.2023
554	2418	0.2263
554	3877	0.1154
554	1312	0.3384
554	4074	0.7782
554	1784	0.3089
555	3456	0.2255
555	3328	0.6124
555	1843	0.8648
555	3371	-0.0258
555	4263	0.6808
555	1230	0.3818
555	2410	0.7269
555	3825	0.8402
555	1283	0.9246
556	4625	0.4215
556	1231	0.4404
556	2571	0.8758
556	4644	0.296
556	4715	0.7845
557	3553	0.9951
557	1241	0.9927
557	1873	0.9818
557	3496	0.9637
557	3221	0.9806
557	3515	0.9509
558	2848	0.4404
558	1244	0.2023
558	2282	0.0
558	3914	0.0
559	2827	0.926
559	3181	0.6249
559	1839	0.6249
559	1254	0.9705
559	3256	0.4927
559	2412	0.9562
559	1500	0.5542
559	3167	0.6249
559	2121	0.6249
559	3582	0.0
560	1625	0.6369
560	2353	0.9818
560	1572	0.0
560	3424	0.5719
560	3879	0.4019
560	1261	0.6479
560	1798	0.6249
561	1486	0.7351
561	4620	0.1506
561	2143	0.7087
561	1263	0.7906
561	1506	0.296
561	1857	0.872
561	1891	0.7087
561	3655	0.9039
561	4193	0.8271
561	1753	0.5423
562	4026	0.9081
562	1783	0.6808
562	1774	0.5482
562	2505	0.5994
562	1834	0.7606
562	3311	0.2732
562	1264	0.7778
563	2897	0.9194
563	2390	0.6249
563	1266	0.9239
563	2646	0.8271
563	1726	0.6597
564	4435	0.9973
564	1391	0.9343
564	1268	0.2406
564	4013	0.4404
565	4680	0.2732
565	3053	0.2732
565	1575	0.2732
565	2650	0.2732
565	2771	0.2732
566	1648	0.0
566	1274	0.9664
566	1486	0.7003
566	1540	0.7003
567	1617	0.7549
567	3987	0.6369
567	1649	0.5719
567	1276	0.5574
568	1569	0.9093
568	1661	0.6249
568	4395	0.836
568	1275	0.8271
568	1746	0.2382
568	4458	0.6369
569	1648	0.0
569	1282	0.1406
569	1966	0.8778
569	1585	0.0516
570	3377	0.9919
570	3343	0.4404
570	3066	0.8777
570	3334	0.6757
570	3364	0.9978
570	4220	0.7184
570	2521	0.9298
570	2663	0.5574
570	3391	0.9559
570	2332	0.9499
570	3381	0.9916
570	3393	0.9955
570	3005	0.9936
570	1470	0.6002
570	1291	0.6444
570	1389	-0.3043
570	3386	0.994
570	2489	0.995
570	3251	0.2801
570	3365	0.919
570	3389	0.9955
570	2322	0.939
570	3396	-0.2212
571	1631	-0.0857
571	3697	0.6697
571	1705	0.0
571	2432	0.4404
571	1293	0.9413
572	4629	0.836
572	1512	0.836
572	970	0.836
572	4610	0.836
572	4594	0.6249
572	4628	0.836
572	3595	0.8934
572	4590	0.4404
573	3626	0.7764
573	3887	0.4215
573	4606	0.7764
573	3881	0.7764
573	1298	0.6369
574	3287	0.9676
574	1299	0.7793
574	3839	0.0
574	3307	0.9215
575	1304	0.8908
575	1417	0.6697
575	2476	0.6369
575	1830	0.8873
576	1519	0.9547
576	1959	0.8979
576	4599	0.9246
576	3007	-0.7431
577	3088	0.9874
577	4358	0.9231
577	3501	0.6823
577	1311	0.4651
578	3726	0.9152
578	4024	0.9399
578	4411	0.8519
578	4251	0.9815
578	4424	0.7096
578	2376	0.8126
578	3991	0.9259
578	4352	0.6249
578	1318	0.4939
578	4435	0.8555
578	3109	-0.713
578	3645	0.9393
578	2969	0.7003
578	3618	0.6369
578	2425	0.9268
578	4408	0.8126
579	4720	0.8225
579	4384	-0.631
579	1321	0.0
579	1395	0.9349
580	4139	0.9524
580	3549	0.8402
580	4119	0.4968
580	4208	0.7311
581	4588	-0.296
581	1328	0.4588
581	4597	0.6249
581	4592	0.5994
582	4095	0.6369
582	4422	0.7506
582	4604	0.0
582	1330	0.4404
582	3794	0.4404
582	2850	0.0
582	3945	0.5423
583	1562	0.9968
583	2435	0.9973
583	2261	0.9932
583	3874	0.997
583	1331	0.9965
583	1488	0.9931
583	1345	0.9916
583	1874	0.9931
583	1548	0.995
584	2139	0.3384
584	1668	0.4404
584	1631	0.296
584	3486	-0.2944
584	1404	0.9652
584	1335	-0.296
585	3261	0.6249
585	3965	0.7906
585	2066	0.6249
585	3644	0.6249
585	4306	0.6249
585	1997	0.6249
585	3013	0.6249
585	3703	0.8519
585	2586	0.6249
585	3519	0.8519
585	2716	0.9397
585	3602	0.6249
585	2940	0.6249
585	3442	0.8519
585	1352	0.6249
586	2635	0.9917
586	3014	0.9804
586	1352	0.9484
586	4190	0.8705
587	1600	0.7109
587	3271	0.5859
587	1500	0.839
587	2837	0.8734
587	2745	0.9432
587	2147	0.3182
587	2632	0.9761
587	1803	0.5768
587	4158	0.8871
587	1361	0.9527
587	3524	-0.5414
587	2765	0.9371
588	2586	0.0
588	2522	0.6249
588	2520	0.6249
588	1374	0.6249
588	4693	0.0
588	2481	0.6249
588	4210	0.6249
589	2486	0.7964
589	1376	0.4754
589	1427	0.7906
589	4653	0.6908
589	4626	0.4215
589	1694	0.8979
589	1421	0.2247
590	3123	-0.0579
590	2951	0.9087
590	1376	-0.2023
590	3024	0.9438
590	3719	0.8553
591	1379	0.0
591	4235	0.3506
591	1500	0.8519
591	2292	0.8519
591	3148	0.802
592	2797	0.9042
592	4660	0.4215
592	1693	0.9042
592	4672	0.4215
592	2658	0.4754
592	2968	0.7964
592	2240	0.4215
593	1787	0.5719
593	1513	0.0
593	1390	0.6369
593	2326	0.5719
593	4562	0.6249
594	2644	0.808
594	1396	0.5267
594	1479	0.3434
594	4324	0.7832
595	1967	0.0
595	4360	0.0
595	2326	0.9413
595	1407	0.6249
595	2600	0.7351
595	2601	0.192
595	4729	-0.3578
595	3998	0.9153
596	3374	0.8481
596	3380	0.9259
596	3368	0.8934
596	4088	-0.755
597	3825	0.8519
597	3710	0.6249
597	3391	0.6808
597	3008	0.6478
597	3556	0.6423
597	1419	0.743
597	2833	0.2263
598	3153	0.4215
598	1926	0.8316
598	1940	0.0
598	2266	0.8016
598	1423	0.8342
599	4575	0.9638
599	4574	0.9638
599	1978	0.9985
599	1437	0.8789
599	1447	0.9931
600	2008	0.6249
600	1988	0.6249
600	1640	0.6249
600	1448	0.6249
601	2065	-0.81
601	1454	0.9298
601	1506	0.822
601	3320	0.9644
601	3312	-0.8764
601	4733	-0.7663
601	4426	0.8625
601	3592	-0.2144
601	4548	0.4019
601	3378	0.7574
602	2759	-0.8827
602	4040	0.9704
602	1460	-0.7506
602	2797	0.8831
602	4101	0.9906
603	2513	0.0
603	4399	0.6249
603	4743	-0.3818
603	2510	0.6249
603	2584	0.631
603	4360	0.6486
603	4204	0.4939
603	1469	0.6249
604	3648	0.6249
604	381	0.6249
604	3063	0.4404
604	4016	0.6249
605	1485	0.7759
605	1470	0.6249
605	4482	0.6249
605	2895	0.6249
605	2043	0.0
606	3586	0.7096
606	4342	0.6369
606	4433	-0.4782
606	4459	0.2382
606	3722	0.6249
606	4054	0.6249
606	3594	0.6249
606	3493	0.6249
606	3169	0.6249
606	4341	0.5106
606	1501	0.7003
607	1502	-0.1184
607	2579	0.9322
607	3625	0.9322
607	1889	0.9322
608	1531	0.6249
608	3558	0.6249
608	3214	0.1999
608	3437	0.6249
609	2468	0.6249
609	1550	0.7783
609	2926	0.886
609	2325	0.6249
610	2030	-0.3523
610	4065	0.5233
610	3218	0.1648
610	4750	0.4767
610	4155	0.4215
610	4353	-0.2023
611	1583	0.8834
611	1881	0.7964
611	1938	0.3182
611	2318	0.6369
611	2642	0.802
612	2744	0.9139
612	1585	0.7906
612	1855	0.9106
612	4153	0.91
612	3701	0.3274
613	1661	0.5719
613	2130	0.3384
613	2943	0.4754
613	3961	0.5719
614	1585	0.6249
614	1785	0.8765
614	2022	0.0
614	3206	0.8481
614	2993	0.6249
615	4226	0.8519
615	2015	0.9209
615	4380	0.9683
615	2067	0.9709
616	2793	0.8687
616	2842	0.6597
616	1937	0.5719
616	2641	0.8519
616	2941	0.7003
616	1585	0.9169
616	2581	-0.6249
617	1835	0.9603
617	3833	0.9652
617	1899	0.5222
617	2088	0.4927
617	2295	0.8514
618	1594	0.5719
618	3350	0.6638
618	4702	0.5719
618	1336	-0.3865
618	4740	0.5719
618	1649	0.5719
618	4175	-0.7626
618	2182	0.5719
618	1632	0.5719
619	2524	0.6249
619	2261	0.9074
619	2268	0.6249
619	2903	0.6249
619	4583	0.6249
620	2626	0.9732
620	3146	0.9988
620	2159	0.9666
620	1995	0.9403
620	2575	0.9261
620	2985	0.936
620	2023	0.994
621	4437	0.6249
621	4374	0.8271
621	1629	0.3321
621	4107	0.7003
622	1925	0.6124
622	3110	-0.3804
622	4068	0.8442
622	4430	0.8442
622	1662	0.0693
622	4529	0.6124
622	2495	0.6124
623	2130	-0.6829
623	1666	0.6314
623	1837	0.93
623	1965	0.3182
624	1678	0.4838
624	3980	-0.2924
624	3348	0.802
624	4321	-0.3724
624	4169	0.7227
624	4543	-0.4767
624	4208	0.8653
624	3359	-0.4767
624	3987	0.0
625	2208	0.296
625	2804	0.4404
625	2229	0.296
625	1679	0.0
625	2191	0.296
626	2914	0.9839
626	2706	0.9179
626	2277	0.6467
626	2960	0.8708
626	2872	0.8742
626	3113	0.9835
626	2681	0.9648
626	2285	0.9761
626	3127	0.7317
626	2351	0.9191
626	2105	0.9568
626	2669	0.9943
626	2825	0.9412
626	2967	0.9023
626	2276	0.984
626	3821	0.9823
626	2767	-0.4748
626	3118	0.9794
626	2360	0.9767
626	2492	0.743
626	1689	0.427
626	2743	0.0937
626	2683	0.9818
626	2835	0.9783
627	3662	0.9019
627	2770	-0.5994
627	2182	0.8316
627	3755	0.2992
627	2846	0.93
627	4178	0.9008
627	2273	0.8727
628	2614	0.9127
628	3957	0.953
628	3846	0.9274
628	3924	-0.0258
628	1709	0.6705
628	2171	0.9268
629	2353	0.4404
629	3856	0.5574
629	1716	0.5719
629	2227	0.8519
630	1788	0.4404
630	1724	0.2732
630	3037	0.4404
630	2472	0.4404
630	3310	0.6369
630	1837	0.4404
630	3273	0.4927
630	2785	0.4404
630	3235	0.4927
631	2347	0.7147
631	1727	0.7717
631	2697	0.7089
631	2077	0.6249
632	2714	0.0
632	1742	0.6597
632	4252	0.0
632	4432	0.836
632	3907	0.7147
632	3052	0.0
633	4632	-0.0752
633	3155	0.6369
633	2001	0.7351
633	2603	0.6249
633	1750	0.8072
633	1784	0.765
634	2386	-0.7391
634	1751	0.2023
634	2389	0.8297
634	2460	0.629
635	2727	0.9731
635	1902	0.5719
635	2834	0.5719
635	1754	0.5719
636	4214	0.807
636	3522	0.5267
636	1781	-0.7717
636	3277	0.0
636	4444	0.8271
636	3256	0.743
636	2190	0.8872
636	2958	0.0
637	1787	0.6478
637	1783	0.7138
637	2701	0.1265
637	1797	0.8437
637	2644	-0.2057
638	4077	0.7269
638	4657	0.5346
638	4522	-0.1027
638	4371	0.0
639	4029	0.4404
639	1784	0.7906
639	3952	0.0
639	2481	0.3818
639	2003	0.4404
639	2939	-0.2732
640	4618	0.25
640	1787	0.4215
640	4033	-0.1289
640	1204	0.25
641	1792	0.886
641	2261	0.7906
641	3549	-0.6997
641	2491	0.4927
642	1861	0.796
642	4445	0.9345
642	1956	0.8074
642	1804	0.2263
642	3595	0.1506
642	1795	0.9007
642	4713	0.5965
642	3604	-0.269
642	3541	0.4404
642	3799	0.9587
642	2092	-0.269
642	2657	0.8555
643	3930	0.7906
643	1836	0.6249
643	3439	0.4404
643	2530	0.7906
643	3864	0.4404
643	3700	0.7906
643	3331	0.6249
643	2996	0.4404
643	4656	0.4404
643	1797	0.4404
643	4701	0.3612
643	2727	0.4404
643	1867	0.4404
643	4577	0.4215
643	4697	0.4404
643	1941	0.7906
643	4710	0.7906
643	3187	0.4404
643	1872	0.7906
643	3545	0.4404
643	461	0.3612
643	3337	0.4404
643	2273	0.4404
643	2876	0.3612
643	2094	0.6249
643	4674	0.4404
644	4655	0.5719
644	4314	0.7906
644	1822	0.1928
644	3467	0.4019
644	3904	0.4215
644	3706	0.8481
644	4062	0.8555
644	4364	0.6249
645	2720	-0.1406
645	3435	0.8517
645	3678	0.9935
645	2015	0.7579
645	2450	0.9242
645	3699	0.9801
645	4278	0.9061
645	2570	-0.1027
646	1906	0.9382
646	4387	0.6369
646	4410	0.6369
646	1849	0.8442
646	4386	0.6369
647	3454	0.3182
647	3010	0.3182
647	2775	0.0
647	2749	0.0
647	1858	0.0
647	2430	0.8847
647	4705	0.6597
647	2479	0.0
647	3271	0.5859
647	2193	0.5719
647	2187	0.0
647	2898	0.0
648	2199	0.4939
648	3906	0.4588
648	1864	0.0
648	2072	0.0
648	3861	0.5994
649	3133	0.765
649	3529	0.6249
649	1872	0.765
649	1870	0.6249
650	4648	0.6249
650	2683	0.4404
650	3065	0.6249
650	2507	0.0
651	1876	0.5994
651	4405	0.6369
651	3280	0.6249
651	2283	0.4215
651	3701	0.0
651	2516	0.4215
651	4721	0.4215
651	3569	0.6249
651	3837	0.4215
652	2205	0.9441
652	1880	0.0
652	1999	0.8965
652	3518	0.9449
652	3158	0.0
652	3790	0.5106
652	2935	0.7308
652	2670	0.9427
653	2302	-0.8584
653	1880	0.7475
653	4449	0.9287
653	2752	0.9614
653	1945	0.3716
653	2133	0.773
653	2946	0.5423
653	3158	0.7475
654	2395	0.5719
654	2310	0.8122
654	3158	0.6249
654	1880	0.6249
655	2352	0.8481
655	2682	-0.631
655	1894	0.807
655	2548	0.9389
655	3766	0.8643
656	2847	0.0
656	3188	0.3919
656	2746	0.4577
656	3078	-0.4404
656	3735	-0.4588
656	2627	0.0
656	2672	0.5927
656	4569	0.0
656	2876	0.0
656	3196	0.25
656	1924	0.0
656	2473	0.0
657	2962	0.9673
657	3491	0.953
657	3115	0.9729
657	3792	0.9786
657	3677	0.9735
657	3979	0.9638
657	4282	0.0
657	4236	0.9799
657	4237	0.9773
658	2530	0.4678
658	2936	0.7629
658	3930	0.4678
658	1941	0.4678
659	2255	0.7003
659	4669	0.7845
659	1947	0.6249
659	2596	0.7152
660	4755	0.0
660	2676	0.4404
660	4022	0.4404
660	4748	0.8271
661	3843	0.4404
661	1964	0.4404
661	3195	0.4404
661	3763	0.4404
662	3510	0.9843
662	1980	0.9674
662	2080	0.9817
662	2284	0.2501
663	3860	-0.0765
663	3041	0.8402
663	3155	0.631
663	2001	0.2023
663	3255	0.7845
663	2952	0.714
663	4243	0.4215
664	3091	0.6249
664	3531	-0.6369
664	2012	-0.6369
664	2631	0.6369
665	2027	-0.1682
665	2666	0.6956
665	2151	0.4215
665	2467	0.8923
666	3526	0.0
666	4289	0.9839
666	3939	0.8497
666	2031	0.9684
666	4284	0.8218
666	2366	0.9713
666	3514	0.886
667	4000	0.9118
667	2983	0.991
667	3679	0.9152
667	3793	0.9792
667	3844	-0.128
667	4363	0.9759
667	4316	0.6187
667	3677	0.9866
667	4391	0.4215
667	4348	0.9497
667	2955	0.7342
667	3437	0.4767
667	3851	0.9231
667	2039	0.8779
667	3457	0.8883
667	3558	0.4767
667	4364	0.9951
667	2777	0.7184
667	2036	0.9873
668	3472	0.7896
668	3474	0.9729
668	3642	0.9729
668	3542	0.9607
668	2989	0.9729
668	2691	0.9605
668	2531	0.9729
668	2049	0.9052
668	3345	0.9792
668	3571	0.9522
668	3097	0.8934
668	3233	0.9646
668	2870	0.7579
668	3471	0.9674
668	3477	0.9729
668	3211	0.8904
668	3580	0.8402
668	4589	0.9564
669	3816	0.6249
669	4129	0.8481
669	2768	0.7073
669	2288	0.4404
669	2172	0.6249
669	2999	0.6705
669	2878	0.0
670	4321	-0.1531
670	2057	0.6249
670	4159	0.6369
670	4119	-0.4961
670	3243	0.6249
670	4734	0.4404
671	3589	0.6706
671	2093	0.6369
671	3051	0.8641
671	4029	0.8555
671	2180	0.5709
672	4414	0.836
672	2112	-0.2023
672	4338	0.4404
672	4608	0.9228
672	3992	0.8957
673	3268	0.7351
673	3138	0.7351
673	4056	0.3612
673	4151	0.7351
674	2144	0.0
674	2786	0.4404
674	4233	0.9656
674	3469	0.6808
675	2683	0.98
675	3163	0.8559
675	4020	0.9739
675	4403	0.9688
675	2767	0.9463
675	2829	0.9938
675	3299	0.9895
675	2339	0.7472
675	4148	0.9882
675	2169	0.9846
675	3780	0.9842
675	2559	0.9352
675	3429	0.9144
675	2807	0.9786
675	3451	0.9756
675	3198	0.9959
675	3694	0.9756
675	3184	0.9377
675	3340	0.9938
675	2796	0.9815
675	3781	0.9893
675	2561	0.9526
675	2424	0.9698
676	3154	0.8591
676	2261	0.9269
676	2204	0.6369
676	2186	0.9287
676	2185	0.9497
677	3342	0.4404
677	3225	0.4404
677	2633	0.4404
677	4691	0.4404
677	4675	0.4404
677	4106	0.4404
677	4611	0.4404
677	3322	0.4404
677	4676	0.4404
677	2196	0.4404
677	3544	0.4404
678	2247	0.6249
678	3305	0.6249
678	3760	0.6249
678	2300	0.6124
678	2639	0.6249
678	3771	0.6249
679	3324	0.9841
679	3058	0.8934
679	2258	0.3762
679	2655	0.7849
680	4478	0.9371
680	3842	0.0
680	4189	0.7964
680	4418	0.9371
680	4115	0.743
680	3902	0.926
680	4008	-0.3875
680	3156	0.3182
680	2261	0.9002
680	2817	0.2732
681	3684	0.9354
681	2846	0.7351
681	3086	0.9747
681	3683	0.7351
681	3632	0.9524
681	4525	0.9535
681	2692	0.9697
681	3219	0.9423
681	3542	0.9091
681	3661	0.6327
681	3438	0.9442
681	3597	0.8873
681	3514	0.9589
681	2296	0.9153
681	2742	0.9589
681	2801	0.836
681	3744	0.9095
682	2437	0.3291
682	2328	0.6369
682	2775	-0.1027
682	4523	0.5994
683	3803	0.0
683	2415	0.0
683	4566	0.7351
683	2925	-0.0521
683	2367	0.4019
683	3504	0.7351
684	4683	0.93
684	2751	0.9765
684	2449	0.9854
684	3558	0.9823
684	4751	0.9949
684	3953	0.9859
684	2497	0.6597
684	2905	0.9641
684	3436	0.9283
684	2730	0.9831
684	3041	0.2609
684	2386	0.7778
684	3437	0.9823
685	2944	0.0
685	2502	0.6249
685	2404	0.5106
685	2506	0.8442
685	2511	0.6249
686	4490	-0.5574
686	4500	0.8658
686	2475	0.7351
686	2405	0.684
686	667	-0.1987
687	2890	0.8588
687	4455	0.9643
687	2968	0.9062
687	2426	0.6249
688	3165	0.5106
688	2443	0.8481
688	3867	-0.7782
688	4757	0.6249
688	4731	0.7506
688	4230	0.1779
688	4722	0.611
688	3025	0.5106
688	3361	0.5106
689	2949	0.9637
689	4347	0.983
689	2605	0.9884
689	2560	0.9633
690	2582	0.6249
690	3729	0.6369
690	4709	-0.1027
690	3560	0.6249
690	3201	0.296
690	4607	0.6249
691	2623	0.0
691	3154	0.3321
691	3343	0.6908
691	3959	0.1877
692	2845	0.6249
692	2804	0.5994
692	4513	0.0
692	2667	0.296
693	3089	0.3167
693	3170	0.5719
693	3155	0.5719
693	3420	0.4404
694	3341	0.9908
694	3617	0.9849
694	2742	0.9823
694	2964	0.9942
694	2904	0.9963
694	3514	0.9823
694	4504	0.8689
694	3506	0.9928
695	3717	0.6369
695	3361	0.6369
695	3070	0.6369
695	4195	0.8519
695	3205	0.6369
696	3934	0.0
696	3790	0.9694
696	3255	0.7645
696	4477	0.0
696	2833	0.9073
697	3956	0.4939
697	4344	0.7783
697	2882	0.3612
697	2963	0.6249
698	3052	0.9399
698	3624	0.4215
698	2992	0.9509
698	3318	0.8028
698	3124	0.9364
698	3197	0.9601
699	3028	0.4404
699	4246	0.6369
699	4150	0.6369
699	4102	0.6249
699	3271	0.2419
699	4036	0.9623
700	4182	0.0
700	4294	0.7992
700	3046	0.8885
700	4048	0.822
701	4144	0.4019
701	3551	0.0
701	4181	0.144
701	3061	-0.8552
702	3398	0.9246
702	4141	0.9583
702	3405	0.8603
702	3079	0.9553
702	3403	-0.2247
703	3795	0.7964
703	4038	0.765
703	3966	0.7964
703	4468	0.765
703	3095	0.5173
704	3256	0.4404
704	4203	0.8603
704	4327	0.3818
704	3827	0.4588
704	4360	0.6249
704	3725	0.5106
704	4079	0.0
704	3350	-0.2732
704	4270	0.6369
704	4078	0.7845
705	3215	0.0
705	1842	0.0
705	4443	0.0
705	4026	0.0
706	3534	0.6249
706	3693	0.7351
706	3592	0.4588
706	3484	0.6249
706	3224	0.6794
707	3249	0.9735
707	4267	-0.8588
707	3470	-0.4576
707	4725	0.7807
708	4694	0.7906
708	4696	0.8807
708	4716	0.8807
708	4698	0.8051
709	4442	0.4404
709	3927	0.4404
709	4125	0.4404
709	3308	0.4404
710	3356	0.4927
710	3607	0.5824
710	4003	0.5379
710	3896	0.0
711	3585	0.9428
711	4360	0.5095
711	3633	0.9606
711	3600	0.9501
712	4295	0.0
712	4367	0.6369
712	4185	0.6249
712	3597	-0.4215
