0	1729	0.97505
0	3656	0.38685
0	905	0.76835
0	1349	0.9823
0	1599	0.9031
0	2244	0.98365
0	2363	0.99565
0	0	0.8861
0	2976	0.76335
0	3498	0.9952
0	237	0.9438
0	48	0.99335
0	398	0.7427
0	3859	0.95615
1	2232	0.7463500000000001
1	4299	0.55185
1	1	0.6191
1	1122	0.8887
2	533	0.94425
2	774	0.88225
2	2488	0.95765
2	1593	0.97065
2	2	0.1225499999999999
2	902	0.98495
2	904	0.9656
2	433	0.7725500000000001
3	2748	0.995
3	3818	0.99935
3	2275	0.9982
3	857	0.61315
3	3171	0.9335
3	3874	0.99155
3	2873	0.99475
3	1914	0.99145
3	3089	0.99355
3	2317	0.9481
3	1563	0.9932
3	1903	0.99595
3	4165	0.9777
3	1680	0.9953
3	2972	0.99225
3	2153	0.99465
3	3412	0.9793
3	2018	0.9934
3	698	0.9959
3	628	0.9811
3	2352	0.9979
3	1356	0.8431
3	4146	0.95115
3	3040	0.98535
3	4049	0.8496
3	829	0.99785
3	2338	0.9274
3	1904	0.9792
3	920	0.98545
3	3993	0.9973
3	3671	0.98065
3	4622	0.99305
3	1127	0.9818
3	1626	0.93885
3	2782	0.9978
3	2184	0.99385
3	2457	0.989
3	4027	0.901
3	864	0.9942
3	1775	0.99375
3	387	0.98815
3	1305	0.9278
3	1922	0.99895
3	3821	0.9741
3	164	0.9931
3	1588	0.9828
3	2	0.94425
3	3200	0.72455
3	601	0.9499
3	1963	0.97125
3	2767	0.9855
3	863	0.99115
3	2572	0.94195
3	1917	0.99715
4	2	0.0823499999999999
4	756	0.7787
4	258	0.66455
4	2589	0.92285
4	4389	0.7859499999999999
4	919	0.5
4	29	0.9467
4	3270	0.89225
4	2266	0.9435
4	2770	0.9769
4	505	0.90085
4	3165	0.9467
4	3361	0.9467
4	1145	0.96915
5	3478	0.7997000000000001
5	3	0.979
5	4369	0.8842
5	2452	0.9088
5	2774	0.87895
5	3397	0.7859499999999999
6	1233	0.76335
6	636	0.877
6	4	0.3622499999999999
6	1394	0.93445
6	1966	0.9037
6	2818	0.38685
6	1286	0.8982
7	4176	0.8548
7	2047	0.1571
7	3958	0.3634
7	2747	0.5258
7	4649	0.67825
8	3875	0.9201
8	1713	0.8982
8	182	0.9511
8	6	0.8982
8	964	0.96565
8	2775	0.7859499999999999
8	1994	0.7859499999999999
8	43	0.88585
8	1923	0.88585
8	359	0.965
8	1732	0.9721
8	1359	0.7997000000000001
8	572	0.87225
8	1760	0.9417
8	895	0.965
8	258	0.3026
8	1060	0.7859499999999999
9	1488	0.9061
9	1049	0.96295
9	3574	0.95005
9	3414	0.89205
9	656	0.91355
9	7	0.81845
9	3155	0.8825000000000001
9	3408	0.95795
9	4138	0.8705499999999999
9	3991	0.97145
10	15	0.99795
10	12	0.9761
10	61	0.464
10	782	0.1403499999999999
10	36	0.9383
10	58	0.9738
10	156	0.6431
10	13	0.987
10	9	0.9846
10	780	0.94255
10	3868	0.1757
10	2697	0.98115
10	219	0.0902
10	300	0.69975
10	186	0.8912
10	749	0.96155
10	634	0.9946
10	622	0.81245
10	8	0.9873
10	104	0.1104499999999999
10	961	0.719
10	33	0.0984999999999999
10	3455	0.8753
10	45	0.0984999999999999
10	2369	0.6591
10	60	0.7579
10	4204	0.648
10	3184	0.6591
10	35	0.0984999999999999
11	65	0.98545
11	2779	0.8953
11	645	0.9746
11	3264	0.5073
11	1191	0.9909
11	3362	0.9697
11	3417	0.931
11	445	0.99015
11	3909	0.9511
11	717	0.98385
11	4330	0.923
11	4212	0.19415
11	3258	0.9101
11	9	0.9312
11	1222	0.9817
11	1251	0.9884
11	618	0.9391
11	1704	0.94735
11	4687	0.9799
11	2083	0.8062
11	4460	0.58965
11	3296	0.98765
11	2849	0.74385
12	2391	0.9823
12	2249	0.9775
12	10	0.935
12	2425	0.9784
12	2527	0.9821
12	2392	0.8982
12	603	0.92405
12	46	0.57565
12	63	0.96275
13	10	0.66885
13	24	0.99605
13	2009	0.22885
13	1711	0.1866999999999999
14	406	0.99895
14	11	0.9819
14	4142	0.97275
14	410	0.99435
14	4402	0.8291
14	1836	0.9636
14	482	0.9996
14	636	0.9564
14	837	0.9904
14	3264	0.0899499999999999
14	10	0.9012
14	16	0.9577
14	1940	0.9823
14	1866	0.98265
14	75	0.999
15	967	0.65255
15	4739	0.9683
15	191	0.9013
15	132	0.91125
15	2864	0.92765
15	2018	0.96125
15	1262	0.79085
15	2372	0.92405
15	1509	0.9329
15	2629	0.9797
15	49	0.2280499999999999
15	730	0.9937
15	2563	0.93125
15	263	0.8815
15	2498	0.92775
15	1195	0.6909
15	2981	0.3528
15	2076	0.8686499999999999
15	1939	0.96415
15	3090	0.98235
15	1883	0.99745
15	2155	0.92775
15	2420	0.648
15	4124	0.67
15	1356	0.98335
15	888	0.98315
15	1016	0.9757
15	4142	0.9063
15	13	0.9957
15	738	0.69995
15	1044	0.9921
15	1382	0.81245
15	1340	0.96595
15	1781	0.98525
15	212	0.98545
15	1870	0.99875
15	1260	0.6783
15	3135	0.8189
15	4554	0.95715
15	927	0.8551
15	913	0.8944
15	3329	0.1141499999999999
15	2573	0.8548
15	1942	0.9809
15	2264	0.972
15	575	0.7856000000000001
15	4417	0.9088
15	606	0.95435
15	727	0.9902
15	1566	0.98715
15	257	0.9973
15	2304	0.8801
15	83	0.918
15	3255	0.7922
16	2584	0.59505
16	13	0.33035
16	65	0.7859499999999999
16	916	0.3308
16	41	0.25305
16	315	0.323
16	218	0.7202
16	333	0.7402
17	13	0.74695
17	615	0.58895
17	1396	0.6692
17	2908	0.34475
17	3197	0.88585
17	2569	0.81245
17	2837	0.8548
17	936	0.5286
18	17	0.91625
18	905	0.84985
18	14	0.54385
18	3778	0.7859499999999999
18	22	0.9364
18	4032	0.93895
18	128	0.9647
18	45	0.99795
18	1723	0.979
18	69	0.99455
18	2685	0.7859499999999999
18	42	0.93435
18	13	0.8982
19	3777	0.91355
19	1728	0.489
19	14	0.9417
19	1564	0.8953
19	486	0.1757
19	4195	0.6806
20	4318	0.90865
20	16	0.9561
20	1758	0.84005
20	4454	0.8632
21	1132	0.60115
21	1179	0.4629
21	72	0.93105
21	75	0.99305
21	3366	0.8177
21	3868	0.81245
21	1020	0.8787
21	801	0.98845
21	3161	0.98625
21	175	0.8548
22	1177	0.58895
22	391	0.3192
22	2541	0.944
22	1464	0.2390499999999999
22	1453	0.352
22	18	0.0913999999999999
22	1465	0.17015
22	514	0.8935
23	1996	0.94855
23	2795	0.0459999999999999
23	283	0.88915
23	1436	0.6476
23	852	0.4742
23	543	0.7294
23	19	0.5748
23	80	0.1757
23	1880	0.9375
23	3852	0.62415
23	3158	0.9375
23	269	0.0081499999999999
23	3074	0.86835
23	544	0.59995
23	2259	0.8074
23	4089	0.16215
23	3691	0.70095
23	3640	0.6703
23	1573	0.0414499999999999
24	20	0.85015
24	272	0.954
24	1160	0.59285
24	2888	0.59505
24	171	0.7202
24	4480	0.9417
24	1056	0.93875
25	3290	0.8996999999999999
25	4466	0.9686
25	3203	0.9364
25	3489	0.86955
25	21	0.0353499999999999
25	2134	0.97655
25	4470	0.71075
25	2115	0.9781
25	2248	0.9521
26	1228	0.6806
26	1518	0.97115
26	337	0.97115
26	2656	0.8953
27	44	0.9375
27	1752	0.9795
27	307	0.87895
27	1070	0.75935
27	1820	0.9592
27	25	0.94425
27	1032	0.9221
27	1781	0.9374
28	26	0.7202
28	1047	0.7463500000000001
28	4428	0.7202
28	378	0.7202
28	2362	0.7202
28	167	0.7202
29	1780	0.9898
29	3579	0.95825
29	1722	0.9477
29	4368	0.8194
29	3255	0.93935
29	1109	0.7294
29	1421	0.999
29	27	0.0323999999999999
29	3128	0.66315
29	989	0.97235
29	3820	0.9623
29	1870	0.9952
29	1869	0.99325
29	1165	0.9834
30	27	0.34485
30	830	0.9857
30	2739	0.88915
30	3207	0.39885
30	4313	0.9794
30	899	0.2206
30	2887	0.9848
30	850	0.9923
30	1793	0.901
30	1489	0.65445
30	1291	0.984
30	920	0.9454
31	3788	0.9597
31	118	0.34555
31	28	0.9699
31	4398	0.5
31	261	0.75475
32	1973	0.97425
32	1144	0.91125
32	3833	0.95165
32	3094	0.981
32	2033	0.7202
32	2079	0.9572
32	30	0.8243
32	2368	0.81245
32	2806	0.9374
32	3727	0.97095
32	1982	0.9639
33	654	0.761
33	31	0.93885
33	2725	0.7202
33	1578	0.81845
33	2203	0.648
33	2970	0.5
33	424	0.8324
33	2484	0.8753
33	452	0.81845
33	211	0.54135
33	1289	0.86345
34	666	0.81245
34	43	0.86755
34	1505	0.81245
34	1608	0.95055
34	1814	0.96795
34	2550	0.65845
34	3030	0.81245
34	103	0.9158
34	1779	0.81245
34	2785	0.8825000000000001
34	1807	0.9063
34	4287	0.80935
34	32	0.92405
34	1585	0.81245
34	4642	0.86755
34	1086	0.81245
34	1804	0.91305
34	3256	0.95305
34	2046	0.86755
35	4171	0.0735
35	1224	0.9887
35	462	0.8766499999999999
35	1161	0.8825000000000001
35	1297	0.96005
35	34	0.9762
35	581	0.91125
35	1590	0.9455
35	4174	0.9828
35	217	0.98375
36	1666	0.5
36	1659	0.43685
36	3566	0.5
36	3480	0.5
36	4265	0.5
36	4253	0.10515
36	2801	0.5
36	3860	0.44
36	4350	0.5
36	3955	0.5
36	619	0.5
36	2063	0.5
36	4381	0.81245
36	2262	0.3409
36	3938	0.74695
36	1443	0.5
36	1230	0.38685
36	2463	0.423
36	3482	0.7202
36	3116	0.92405
36	1444	0.5
36	1319	0.5
36	4615	0.5
36	1442	0.58895
36	3879	0.81245
36	3370	0.81245
37	663	0.9723
37	2901	0.398
37	98	0.86
37	466	0.93965
37	37	0.76955
38	38	0.5
38	92	0.9201
38	1325	0.24595
38	1226	0.93085
38	1342	0.9909
38	493	0.9962
39	1999	0.99295
39	3520	0.99675
39	3854	0.998
39	39	0.92405
40	3893	0.966
40	2434	0.8846499999999999
40	117	0.984
40	4222	0.91315
40	4031	0.8548
40	2113	0.97385
40	3923	0.95285
40	353	0.897
40	1169	0.71075
40	134	0.1461
40	1670	0.97695
40	48	0.9944
40	4378	0.9986
40	39	0.8774500000000001
40	3786	0.9992
40	3909	0.42445
40	3915	0.99305
40	617	0.94145
40	223	0.5386
40	599	0.9497
40	3399	0.99235
40	3809	0.99475
40	3878	0.96845
41	93	0.42345
41	2514	0.7379
41	2442	0.81595
41	2272	0.70095
41	948	0.53415
41	112	0.9467
41	54	0.3909
41	40	0.77115
41	3315	0.5129
41	2364	0.94455
41	1607	0.901
42	47	0.8953
42	677	0.8842
42	4142	0.98215
42	1155	0.8548
43	4161	0.7202
43	860	0.96565
43	3599	0.6806
43	2877	0.6806
43	4684	0.6806
43	50	0.6806
43	3741	0.6806
43	1749	0.6806
43	4459	0.6806
44	4571	0.70095
44	2101	0.93125
44	1141	0.7377
44	4034	0.3085
44	3950	0.7859499999999999
44	51	0.8664000000000001
45	2567	0.9719
45	3154	0.99085
45	4161	0.91875
45	4312	0.92005
45	1208	0.9997
45	1134	0.12655
45	3622	0.982
45	1119	0.77115
45	1497	0.936
45	52	0.982
45	2877	0.51935
45	703	0.9995
45	3255	0.99485
45	506	0.99775
45	3599	0.99035
45	553	0.9924
45	289	0.80985
45	292	0.91875
45	1432	0.9991
45	4412	0.9789
45	3372	0.9972
45	1683	0.02405
45	4262	0.67
45	2035	0.99795
45	293	0.1653
45	1799	0.9948
45	2570	0.97565
45	2183	0.99985
45	4018	0.29905
45	549	0.92375
45	706	0.93075
45	2224	0.99365
45	824	0.10635
45	3991	0.93895
45	1686	0.99745
46	3392	0.9971
46	4190	0.9973
46	3382	0.9134
46	1123	0.93205
46	259	0.9928
46	2859	0.99645
46	2076	0.9806
46	4277	0.9782
46	3669	0.9974
46	3358	0.99555
46	1954	0.9979
46	717	0.98395
46	2384	0.9972
46	2727	0.9981
46	426	0.9839
46	4143	0.98415
46	428	0.99205
46	1221	0.98795
46	557	0.9827
46	2245	0.99625
46	4707	0.9844
46	714	0.99865
46	2857	0.99745
46	3708	0.99005
46	4417	0.98635
46	2583	0.9909
46	53	0.99645
46	2611	0.905
46	3375	0.99
46	326	0.98785
46	872	0.99815
46	4093	0.94835
46	3731	0.96395
46	1497	0.9826
46	3357	0.9747
46	1100	0.9987
46	3831	0.94835
46	4737	0.9842
46	3379	0.0782999999999999
46	4142	0.98725
46	556	0.9885
46	2174	0.987
46	3366	0.9927
46	3409	0.8554999999999999
46	3364	0.98965
46	2484	0.98955
46	2595	0.9431
47	2370	0.9863
47	2859	0.9975
47	4685	0.97295
47	3497	0.97705
47	1497	0.9414
47	3253	0.96715
47	2348	0.99735
47	3178	0.97475
47	53	0.9975
47	2794	0.92165
47	761	0.9935
47	2245	0.99575
47	2168	0.99665
47	2389	0.58185
47	651	0.9819
47	3132	0.991
47	2387	0.97805
48	1750	0.92815
48	4046	0.97725
48	2833	0.96855
48	1865	0.97405
48	3653	0.8478
48	4076	0.9608
48	2189	0.6858
48	637	0.9
48	4034	0.9772
48	245	0.7794
48	1749	0.98915
48	585	0.97655
48	54	0.92195
48	4187	0.1913
48	2545	0.98675
48	3170	0.9201
48	1751	0.9837
48	1929	0.9725
48	4025	0.9811
48	3468	0.961
48	3868	0.98295
48	1115	0.99095
49	55	0.98245
49	308	0.737
49	1021	0.9976
49	1389	0.9547
49	62	0.9085
49	781	0.9983
49	1386	0.98425
50	140	0.87895
50	1301	0.29215
50	1352	0.76335
50	604	0.26165
50	1364	0.719
50	967	0.7663
51	480	0.71275
51	465	0.76335
51	560	0.94625
51	57	0.31445
52	479	0.4614
52	127	0.943
52	362	0.77115
52	57	0.82985
52	961	0.88585
53	450	0.7718499999999999
53	3123	0.8977999999999999
53	281	0.9447
53	59	0.9947
54	1486	0.81845
54	1208	0.81845
54	1410	0.81845
54	1759	0.8592
54	2125	0.7377
54	1516	0.7377
54	1892	0.81845
54	1084	0.81845
54	931	0.81845
54	206	0.81845
54	64	0.81845
54	2350	0.81845
54	1722	0.60115
54	4524	0.81845
54	92	0.81845
54	2885	0.5
54	915	0.81845
54	2355	0.81845
54	539	0.81845
55	187	0.71075
55	4488	0.71075
55	1661	0.71075
55	192	0.71075
55	389	0.71075
55	67	0.71075
55	1313	0.71075
55	241	0.71075
55	2534	0.71075
55	153	0.71075
55	1218	0.71075
55	137	0.71075
55	260	0.71075
55	1814	0.71075
55	4487	0.71075
55	280	0.71075
55	115	0.5
55	1805	0.71075
56	809	0.8753
56	415	0.71625
56	2773	0.87505
56	121	0.8632
56	244	0.97255
56	3085	0.96855
56	1637	0.9375
56	3187	0.99155
56	1746	0.83485
56	247	0.936
56	4042	0.8404
56	4433	0.65445
56	77	0.4728
56	68	0.75285
56	508	0.9221
57	70	0.6858
57	1294	0.9409
57	3031	0.7291
57	4271	0.74695
58	70	0.93125
58	4073	0.5
58	394	0.943
58	214	0.93125
58	117	0.93125
58	4746	0.5
58	4682	0.5
58	4551	0.5
58	4752	0.5
58	3455	0.5
58	215	0.943
58	4704	0.5
59	1538	0.9942
59	71	0.98925
59	2154	0.71005
59	136	0.98675
59	3179	0.9957
59	3824	0.9983
59	3672	0.99735
59	82	0.9946
59	3936	0.98975
59	122	0.98785
59	3703	0.98375
59	2423	0.98745
59	783	0.96195
59	2050	0.98725
60	151	0.6806
60	2470	0.5
60	4456	0.93445
60	260	0.6806
61	2780	0.6591
61	2737	0.39615
61	74	0.8593
61	1102	0.92775
62	1312	0.7202
62	4492	0.7202
62	1112	0.67
62	1074	0.7202
62	3234	0.7202
62	76	0.7202
63	78	0.6366
63	3317	0.8967499999999999
63	522	0.7204
63	1789	0.76335
63	4001	0.58895
63	621	0.9201
63	1117	0.9374
63	1778	0.94475
63	834	0.5
63	4362	0.9258
63	1649	0.5
63	1343	0.9695
63	3197	0.92335
63	2286	0.70095
63	2316	0.61315
63	1783	0.88585
64	1384	0.9788
64	1158	0.9752
64	1610	0.978
64	4172	0.96615
64	1346	0.95535
64	78	0.9965
64	3639	0.9717
64	1597	0.9531
65	4112	0.3294
65	4461	0.96085
65	798	0.98965
65	3489	0.90615
65	165	0.9881
65	3984	0.08875
65	3187	0.22885
65	79	0.93275
65	4377	0.8875
65	3885	0.7859499999999999
65	3863	0.7859499999999999
65	3629	0.1241499999999999
66	2801	0.81245
66	3935	0.7294
66	2484	0.5129
66	2689	0.7294
66	3049	0.92405
66	1856	0.81245
66	846	0.81245
66	1983	0.81245
66	3745	0.9593
66	80	0.2706
67	765	0.9511
67	4641	0.5
67	700	0.95445
67	81	0.5
68	2611	0.95405
68	3651	0.6686
68	2894	0.9567
68	2264	0.95405
68	2057	0.6909
68	4430	0.919
68	1024	0.93395
68	2832	0.86345
68	1930	0.8983
68	2105	0.89205
68	3339	0.9568
68	787	0.9809
68	522	0.9925
68	82	0.9753
68	3721	0.9063
68	1482	0.8123
69	779	0.94595
69	83	0.7659
69	754	0.60115
69	4557	0.7202
69	3559	0.5129
70	262	0.9989
70	84	0.99955
70	1717	0.34485
70	360	0.77115
70	141	0.9951
70	367	0.96825
70	4475	0.36415
71	888	0.99625
71	2825	0.99895
71	1211	0.9346
71	833	0.968
71	2800	0.9764
71	2595	0.9869
71	1324	0.9863
71	872	0.98925
71	770	0.9929
71	1012	0.9211
71	109	0.17955
71	1451	0.99065
71	1494	0.95935
71	920	0.99065
71	219	0.98525
71	1188	0.9792
71	1888	0.8941
71	1007	0.92695
71	1602	0.9792
71	3807	0.96405
71	2355	0.9367
71	864	0.97945
71	1591	0.99305
71	2277	0.97735
71	575	0.9863
71	111	0.8626
71	3220	0.98895
71	3292	0.9534
71	1044	0.9931
71	426	0.99055
71	439	0.91705
71	626	0.9304
71	2153	0.99465
71	1340	0.9628
71	85	0.98645
71	168	0.985
71	2886	0.9329
71	3500	0.97005
71	771	0.97305
71	1308	0.9522
71	3011	0.99865
71	4622	0.9977
71	1948	0.99175
71	3157	0.91085
71	1495	0.95935
71	2228	0.975
71	1199	0.9858
71	2312	0.9861
71	1386	0.96065
71	2839	0.07345
71	730	0.99935
71	1496	0.98675
71	361	0.97855
71	1604	0.9937
71	2978	0.99165
71	4393	0.9883
71	1240	0.993
71	96	0.98855
71	3354	0.92565
71	2420	0.983
71	1952	0.96175
71	1187	0.9792
71	992	0.94845
71	927	0.9836
71	2168	0.9792
71	918	0.9008
71	2743	0.75115
71	2724	0.9808
71	2436	0.82115
71	4132	0.99735
72	801	0.39715
72	1685	0.7202
72	429	0.8214
72	920	0.6366
72	3621	0.81845
72	4639	0.9088
72	1223	0.5496
72	4429	0.8453999999999999
72	3847	0.9437
72	2485	0.6366
72	2403	0.96565
72	1553	0.81245
72	2630	0.6366
72	2656	0.9063
72	380	0.6366
72	1826	0.6366
72	178	0.99725
72	2402	0.5
72	86	0.5386
73	584	0.8825000000000001
73	195	0.1104499999999999
73	203	0.9603
73	86	0.82985
73	124	0.94035
74	3517	0.97585
74	2117	0.6806
74	1189	0.58805
74	705	0.92935
74	280	0.93445
74	682	0.9863
74	388	0.94995
74	321	0.9406
74	912	0.90275
74	3302	0.94995
74	288	0.28025
74	704	0.7705
74	724	0.98345
74	924	0.98925
74	2637	0.59505
75	785	0.6798500000000001
75	87	0.93445
75	786	0.55135
75	2501	0.8592
76	4163	0.9779
76	1942	0.99885
76	3894	0.936
76	1405	0.99735
76	1493	0.9993
76	88	0.4673
76	1673	0.9984
76	1312	0.8887
76	1827	0.9926
76	3185	0.9952
76	1270	0.98325
76	3495	0.955
76	231	0.9958
76	4457	0.9834
76	3577	0.98295
76	1960	0.992
76	595	0.99975
76	402	0.95495
76	1720	0.9769
76	1991	0.99975
76	3440	0.9999
76	828	0.85745
76	2649	0.9956
76	495	0.9996
76	1351	0.99985
76	2587	0.99135
76	1824	0.99575
76	2512	0.9937
76	982	0.9263
76	2636	0.99985
76	2977	0.99735
76	1962	0.99595
76	988	0.9998
76	1734	0.9986
76	484	0.99975
76	1855	0.9932
76	311	0.70165
76	1391	0.99845
76	981	0.9999
76	1579	0.9894
76	2778	0.9977
76	2610	0.97885
76	570	0.9669
76	3910	0.93695
76	3260	0.97065
76	852	0.96615
76	2798	0.98135
76	1990	0.99985
76	3114	0.96425
76	89	0.74595
76	3298	0.99625
76	249	0.9992
76	1113	0.9776
76	1622	0.93695
76	1260	0.9865
76	2309	0.99485
76	884	0.9998
76	3241	0.99145
76	1676	0.99305
76	3111	0.99755
76	338	0.99935
76	856	0.8677
76	4415	0.9999
76	3411	0.99385
76	1327	0.99185
76	4064	0.96685
76	3675	0.9999
76	1623	0.9927
76	383	0.99905
76	1709	0.951
76	274	0.97325
76	701	0.93445
76	598	0.9846
76	2678	0.9764
76	1034	0.9999
76	3740	0.99985
76	2007	0.99715
76	4413	0.99525
76	3327	0.95055
76	1262	0.99035
76	3503	0.9897
76	2418	0.99115
76	3459	0.99215
76	1777	0.989
76	3445	0.9201
76	1376	0.9771
76	942	0.99595
76	3429	0.9984
77	4311	0.5932
77	3549	0.9461
77	930	0.61315
77	1348	0.8813500000000001
77	740	0.61025
77	1520	0.87895
77	392	0.7202
77	881	0.8982
77	1992	0.9783
77	1234	0.96695
77	4405	0.9889
77	384	0.7202
77	1326	0.99585
77	1605	0.99565
77	89	0.9998
77	2178	0.95555
77	4309	0.0066999999999999
77	960	0.97315
77	1483	0.93125
77	726	0.9609
77	2938	0.9349
77	1118	0.612
77	1650	0.41105
77	478	0.7202
77	803	0.9902
77	309	0.98085
77	802	0.7773
78	4603	0.89225
78	1279	0.92595
78	605	0.83785
78	341	0.61315
78	569	0.9834
78	1232	0.89225
78	4501	0.9467
78	327	0.44865
78	2120	0.6366
78	589	0.9559
78	907	0.7927
78	1281	0.90865
78	2380	0.95915
79	539	0.648
79	835	0.5
79	2858	0.81245
79	3676	0.7202
79	331	0.5
79	1961	0.6862
80	1574	0.98195
80	91	0.9656
80	2867	0.9176
80	811	0.9656
81	732	0.9031
81	92	0.9031
81	977	0.9695
81	1709	0.94025
81	199	0.5
81	427	0.97465
81	1006	0.8453999999999999
82	3686	0.8606
82	870	0.97115
82	875	0.9394
82	144	0.99325
82	3926	0.9878
82	463	0.97385
82	488	0.9894
82	2454	0.98725
82	639	0.986
82	4354	0.95205
82	2912	0.9885
82	780	0.97285
82	4006	0.9769
82	837	0.987
82	665	0.86755
82	3975	0.7553000000000001
82	2217	0.94295
82	3913	0.96585
82	4086	0.96085
82	4378	0.9986
82	526	0.9894
82	2305	0.99155
82	4165	0.97465
82	3314	0.9835
82	1770	0.954
82	904	0.9948
82	94	0.9721
82	3969	0.9762
82	1639	0.9975
82	1741	0.9417
82	2980	0.9691
82	2332	0.9924
82	3426	0.98305
82	1912	0.9526
82	3718	0.9873
83	610	0.96085
83	1525	0.49355
83	756	0.98765
83	95	0.9511
83	4159	0.93275
83	381	0.80905
83	4144	0.7859499999999999
83	826	0.95055
83	2434	0.9374
84	3908	0.7463500000000001
84	4723	0.7463500000000001
84	4092	0.7463500000000001
84	4471	0.81845
85	1268	0.98605
85	3651	0.762
85	4542	0.98155
85	465	0.8889
85	99	0.9904
86	4177	0.7427
86	4139	0.79635
86	4280	0.81245
86	3254	0.81245
86	4758	0.5
86	3529	0.7202
86	2900	0.81245
86	100	0.5
86	3668	0.81245
87	1935	0.98495
87	369	0.49355
87	1070	0.21865
87	434	0.41535
87	414	0.2513499999999999
87	100	0.4034999999999999
88	4593	0.7202
88	3108	0.7294
88	3137	0.901
88	2839	0.7202
89	3516	0.90895
89	2315	0.60015
89	2676	0.973
89	3605	0.61525
90	114	0.9819
90	3263	0.4134
90	2718	0.9806
90	101	0.93195
90	3627	0.8953
90	3948	0.8953
90	2967	0.9841
90	522	0.9643
90	1083	0.9954
90	255	0.9742
90	2484	0.37255
91	1514	0.6806
91	931	0.81245
91	996	0.81245
91	1469	0.81245
91	743	0.81245
91	1595	0.81845
91	2293	0.6858
91	693	0.88305
91	1819	0.6806
91	339	0.81245
91	1396	0.81845
91	2550	0.81245
91	101	0.7859499999999999
91	1666	0.81845
91	2289	0.81245
91	2044	0.6806
91	1559	0.6806
91	564	0.81245
91	1560	0.28925
91	1317	0.81245
91	1079	0.5
92	2443	0.7896000000000001
92	1171	0.7939499999999999
92	2592	0.94885
92	1559	0.436
92	1440	0.6232
92	101	0.352
92	2606	0.9201
92	1445	0.93445
92	2392	0.8711
93	418	0.81245
93	938	0.7997000000000001
93	474	0.7202
93	102	0.7859499999999999
94	574	0.8001
94	799	0.5386
94	616	0.8953
94	552	0.9608
94	466	0.95205
94	716	0.9608
95	466	0.3025
95	2036	0.943
95	2783	0.92595
95	347	0.7859499999999999
95	169	0.8239000000000001
95	560	0.9521
95	528	0.38415
95	234	0.35125
96	2195	0.57655
96	1787	0.5
96	2922	0.9221
96	2008	0.43345
96	1243	0.7294
96	107	0.3331
97	1147	0.86345
97	312	0.7627999999999999
97	529	0.9693
97	286	0.9951
97	734	0.5640000000000001
97	395	0.95075
97	2400	0.9484
97	1367	0.86555
97	146	0.6798500000000001
97	1863	0.74695
97	108	0.96085
97	1675	0.85015
97	592	0.9877
97	280	0.8753
98	4564	0.5
98	2130	0.5
98	475	0.81245
98	4122	0.5
98	109	0.92595
98	862	0.81845
98	2129	0.81245
98	4423	0.92595
99	3701	0.81245
99	4627	0.9845
99	766	0.7202
99	2353	0.3634
99	891	0.7202
99	287	0.648
100	4553	0.74695
100	4549	0.81845
100	709	0.34155
100	4550	0.74695
101	243	0.81245
101	109	0.81245
101	4535	0.81845
101	722	0.81245
101	4481	0.5
101	409	0.81245
102	425	0.9158
102	1703	0.18755
102	3105	0.8592
102	2753	0.9522
102	155	0.29135
102	756	0.9417
102	1621	0.81245
102	3172	0.8478
102	109	0.7383500000000001
102	3194	0.3091
102	3199	0.81245
102	343	0.18755
102	451	0.96435
102	3477	0.86795
102	297	0.96495
102	3190	0.70095
102	3568	0.61035
102	1022	0.89225
102	386	0.97365
102	958	0.96765
102	2830	0.3244
102	163	0.9375
102	2362	0.81245
102	285	0.6626
102	2622	0.5
102	524	0.98525
102	4498	0.5386
102	202	0.9568
102	920	0.51705
102	2329	0.6959500000000001
102	2485	0.545
103	125	0.7202
103	109	0.7202
103	3811	0.81245
103	4036	0.7202
103	4119	0.7202
103	4580	0.7202
104	1693	0.71075
104	677	0.71075
104	109	0.71075
104	518	0.71075
105	1023	0.81245
105	866	0.8982
105	109	0.6366
105	606	0.71075
106	3695	0.8825000000000001
106	398	0.6591
106	2710	0.9521
106	3087	0.81245
107	4446	0.9171
107	3446	0.74695
107	571	0.7202
107	513	0.61315
107	3257	0.96
107	1829	0.92595
107	109	0.81245
107	223	0.81245
108	2087	0.86755
108	2070	0.9201
108	2061	0.81845
108	109	0.79635
108	4057	0.5877
109	3155	0.96625
109	2484	0.2601
109	678	0.98775
109	109	0.8208
109	920	0.97115
109	2513	0.72465
110	4308	0.7859499999999999
110	886	0.7155
110	3101	0.96855
110	2013	0.28925
111	109	0.988
111	2266	0.918
111	1952	0.81245
111	4645	0.57655
111	3546	0.6862
111	534	0.5
111	2055	0.94955
111	2159	0.88915
111	1921	0.943
111	1062	0.94415
111	2565	0.82985
112	2132	0.81845
112	121	0.9511
112	126	0.8585
112	109	0.94735
113	2002	0.44865
113	2797	0.98115
113	691	0.6753
113	109	0.71845
113	646	0.8525
114	830	0.9948
114	1094	0.9882
114	109	0.9626
114	580	0.95685
114	2948	0.934
114	2837	0.9902
114	766	0.96495
115	4335	0.8243
115	2643	0.99115
115	1503	0.7128
115	110	0.97795
116	113	0.86505
116	2429	0.7859499999999999
116	556	0.8982
116	832	0.7787
117	1069	0.99065
117	2718	0.92
117	114	0.94665
117	2250	0.9147
117	4478	0.99675
117	905	0.92135
117	4418	0.99675
117	2028	0.86035
117	3783	0.92155
117	2852	0.99925
117	2484	0.6295999999999999
117	1040	0.99725
117	3899	0.96465
118	1222	0.7202
118	2188	0.2213
118	3822	0.81245
118	3052	0.81245
118	1141	0.81245
118	116	0.7202
118	2693	0.81245
119	2025	0.82985
119	2453	0.6909
119	830	0.6909
119	119	0.8714999999999999
119	891	0.6909
119	4559	0.6909
119	859	0.6909
119	1059	0.6909
119	4565	0.6909
120	877	0.6798
120	4601	0.9586
120	4749	0.9674
120	697	0.9586
120	2086	0.9883
120	3981	0.97725
120	120	0.9764
120	1771	0.95175
120	2330	0.9848
121	1510	0.7505999999999999
121	1898	0.75185
121	123	0.95435
121	2874	0.9846
121	252	0.9183
121	1508	0.7992
121	4172	0.9918
121	904	0.9079
122	129	0.92955
122	368	0.1757
122	4169	0.6366
122	4263	0.6806
122	3272	0.91875
123	2478	0.68445
123	130	0.6773
123	3646	0.77285
123	4066	0.7202
123	4097	0.0681999999999999
123	520	0.5
123	4519	0.71075
124	2362	0.81245
124	154	0.9568
124	1143	0.86805
124	2237	0.9194
124	3838	0.81245
124	1290	0.2372
124	131	0.75115
124	2114	0.6806
124	1142	0.936
124	1201	0.61315
124	600	0.98275
125	4366	0.61315
125	4286	0.95405
125	4401	0.7294
125	848	0.63085
125	3703	0.75125
125	1318	0.98475
126	867	0.88175
126	546	0.7997000000000001
126	133	0.28925
126	2108	0.7859499999999999
127	2440	0.8241499999999999
127	3584	0.9622
127	135	0.5019
127	4741	0.8563000000000001
127	4340	0.96285
128	322	0.8953
128	635	0.8953
128	565	0.8953
128	18	0.8953
129	1426	0.99105
129	1641	0.9726
129	138	0.89605
129	633	0.8087
129	2821	0.9753
129	1227	0.9584
130	3416	0.3634
130	3016	0.98605
130	3081	0.98525
130	3802	0.8996
130	2923	0.8238
130	3072	0.81845
130	3833	0.6191
130	3819	0.97545
130	4223	0.9329
130	138	0.8243
130	4317	0.62875
130	1507	0.89225
130	2582	0.82985
130	1773	0.86895
130	1385	0.9769
130	3872	0.2276
130	1998	0.8953
130	2226	0.3299999999999999
130	1696	0.648
130	4005	0.9576
130	3853	0.6709499999999999
130	3800	0.88585
130	1757	0.5
130	2005	0.86755
130	4044	0.9221
130	1671	0.3012
130	4070	0.9593
130	3583	0.90275
130	3325	0.81245
130	3649	0.9791
130	3801	0.70095
130	3612	0.968
130	3973	0.8953
130	3521	0.55965
130	4007	0.9741
131	4266	0.92775
131	176	0.7285
131	2908	0.0657499999999999
131	979	0.9171
131	1341	0.9158
131	2942	0.0349999999999999
131	1476	0.8404
131	137	0.7867500000000001
132	266	0.95875
132	244	0.94625
132	868	0.99635
132	2253	0.3560999999999999
132	137	0.95785
132	2241	0.9924
133	260	0.98115
133	657	0.7294
133	546	0.9375
133	447	0.8982
133	295	0.97065
133	139	0.98115
133	155	0.98115
134	142	0.1651
134	1955	0.92255
134	3890	0.31465
134	312	0.9525
134	4515	0.9885
135	143	0.81245
135	1880	0.94785
135	3158	0.94785
135	3902	0.75475
135	2538	0.901
135	967	0.92595
135	2145	0.81845
136	2369	0.81245
136	1839	0.81245
136	143	0.95995
136	1092	0.81245
136	3002	0.81245
136	2446	0.81245
136	314	0.5
137	2431	0.9733
137	145	0.96565
137	3342	0.98235
137	2942	0.9375
138	3628	0.42445
138	861	0.4871
138	1350	0.7859499999999999
138	1719	0.81245
138	147	0.9088
139	398	0.8825000000000001
139	4703	0.8453999999999999
139	3147	0.8904000000000001
139	148	0.9454
139	1927	0.9402
140	3848	0.7553000000000001
140	2077	0.81245
140	3657	0.8916
140	905	0.7997000000000001
141	239	0.9593
141	3536	0.9757
141	2623	0.93695
141	2575	0.991
141	3113	0.99735
141	2674	0.9969
141	3746	0.90245
141	3102	0.8993
141	2177	0.99685
141	3044	0.998
141	3001	0.9958
141	3982	0.97945
141	3830	0.9258
141	3850	0.9934
141	3596	0.9804
141	3845	0.99875
141	3281	0.99105
141	2932	0.9923
141	3705	0.9976
141	3652	0.98515
141	3093	0.99715
141	3926	0.98705
141	2953	0.9963
141	3905	0.97545
141	2705	0.985
141	3964	0.63875
141	4686	0.98025
141	4105	0.99435
141	2211	0.9776
141	2491	0.99565
141	149	0.9951
141	3607	0.97035
141	3663	0.99295
141	2305	0.9032
141	2808	0.92775
141	3650	0.9981
141	2883	0.99165
141	3242	0.9953
141	2980	0.984
141	2554	0.92515
141	3709	0.99445
141	3146	0.99845
141	3422	0.9779
141	2564	0.9899
141	3355	0.9917
141	4091	0.9981
141	3730	0.99615
141	3492	0.4495
141	4103	0.9755
141	2668	0.9978
141	2737	0.93895
141	3301	0.8875
141	2843	0.9952
141	2743	0.99205
141	2979	0.2001
141	3099	0.9844
141	1340	0.957
141	3430	0.99665
141	3742	0.98945
141	3060	0.9615
141	2731	0.9997
141	3244	0.98265
141	3135	0.98185
141	1581	0.9933
141	3413	0.9981
142	220	0.8732
142	149	0.9201
142	388	0.77115
142	213	0.89225
142	911	0.3634
142	216	0.93975
143	160	0.74695
143	758	0.205
143	150	0.305
143	457	0.9747
143	820	0.97725
143	159	0.80325
143	1449	0.8577
144	3858	0.5
144	2122	0.86345
144	709	0.5
144	845	0.5
144	3555	0.7859499999999999
144	152	0.5
144	191	0.5
144	2532	0.5
144	3785	0.6806
145	154	0.92595
145	577	0.92495
145	2374	0.8982
145	2032	0.9875
145	2480	0.5
145	1259	0.99225
145	4346	0.9088
145	3297	0.9929
145	4662	0.22885
145	3316	0.96795
145	2363	0.92125
146	4264	0.5
146	4612	0.5
146	3917	0.5
146	154	0.5
147	1402	0.81245
147	4495	0.5
147	1582	0.81245
147	1000	0.8825000000000001
147	157	0.6591
147	1401	0.81245
147	1110	0.75475
147	4570	0.6591
148	160	0.2007
148	504	0.516
148	393	0.9916
148	892	0.94025
149	1929	0.97705
149	161	0.99465
149	1093	0.99345
149	1930	0.9668
150	162	0.96435
150	2194	0.81835
150	426	0.5862
150	2074	0.94545
150	4216	0.5937
150	1807	0.66025
150	4111	0.94775
150	4072	0.9329
151	2860	0.9987
151	4297	0.99435
151	2001	0.98125
151	212	0.9915
151	677	0.99165
151	4345	0.9994
151	530	0.841
151	162	0.91235
152	3462	0.5
152	164	0.5
152	576	0.545
152	348	0.3622499999999999
152	1168	0.81245
153	680	0.81245
153	1089	0.7202
153	1749	0.81845
153	2102	0.28925
153	686	0.648
153	2899	0.7202
153	166	0.5
153	1693	0.6591
153	1079	0.71075
153	1802	0.8889
154	1152	0.93125
154	226	0.82985
154	166	0.69475
154	471	0.8871
154	1338	0.8754500000000001
154	4055	0.6909
155	1930	0.9839
155	1784	0.7859499999999999
155	2697	0.9063
155	3810	0.3695
155	1354	0.27645
155	670	0.95765
155	2180	0.2063499999999999
155	2801	0.2004
155	168	0.9875
155	1751	0.82985
155	1412	0.648
156	169	0.352
156	3033	0.7202
156	479	0.0409499999999999
156	2484	0.5
157	1120	0.5
157	169	0.91965
157	1631	0.5
157	284	0.9337
157	3759	0.9257
157	953	0.5
157	350	0.5
157	1206	0.2528
157	2062	0.9329
157	1909	0.57655
157	354	0.5
157	3955	0.6692
157	3149	0.9329
157	3949	0.6692
157	3243	0.5
158	2552	0.96365
158	3895	0.82785
158	2549	0.92145
158	733	0.2915999999999999
158	224	0.8653
158	3452	0.77815
158	2805	0.8326
158	2068	0.60115
158	170	0.81845
159	2368	0.8787
159	171	0.86345
159	1972	0.89225
159	189	0.92055
159	2001	0.70095
159	1755	0.83485
159	3774	0.9811
159	2090	0.9627
159	3424	0.4678
159	268	0.8916
159	3155	0.8982
159	4043	0.6366
160	172	0.36485
160	836	0.99035
160	920	0.9372
160	1219	0.9063
161	850	0.95305
161	923	0.96225
161	173	0.94895
161	4272	0.9604
161	4360	0.9723
161	620	0.9659
161	1646	0.96855
161	766	0.7736000000000001
162	2209	0.9823
162	2574	0.8429
162	2255	0.9865
162	3083	0.85015
162	1450	0.99915
162	173	0.90555
163	174	0.6806
163	2603	0.81245
163	3255	0.5
163	4034	0.81065
163	3052	0.5640000000000001
163	2947	0.8062
163	1278	0.78885
163	2615	0.8404
163	1814	0.6366
164	267	0.8450500000000001
164	1806	0.92955
164	1879	0.92775
164	1808	0.58735
164	2407	0.85015
164	2424	0.7383500000000001
164	177	0.918
164	1837	0.9329
165	4213	0.81845
165	3765	0.8825000000000001
165	3502	0.88585
165	179	0.8995500000000001
166	1420	0.81845
166	180	0.81245
166	184	0.81245
166	430	0.85015
167	2066	0.7202
167	2365	0.81245
167	1907	0.81245
167	3757	0.58805
167	316	0.98375
167	1352	0.9571
167	3786	0.51875
167	3351	0.81245
167	969	0.92595
168	3444	0.06685
168	358	0.76335
168	3538	0.85015
168	3285	0.92195
168	516	0.92405
168	3461	0.4128
168	2242	0.85015
168	183	0.92775
169	1983	0.7202
169	1089	0.98685
169	1930	0.96625
169	185	0.9637
169	2105	0.7294
169	1106	0.96745
169	207	0.96545
170	3614	0.79725
170	683	0.968
170	3563	0.88585
170	3043	0.98285
170	916	0.8792
170	4744	0.94425
170	187	0.9864
170	2221	0.9722
170	1895	0.9033
170	1673	0.9347
170	3248	0.7463500000000001
170	1424	0.89585
171	2902	0.95995
171	677	0.9861
171	1836	0.99735
171	188	0.7553000000000001
172	2080	0.9417
172	3772	0.9559
172	2344	0.71075
172	2181	0.6909
172	2380	0.7202
172	1042	0.99115
172	3761	0.61315
172	558	0.5
173	2515	0.648
173	3768	0.7829999999999999
173	1760	0.5
173	190	0.97335
173	365	0.71075
173	2593	0.8825000000000001
173	1758	0.61315
173	3889	0.71075
173	4197	0.91005
173	375	0.71075
173	2861	0.8734500000000001
173	3488	0.71075
173	2602	0.81245
173	2297	0.3409
173	3779	0.4714
173	408	0.81245
173	3749	0.6405000000000001
173	2836	0.71075
173	3441	0.5
173	3776	0.94585
173	3787	0.71075
173	4724	0.5
173	3866	0.9643
173	4416	0.71075
173	1207	0.7294
173	1457	0.8611
174	4666	0.9706
174	4681	0.98615
174	4503	0.98615
174	1913	0.98755
174	1400	0.98615
174	193	0.98615
175	2823	0.97935
175	4425	0.61315
175	914	0.9124
175	860	0.87895
175	1952	0.857
175	192	0.909
175	4385	0.8633
175	4066	0.75905
176	1502	0.7155
176	2138	0.81845
176	194	0.92905
176	195	0.92905
176	2722	0.9683
176	2600	0.6472
177	222	0.5501
177	1812	0.8404
177	1870	0.96885
177	196	0.3622499999999999
178	2014	0.9976
178	1383	0.99955
178	1701	0.8625499999999999
178	303	0.99925
178	2903	0.9982
178	197	0.9995
179	3753	0.5
179	573	0.9684
179	625	0.5
179	676	0.8548
179	198	0.94295
179	369	0.95985
180	345	0.81755
180	1131	0.9958
180	302	0.99605
180	2216	0.95585
180	200	0.86955
180	2661	0.81845
181	1145	0.99075
181	1722	0.9945
181	1070	0.648
181	201	0.9467
181	1232	0.8855
182	1416	0.89465
182	896	0.99205
182	1167	0.2315499999999999
182	1502	0.9917
182	870	0.99575
182	1088	0.99965
182	4600	0.9876
182	1950	0.67945
182	545	0.0056999999999999
182	1215	0.99925
182	1492	0.4806
182	438	0.9649
182	2438	0.9935
182	204	0.8934500000000001
182	525	0.99865
182	4173	0.9914
183	2517	0.92405
183	3159	0.8762
183	208	0.8874500000000001
183	637	0.9717
183	2984	0.4871
183	1337	0.93435
183	1893	0.8332999999999999
183	425	0.6806
184	2470	0.71075
184	209	0.97355
184	1865	0.71075
184	679	0.7552
184	3048	0.71075
184	845	0.5377
184	1614	0.93275
184	3009	0.8589
184	1693	0.61315
185	2484	0.87895
185	623	0.9776
185	2557	0.0227499999999999
185	353	0.792
185	690	0.95835
185	232	0.90575
185	809	0.87765
185	210	0.47295
185	2362	0.93805
185	987	0.98845
185	911	0.8447
186	211	0.8429
186	425	0.74695
186	917	0.97725
186	955	0.59505
186	440	0.99145
186	1575	0.8271
187	3222	0.21865
187	212	0.9268
187	3012	0.99915
187	3465	0.998
187	3508	0.99965
187	323	0.99655
187	1154	0.9892
187	4700	0.99615
187	2886	0.98685
187	3488	0.96135
187	3815	0.21055
187	3570	0.9798
187	3134	0.94525
187	3240	0.96365
187	3119	0.99925
187	274	0.6903
187	3050	0.99925
187	2945	0.99795
187	3509	0.9811
187	2558	0.9969
187	3123	0.992
187	3043	0.99125
187	3427	0.99075
187	3629	0.9994
187	1670	0.9346
187	3276	0.9991
187	1567	0.52245
187	330	0.99655
187	3278	0.98995
187	3814	0.53785
187	4244	0.9991
187	3186	0.99455
188	1608	0.91125
188	728	0.9008
188	2344	0.88915
188	553	0.92955
188	1975	0.9158
188	3142	0.9467
188	952	0.88585
189	3080	0.9992
189	3001	0.9956
189	2981	0.9853
189	3209	0.99265
189	3431	0.9318
189	3136	0.9422
189	2568	0.9994
189	3869	0.99895
189	2573	0.0576499999999999
189	3568	0.8548
189	3135	0.99875
189	3102	0.99805
189	3527	0.9962
189	2986	0.9958
189	2381	0.99525
189	218	0.98435
189	3997	0.9939
189	775	0.98805
189	3352	0.99645
190	531	0.5
190	2362	0.6366
190	3103	0.5
190	4493	0.71075
190	155	0.71075
190	224	0.648
191	246	0.3294
191	4579	0.5
191	2149	0.61315
191	225	0.61315
191	559	0.61315
192	4069	0.9201
192	2280	0.5
192	4002	0.92405
192	3557	0.96275
192	2772	0.82985
192	4070	0.97065
192	4080	0.94895
192	4254	0.9035
192	4134	0.9375
192	3802	0.81245
193	229	0.97655
193	3468	0.73205
193	1845	0.92405
193	1104	0.8589
193	3076	0.95375
193	2252	0.95165
193	2266	0.7202
193	3197	0.78545
194	3450	0.30405
194	230	0.5
194	381	0.67955
194	452	0.8953
194	3008	0.93515
194	272	0.5
195	230	0.44865
195	3992	0.9261
195	4235	0.97615
195	4085	0.5
195	3217	0.9776
195	4242	0.9221
195	4473	0.6806
196	1508	0.7997000000000001
196	4279	0.71075
196	3346	0.71075
196	230	0.9007000000000001
196	2054	0.81845
196	2021	0.88915
197	1585	0.7202
197	3645	0.81245
197	4285	0.81245
197	1469	0.61315
197	2713	0.81245
197	677	0.7202
197	1533	0.81245
197	3295	0.7202
198	473	0.71075
198	671	0.71075
198	230	0.71075
198	932	0.71075
199	441	0.97745
199	232	0.39765
199	518	0.22935
199	1933	0.9928
200	1586	0.91725
200	759	0.98175
200	1934	0.99115
200	232	0.92955
200	4544	0.8807499999999999
200	1246	0.9063
201	4127	0.625
201	329	0.7061999999999999
201	674	0.996
201	3321	0.79425
201	232	0.60115
202	2933	0.95845
202	419	0.98
202	1589	0.9211
202	233	0.9771
202	469	0.97485
202	2213	0.6349
202	2853	0.96005
202	259	0.9609
202	1841	0.97565
202	3077	0.9737
202	4222	0.83995
202	1536	0.9703
203	237	0.8953
203	1209	0.8062
203	826	0.81245
203	1398	0.5
204	535	0.8573500000000001
204	460	0.9509
204	458	0.99085
204	238	0.9037
204	3593	0.6291
204	282	0.98715
204	4090	0.9547
204	1836	0.8478
205	3303	0.77115
205	641	0.29805
205	1733	0.89365
205	240	0.9375
205	4130	0.75115
206	1320	0.3194
206	2471	0.90685
206	1573	0.6196
206	3701	0.1937999999999999
206	756	0.8182
206	4690	0.60115
206	2645	0.7306
206	874	0.60115
206	487	0.57535
206	241	0.8782
206	3018	0.7294
207	1783	0.9736
207	242	0.96795
207	1836	0.9779
207	1585	0.79855
208	4624	0.7922
208	2312	0.98155
208	244	0.3622499999999999
208	1875	0.93445
209	244	0.2798
209	4465	0.90235
209	2723	0.81465
209	4126	0.06335
209	4472	0.9158
210	507	0.42345
210	678	0.81245
210	2194	0.86755
210	1713	0.8944
210	2000	0.5
210	708	0.86755
210	244	0.6366
210	1137	0.93165
210	1182	0.53645
210	1363	0.9922
210	1721	0.81845
210	1958	0.96465
210	1769	0.8951
210	748	0.87895
210	1768	0.6753
210	2597	0.5
210	1774	0.78885
210	1813	0.2355499999999999
210	2378	0.5
210	2010	0.7255
210	2261	0.8544499999999999
210	1013	0.7717
210	1210	0.9771
210	1719	0.9901
210	720	0.9531
210	1810	0.81245
211	247	0.15105
211	2165	0.9959
211	2547	0.99015
211	1352	0.87895
212	248	0.97065
212	2833	0.918
212	1893	0.9374
212	3145	0.96005
212	2332	0.9953
212	4719	0.9515
212	2198	0.7837000000000001
212	1129	0.99045
213	249	0.8875
213	954	0.31715
213	1184	0.7155
213	3075	0.97775
214	3303	0.5
214	4451	0.94035
214	2758	0.78895
214	3552	0.13695
214	1844	0.25305
214	3784	0.18735
214	2477	0.72215
214	2004	0.7553000000000001
214	476	0.74695
214	4351	0.88285
214	2462	0.8163
214	1439	0.4692
214	2484	0.8735999999999999
214	3466	0.7859499999999999
214	2214	0.13695
214	2458	0.8243
214	446	0.9789
214	4301	0.9738
214	3648	0.8787
214	2207	0.1849
214	2337	0.1538999999999999
214	2483	0.27285
214	1222	0.70095
214	2096	0.9291
214	2494	0.8301499999999999
214	2869	0.97115
214	1649	0.91355
214	2461	0.98815
214	2234	0.9943
214	250	0.9851
214	4073	0.88225
215	1532	0.44865
215	1422	0.96745
215	297	0.8825000000000001
215	251	0.91355
216	1256	0.8404
216	1122	0.9769
216	510	0.93125
216	649	0.9196
216	253	0.58895
217	2430	0.9623
217	3173	0.9557
217	254	0.98155
217	3960	0.889
217	4291	0.70545
217	3828	0.943
218	2142	0.965
218	256	0.9716
218	4416	0.94255
218	2353	0.94525
218	551	0.955
218	3107	0.9158
218	4323	0.97915
218	501	0.8982
218	967	0.7997000000000001
218	615	0.90275
218	423	0.96495
218	334	0.97845
218	1674	0.98615
218	916	0.94255
218	474	0.9622
219	808	0.92595
219	891	0.7202
219	899	0.7202
219	2269	0.7202
219	4679	0.9158
219	259	0.5
219	1052	0.8062
220	1697	0.55135
220	279	0.81245
220	263	0.7202
220	3705	0.81845
221	2570	0.5
221	4136	0.7859499999999999
221	4560	0.7859499999999999
221	328	0.7859499999999999
221	681	0.5
222	865	0.8565499999999999
222	3049	0.4296999999999999
222	1945	0.97595
222	879	0.0689
222	264	0.7935
223	2543	0.7202
223	2155	0.66805
223	742	0.82985
223	4726	0.91125
223	2921	0.20755
223	265	0.9725
223	2308	0.6815
223	3245	0.41675
223	1363	0.2645
223	267	0.9661
223	3250	0.58895
223	3029	0.76335
223	1315	0.8180499999999999
223	269	0.92955
223	4728	0.2213
224	3995	0.92405
224	4438	0.8953
224	266	0.89205
224	2665	0.9294
225	269	0.26165
225	3074	0.3194
225	3590	0.21405
225	3703	0.5
226	269	0.8996
226	3954	0.96745
226	3051	0.97655
226	2259	0.8613500000000001
226	3732	0.9881
226	2116	0.9637
226	3291	0.99145
227	270	0.55135
227	2868	0.7859499999999999
227	1885	0.92595
227	1585	0.92835
228	4104	0.97955
228	1535	0.98995
228	4283	0.89125
228	3873	0.93125
228	1470	0.0484999999999999
228	1709	0.88915
228	3734	0.97045
228	4290	0.94895
228	1740	0.66455
228	3260	0.1845
228	4084	0.2392
228	3920	0.67
228	3082	0.9567
228	3770	0.9779
228	3769	0.98465
228	3797	0.96965
228	3968	0.4991
228	2821	0.9807
228	272	0.0534999999999999
229	1585	0.7383500000000001
229	1809	0.9522
229	1859	0.9158
229	523	0.8180499999999999
229	1749	0.9008
230	4286	0.8295
230	1620	0.1306
230	4318	0.9158
230	762	0.8371
230	3629	0.88695
230	4303	0.8982
230	275	0.351
231	1452	0.5
231	3645	0.81245
231	3578	0.81245
231	4018	0.81245
231	3991	0.81245
231	277	0.905
231	825	0.8544499999999999
231	3609	0.81245
232	788	0.5189
232	986	0.2761
232	4431	0.81845
232	879	0.5189
232	277	0.6472
232	799	0.5189
233	2278	0.94725
233	3632	0.5129
233	1071	0.9139
233	287	0.7859499999999999
234	2396	0.965
234	589	0.9416
234	1089	0.94015
234	1307	0.95395
234	1186	0.9734
234	3189	0.8589
234	288	0.9826
234	966	0.8977999999999999
235	290	0.6959500000000001
235	1527	0.8613999999999999
235	4325	0.8218
235	1458	0.88045
236	660	0.9359
236	294	0.1003999999999999
236	1363	0.9738
236	1695	0.28385
237	296	0.88935
237	2490	0.7202
237	1517	0.7202
237	301	0.88935
237	2095	0.7202
238	855	0.8673500000000001
238	687	0.8592
238	3154	0.9873
238	2442	0.9136
238	3991	0.865
238	298	0.8804000000000001
238	810	0.8996
238	677	0.3111
238	1958	0.9476
238	1585	0.89225
238	2082	0.7997000000000001
238	778	0.99595
238	3812	0.0626999999999999
238	2686	0.96335
238	2258	0.96335
239	823	0.5738
239	850	0.96435
239	299	0.8748
239	4073	0.57655
240	305	0.47605
240	3448	0.7374
240	3307	0.91915
240	3204	0.79295
240	2638	0.9158
240	2791	0.9035
240	2527	0.9648
241	3888	0.352
241	306	0.5
241	1298	0.352
241	1573	0.5
242	568	0.7202
242	417	0.5357
242	2019	0.3294
242	401	0.648
242	3560	0.5
243	1704	0.8436
243	2264	0.7202
243	2611	0.7202
243	1684	0.941
243	310	0.7859499999999999
244	494	0.9716
244	3961	0.96005
244	4461	0.91905
244	4432	0.97845
244	3753	0.84385
244	2098	0.81245
244	2162	0.9588
244	1784	0.7859499999999999
244	1264	0.91125
244	3573	0.8825000000000001
244	313	0.97855
244	1585	0.87375
244	2958	0.7968999999999999
244	3255	0.8404
244	2963	0.99345
244	4433	0.9716
244	1685	0.96535
245	887	0.7202
245	2334	0.5
245	3879	0.81245
245	2260	0.81245
245	315	0.6902
245	1482	0.7997000000000001
245	1350	0.6591
245	1710	0.7997000000000001
245	3067	0.5
245	4269	0.81245
245	1898	0.7202
245	388	0.7202
246	4118	0.61935
246	3155	0.6692
246	756	0.24945
246	496	0.54365
246	4228	0.6956
246	945	0.7626
246	1809	0.97425
246	891	0.9822
246	2819	0.67745
246	2931	0.9949
246	2787	0.74695
246	2250	0.9265
246	2529	0.37385
246	2634	0.8691
246	2293	0.9296
246	315	0.27515
246	1515	0.1845
246	1953	0.7411
247	1461	0.8243
247	990	0.918
247	1399	0.93895
247	944	0.71075
247	4567	0.88915
247	1699	0.8575999999999999
247	317	0.7997000000000001
247	715	0.74695
247	1603	0.9902
247	1931	0.7859499999999999
247	3265	0.33545
247	1537	0.89225
248	324	0.57655
248	318	0.88585
248	346	0.92955
248	2378	0.8548
249	319	0.81245
249	365	0.9454
249	4342	0.81245
249	1258	0.86345
250	1271	0.96855
250	3758	0.8062
250	2325	0.95005
250	512	0.5
250	2974	0.918
250	3056	0.7377
250	320	0.81245
250	3750	0.44865
250	4706	0.6366
250	1855	0.7553000000000001
250	2790	0.60115
250	2855	0.60115
250	4252	0.8548
251	597	0.9593
251	850	0.9402
251	2697	0.72405
251	1530	0.8243
251	325	0.8753
252	613	0.9678
252	2002	0.97275
252	327	0.9004
252	1235	0.925
252	1484	0.94895
252	858	0.68855
253	2266	0.5
253	4505	0.7859499999999999
253	98	0.7859499999999999
253	2341	0.81245
253	328	0.648
253	2245	0.86755
254	879	0.955
254	788	0.81845
254	2788	0.7553000000000001
254	1181	0.9221
254	468	0.55135
254	778	0.81845
254	3433	0.7992
254	329	0.8714999999999999
255	2261	0.92765
255	332	0.9887
255	3037	0.9757
255	1352	0.90865
256	3197	0.7202
256	3155	0.81245
256	1008	0.81845
256	3903	0.86985
256	3898	0.3137999999999999
256	1631	0.81245
257	704	0.648
257	928	0.5
257	307	0.7202
257	464	0.83525
257	336	0.648
258	774	0.97335
258	340	0.9854
258	950	0.9882
258	1887	0.9818
259	2590	0.75475
259	1109	0.5
259	4511	0.5
259	426	0.5
260	531	0.9637
260	427	0.9637
260	378	0.9637
260	341	0.9637
261	377	0.9672
261	1066	0.026
261	503	0.20365
261	1077	0.9716
261	1065	0.5577
262	2741	0.97725
262	854	0.9948
262	3879	0.9821
262	344	0.95495
262	349	0.30355
263	348	0.88585
263	2697	0.90395
263	4397	0.90755
263	1091	0.97675
263	875	0.8753
263	942	0.75795
263	2330	0.9818
263	4234	0.5267
263	2484	0.3791
263	3384	0.8953
264	2266	0.8136
264	2139	0.71075
264	1524	0.1141499999999999
264	351	0.8718
264	904	0.98525
264	369	0.77115
264	4502	0.9769
265	352	0.71075
265	2263	0.9288
265	1393	0.98075
265	1764	0.9375
265	2336	0.92475
265	2734	0.97465
265	3425	0.98285
265	1644	0.7202
265	959	0.8786
265	1133	0.36245
266	4099	0.71075
266	1784	0.21405
266	1814	0.2706
266	1751	0.89225
266	4650	0.81245
266	2006	0.81245
266	4239	0.95755
266	353	0.89225
266	1901	0.81245
267	2548	0.74695
267	968	0.9584
267	355	0.9823
267	1387	0.3923999999999999
267	627	0.98425
267	1491	0.95
267	744	0.6517999999999999
268	3660	0.5
268	355	0.86755
268	593	0.71075
268	3986	0.5
268	3394	0.81245
269	356	0.5
269	1331	0.5108
269	2353	0.9454
269	2250	0.81245
269	3155	0.7285
269	4018	0.82985
269	1350	0.92395
269	3575	0.7202
269	2697	0.9416
269	4087	0.7202
269	3572	0.5
269	2647	0.81765
270	1505	0.9665
270	1890	0.9852
270	357	0.97225
270	869	0.96715
270	878	0.96185
270	1649	0.8613500000000001
270	1291	0.8310500000000001
271	2607	0.9429
271	2071	0.93895
271	2320	0.82985
271	358	0.6482
272	4556	0.6072
272	2640	0.99485
272	1968	0.8161
272	4209	0.9732
272	3421	0.9819
272	1005	0.5
272	358	0.0373999999999999
273	4528	0.99405
273	816	0.99485
273	3367	0.72505
273	4636	0.83005
273	3402	0.99695
273	361	0.66835
273	3919	0.8182499999999999
273	4558	0.9789
273	3611	0.98445
273	3373	0.9905
273	903	0.9972
273	4718	0.95255
273	3360	0.9727
273	4109	0.9728
273	821	0.9872
273	4527	0.98225
273	2154	0.96145
273	815	0.99455
273	3990	0.97945
273	4692	0.98295
273	4508	0.8714999999999999
273	4754	0.93835
273	4654	0.98975
273	4261	0.8592
273	3826	0.98905
273	3381	0.98685
273	2439	0.9885
274	363	0.9329
274	4166	0.77115
274	4010	0.9063
274	3714	0.88915
275	4288	0.9201
275	3916	0.28925
275	2695	0.963
275	1930	0.97825
275	427	0.9725
275	795	0.9
275	1818	0.92955
275	1528	0.57655
276	1772	0.7202
276	554	0.5
276	904	0.81245
276	366	0.648
277	369	0.8404
277	3653	0.9375
277	3232	0.8825000000000001
277	1870	0.7773
277	678	0.81245
278	3880	0.98115
278	1511	0.81245
278	2707	0.352
278	3968	0.881
278	1460	0.88765
278	4460	0.98985
278	4234	0.92195
278	4139	0.8948499999999999
278	1921	0.82985
278	2064	0.61385
278	370	0.9037
278	4022	0.55135
278	1075	0.4614
278	3677	0.89465
278	1776	0.88585
278	4127	0.901
278	3204	0.98565
278	4121	0.9976
278	2998	0.9063
278	2261	0.74695
278	1651	0.9037
278	4120	0.94785
278	1781	0.9593
279	597	0.80575
279	894	0.80575
279	371	0.81845
279	4576	0.86755
279	4586	0.80575
279	1269	0.80575
279	4061	0.80575
280	707	0.9681
280	563	0.911
280	372	0.1987999999999999
280	373	0.39885
281	1238	0.9035
281	1239	0.9035
281	3887	0.57655
281	1894	0.81845
282	1790	0.81245
282	4221	0.9683
282	4339	0.6292
282	1947	0.8295
282	1222	0.8842
282	1833	0.3294
282	4623	0.9023
282	629	0.9337
282	1814	0.7859499999999999
282	1702	0.4423
282	695	0.93275
282	376	0.94375
282	1268	0.945
282	712	0.7202
282	1870	0.81845
282	664	0.81245
283	937	0.99195
283	1273	0.97005
283	2146	0.9669
283	760	0.9553
283	379	0.98205
283	1631	0.1080499999999999
283	978	0.9788
283	1823	0.6701
284	2279	0.918
284	492	0.67
284	379	0.2374
284	2238	0.5640000000000001
285	4037	0.8825000000000001
285	1505	0.81245
285	2468	0.5
285	3350	0.5
285	382	0.60115
285	1617	0.81245
285	1972	0.5
285	3648	0.5
285	3218	0.5
285	2403	0.5
285	4151	0.81245
285	3347	0.81245
285	1486	0.81245
285	1571	0.81245
286	397	0.5
286	2726	0.30095
286	2341	0.6806
286	3406	0.8592
286	3555	0.84005
286	2347	0.5
286	385	0.5
286	1376	0.5138
286	1505	0.81245
287	388	0.5
287	1176	0.92405
287	4578	0.9088
287	1122	0.92405
287	3152	0.2626
287	631	0.8953
287	1069	0.81245
288	2192	0.9795
288	3017	0.936
288	2062	0.96125
288	388	0.4296999999999999
288	2336	0.60115
289	3543	0.8478
289	3615	0.88915
289	2299	0.7787
289	3715	0.5
289	2779	0.8429
289	388	0.92595
289	3447	0.9232
289	3049	0.3634
290	3121	0.5
290	781	0.73885
290	388	0.5
290	3672	0.85015
291	2250	0.6366
291	388	0.6366
291	4365	0.6366
291	1371	0.5
291	3175	0.5
291	1740	0.5
291	2047	0.6366
292	3530	0.9952
292	1642	0.9939
292	2375	0.99355
292	3494	0.98555
292	388	0.6366
292	905	0.6267
292	2809	0.9873
293	1406	0.5
293	388	0.8149500000000001
293	3397	0.7882
293	426	0.47345
293	3049	0.5
294	390	0.9992
294	2625	0.96975
294	1685	0.9821
294	624	0.97995
294	2927	0.98385
294	1870	0.998
294	632	0.9897
294	1832	0.99485
295	2037	0.9531
295	1272	0.75935
295	2164	0.7859499999999999
295	393	0.8453999999999999
295	3183	0.81245
295	1190	0.9154
295	2149	0.9037
295	1005	0.5
296	1748	0.7997000000000001
296	1585	0.81845
296	397	0.81845
296	1244	0.5
296	1870	0.81845
297	3321	0.48065
297	3645	0.96085
297	3864	0.92905
297	397	0.9221
298	397	0.94885
298	2879	0.93125
298	4665	0.968
298	4123	0.91125
298	1080	0.81245
298	957	0.94785
299	1893	0.81245
299	4015	0.8062
299	2406	0.92775
299	3353	0.21405
299	398	0.545
300	1631	0.81245
300	1122	0.2514
300	635	0.29705
300	398	0.1285
300	3255	0.97725
300	3319	0.9063
301	1611	0.8825000000000001
301	2319	0.7859499999999999
301	696	0.16475
301	2959	0.9158
301	1993	0.7859499999999999
301	640	0.9623
301	1397	0.7859499999999999
301	1944	0.86755
301	3216	0.9158
301	398	0.9158
301	4714	0.943
301	2656	0.9158
301	2167	0.86755
301	2647	0.9158
301	3806	0.7859499999999999
301	1302	0.96055
301	2578	0.8825000000000001
301	2233	0.7859499999999999
302	1499	0.96795
302	1434	0.7859499999999999
302	615	0.5
302	1440	0.9293
302	1454	0.94995
302	399	0.857
302	1738	0.80575
302	435	0.86755
302	2891	0.9454
302	937	0.918
302	411	0.2805499999999999
302	1498	0.918
302	517	0.86755
302	521	0.86755
303	2868	0.6366
303	1821	0.92195
303	2917	0.81845
303	3666	0.352
303	1125	0.8404
303	2011	0.8714999999999999
303	1951	0.0513
303	2121	0.7997000000000001
303	3181	0.7997000000000001
303	398	0.54415
304	3550	0.9201
304	1714	0.90545
304	1148	0.1165499999999999
304	2060	0.9907
304	402	0.8069
305	1319	0.89205
305	513	0.89205
305	1069	0.81245
305	420	0.89205
305	3095	0.81245
305	3255	0.81245
305	871	0.89205
305	2627	0.3634
305	403	0.3194
305	1141	0.81245
306	432	0.9565
306	404	0.8243
306	1731	0.81245
306	459	0.5
306	2104	0.81245
306	1706	0.73575
307	1194	0.81245
307	405	0.9052
307	1211	0.7427
307	3658	0.97385
308	3565	0.6692
308	2040	0.8538
308	407	0.81245
308	3603	0.81245
308	3455	0.7202
309	548	0.9837
309	2990	0.9641
309	3039	0.5129
309	2128	0.6872
309	412	0.4614
310	431	0.92405
310	1070	0.96525
310	2274	0.95955
310	763	0.91995
310	2399	0.9521
310	413	0.83485
310	2577	0.8787
310	2459	0.9374
310	737	0.95205
310	1081	0.96525
310	1144	0.96945
310	750	0.97425
310	1715	0.9598
310	2393	0.9374
310	2662	0.9374
310	1511	0.9654
310	647	0.92195
310	1606	0.96685
311	4483	0.84875
311	413	0.0141
311	4512	0.81845
311	4388	0.81845
311	3403	0.97465
311	890	0.57655
311	2851	0.81845
311	3884	0.5
311	876	0.93125
311	3556	0.55195
312	454	0.9599
312	455	0.9627
312	1062	0.9466
312	848	0.95005
312	4404	0.8404
312	416	0.89225
313	2621	0.5
313	418	0.1937999999999999
313	845	0.8243
313	2016	0.77115
314	464	0.81245
314	418	0.9158
314	998	0.7997000000000001
314	1787	0.81245
314	1480	0.71075
315	4518	0.9158
315	1142	0.918
315	1236	0.65345
315	2148	0.6366
315	418	0.9948
315	1897	0.91235
315	1304	0.81845
315	1019	0.65345
315	2147	0.63765
315	2160	0.918
315	1031	0.8345
316	922	0.81245
316	3554	0.81845
316	518	0.81245
316	420	0.81245
317	3238	0.86755
317	421	0.36915
317	1725	0.71075
317	2826	0.31965
317	3049	0.6366
318	3323	0.98005
318	2747	0.5
318	3021	0.44865
318	2484	0.5
318	634	0.1689999999999999
318	1742	0.5
318	1352	0.41105
318	422	0.2932
318	2165	0.5377
318	4061	0.71075
319	425	0.94425
319	2709	0.99615
319	499	0.57655
319	2617	0.55135
319	3505	0.996
319	1071	0.98955
320	1098	0.81245
320	4281	0.81245
320	1095	0.8953
320	425	0.8825000000000001
321	685	0.9591
321	661	0.92405
321	1528	0.9623
321	3743	0.9788
322	425	0.9063
322	2049	0.943
322	2484	0.81245
322	1018	0.92595
322	905	0.81245
323	4596	0.81245
323	4383	0.81845
323	4541	0.81845
323	696	0.648
323	2797	0.5
323	4547	0.81845
323	1225	0.648
323	720	0.648
323	706	0.648
323	1396	0.7202
323	1693	0.648
323	4602	0.648
323	689	0.7463500000000001
323	4598	0.81845
323	4621	0.81845
323	431	0.3294
323	4536	0.648
324	793	0.81845
324	875	0.83525
324	3049	0.5
324	1698	0.7859499999999999
324	425	0.98045
324	2736	0.20365
325	4082	0.9781
325	436	0.93045
325	2220	0.77495
325	4320	0.99745
326	3329	0.9721
326	1816	0.4154
326	875	0.96205
326	1783	0.7321
326	2150	0.9037
326	1776	0.9978
327	4148	0.1946999999999999
327	4300	0.9949
327	4708	0.98125
327	710	0.8962
328	442	0.1596
328	1823	0.9037
328	1814	0.9003
328	578	0.71355
328	4207	0.9879
328	4658	0.3084
329	2266	0.9511
329	1761	0.94785
329	3112	0.57655
329	769	0.9511
329	2415	0.96625
329	3937	0.9531
329	2551	0.6366
329	587	0.87895
329	2954	0.7374499999999999
329	1314	0.973
329	1718	0.5
329	801	0.92595
329	2427	0.9559
329	3266	0.9467
329	448	0.81845
329	723	0.9683
329	3141	0.57655
329	2301	0.83525
329	1871	0.9302
330	449	0.98125
330	4124	0.79635
330	1051	0.9454
330	2266	0.7919499999999999
330	1085	0.9608
330	1163	0.7202
330	4218	0.92885
331	841	0.5
331	3166	0.27115
331	3143	0.8243
331	3929	0.81845
332	2884	0.86755
332	1711	0.81845
332	456	0.81245
332	3528	0.94785
333	3900	0.6806
333	2562	0.7202
333	531	0.8632
333	3304	0.6806
333	3632	0.7294
333	456	0.8632
333	3667	0.74385
333	4517	0.8632
333	3764	0.6806
333	3471	0.6806
334	630	0.8453999999999999
334	459	0.70025
334	4108	0.82985
334	4182	0.92405
334	3724	0.7202
334	4206	0.92405
334	4077	0.2446999999999999
334	2157	0.81245
334	889	0.81245
334	1552	0.6858
335	1076	0.95725
335	461	0.5
335	2565	0.87895
335	519	0.7553000000000001
336	3106	0.9705
336	2141	0.97265
336	1518	0.98665
336	4753	0.9805
336	2175	0.9882
336	2955	0.9949
336	4462	0.9589
336	3977	0.98325
336	3513	0.8701
336	467	0.9483
337	4472	0.9467
337	4116	0.61315
337	4224	0.6753
337	470	0.6806
338	3752	0.9593
338	2266	0.5
338	472	0.83525
338	3035	0.6358
339	1144	0.99095
339	1219	0.9979
339	1086	0.74695
339	472	0.9704
340	4035	0.83965
340	4022	0.81245
340	4014	0.7202
340	4023	0.9417
341	481	0.6366
341	672	0.96155
341	847	0.8714999999999999
341	757	0.79295
342	2711	0.9531
342	1213	0.9949
342	3134	0.98315
342	3428	0.98915
342	630	0.98275
342	483	0.9993
342	2674	0.99965
342	3313	0.9976
342	1918	0.9989
342	1174	0.99495
342	3821	0.99085
342	2953	0.99645
342	3259	0.99885
342	1707	0.9909
342	1242	0.9632
342	1136	0.9653
342	2770	0.99775
342	4293	0.9936
342	485	0.9928
342	498	0.9985
342	1216	0.9947
342	486	0.9987
342	1682	0.9871
342	2176	0.98425
343	1370	0.94895
343	1411	0.96535
343	502	0.87405
343	817	0.97125
343	1828	0.96595
343	1459	0.79295
343	490	0.58895
344	756	0.98625
344	4075	0.96795
344	4409	0.9623
344	3155	0.8404
344	4118	0.8953
344	491	0.92955
344	4448	0.81245
344	3325	0.3069
344	3659	0.8753
344	1751	0.9372
344	4041	0.81245
344	1585	0.8753
345	1663	0.98275
345	851	0.648
345	842	0.7294
345	3716	0.88565
346	1170	0.9782
346	3865	0.9943
346	4017	0.985
346	842	0.6692
346	4019	0.9979
346	4094	0.9987
346	4110	0.9984
346	499	0.93435
347	2373	0.7553000000000001
347	828	0.5
347	508	0.71075
347	4605	0.61315
348	1649	0.92405
348	642	0.8404
348	509	0.82985
348	4539	0.28925
348	2059	0.81245
348	4533	0.5
348	4530	0.71075
349	2117	0.352
349	511	0.23665
349	2170	0.8156
349	2715	0.6806
349	1628	0.8753
349	1751	0.90255
350	3857	0.8752
350	3236	0.9284
350	2983	0.8756999999999999
350	3738	0.7994
350	3976	0.9795
350	2051	0.90135
350	2740	0.92405
350	1428	0.9411
350	2474	0.95065
350	3696	0.99205
350	514	0.5
350	3176	0.8987499999999999
350	3474	0.98395
350	2846	0.8399
350	2690	0.9947
350	2394	0.89225
350	3858	0.97315
350	2762	0.5
350	2733	0.86755
350	3739	0.9706
351	515	0.81245
351	4177	0.81245
351	2504	0.61315
351	3338	0.6806
351	3228	0.81245
351	4616	0.92595
351	1585	0.14495
351	4711	0.3409
351	3229	0.81245
351	1512	0.89225
351	1153	0.96155
351	1214	0.58895
351	4009	0.81245
351	2619	0.81845
351	1543	0.8632
351	3121	0.3622499999999999
351	3020	0.81845
351	2585	0.81845
351	1208	0.5
352	1070	0.857
352	518	0.3025
352	1709	0.5
352	1309	0.1939
352	1429	0.6191
352	3404	0.86345
352	1069	0.6366
353	2222	0.8243
353	520	0.9766
353	1303	0.5
353	1999	0.92405
353	4534	0.9374
353	4414	0.86755
354	2314	0.66555
354	1986	0.92595
354	2865	0.5254
354	2881	0.8463
354	901	0.5
354	3592	0.81245
354	527	0.60115
354	1500	0.9063
354	3588	0.9619
355	2358	0.97685
355	530	0.8978999999999999
355	1334	0.963
355	3246	0.74335
355	976	0.9724
355	4538	0.72575
355	713	0.74335
356	2599	0.7202
356	1140	0.7202
356	3586	0.7202
356	2947	0.7202
356	536	0.7202
356	1275	0.7202
356	1121	0.7202
356	1784	0.7202
356	1579	0.7202
356	1750	0.7202
356	3449	0.7202
356	2615	0.7202
356	3283	0.7202
357	4018	0.7202
357	537	0.5
357	2965	0.91005
357	4450	0.5
357	3996	0.7553000000000001
357	1666	0.60115
358	2584	0.91705
358	4647	0.7706500000000001
358	540	0.79635
358	538	0.94895
358	2884	0.83485
359	4275	0.5
359	541	0.947
359	4058	0.9382
359	1648	0.469
360	4343	0.92335
360	4239	0.5
360	542	0.7383500000000001
360	1743	0.5
360	3369	0.6771
360	3985	0.3538
360	1232	0.5
361	554	0.6532
361	659	0.9425
361	3753	0.76225
361	4215	0.8084
361	4322	0.89225
362	3663	0.81245
362	1029	0.81245
362	561	0.94165
362	1403	0.81245
362	1441	0.81245
362	1003	0.648
362	2702	0.648
362	2687	0.81245
363	594	0.9037
363	2469	0.71075
363	2257	0.90755
363	2131	0.81845
363	1078	0.9417
363	3612	0.71075
363	1068	0.39715
363	3262	0.39135
363	4659	0.6858
363	562	0.39675
363	2496	0.92865
363	2889	0.8592
363	1225	0.81245
364	614	0.89225
364	2335	0.2706
364	1164	0.898
364	1840	0.905
364	2419	0.26165
364	2127	0.3708
364	2230	0.4614
364	1086	0.7859499999999999
364	2041	0.86345
364	1827	0.3721
364	566	0.8295
364	1729	0.81245
364	1415	0.79545
364	4167	0.41105
364	1082	0.93895
365	2671	0.82965
365	3858	0.96685
365	2792	0.9037
365	2017	0.39885
365	1430	0.98445
365	1854	0.2939
365	567	0.98845
365	3015	0.9038
365	838	0.19065
365	2445	0.9901
366	1183	0.96565
366	650	0.9923
366	569	0.9454
366	3702	0.9895
367	1448	0.87895
367	701	0.90905
367	582	0.7202
367	3673	0.8062
367	3598	0.8787
367	2109	0.7137
367	3681	0.97745
368	3712	0.81245
368	3978	0.70035
368	2697	0.8953
368	3649	0.92595
368	3928	0.936
368	2341	0.81245
368	1500	0.955
368	2686	0.81245
368	3634	0.9201
368	2484	0.81245
368	583	0.88585
368	2208	0.8825000000000001
368	4047	0.8953
368	3616	0.81245
368	3847	0.9158
368	2451	0.94785
368	3713	0.94785
369	3000	0.67
369	840	0.61315
369	2482	0.5
369	586	0.79245
370	1368	0.8881
370	588	0.75115
370	893	0.943
370	1459	0.9037
371	590	0.44735
371	3892	0.6292
371	2916	0.95005
371	1176	0.93825
371	2357	0.8894
372	2594	0.3299999999999999
372	1290	0.7787
372	2651	0.90755
372	591	0.81595
373	596	0.9837
373	1580	0.81845
373	1504	0.81845
373	1036	0.9623
373	1687	0.3622499999999999
373	2761	0.92405
373	1409	0.6959500000000001
373	1981	0.71075
373	2089	0.8982
373	2944	0.92775
374	1309	0.971
374	3887	0.98735
374	3387	0.9968
374	602	0.97675
374	1460	0.98675
374	1144	0.98675
374	4137	0.9929
374	1149	0.7314499999999999
374	3055	0.9854
375	1756	0.9782
375	4609	0.71075
375	3355	0.99065
375	2264	0.9723
375	2873	0.27625
375	631	0.99415
375	1656	0.6786
375	1357	0.9987
375	1592	0.98515
375	2612	0.9806
375	1345	0.98965
375	1107	0.98785
375	2775	0.99635
375	1561	0.9961
375	2379	0.98125
375	1015	0.9771
375	3329	0.9191
375	1766	0.9836
375	1616	0.99765
375	1811	0.9685
375	1548	0.9936
375	1659	0.74695
375	2911	0.99805
375	4028	0.94785
375	3823	0.99695
375	1347	0.98965
375	4528	0.72915
375	2674	0.9769
375	2564	0.70095
375	2378	0.9568
375	2276	0.9876
375	985	0.9716
375	4194	0.91385
375	2773	0.97525
375	3330	0.98335
375	2594	0.95455
375	2616	0.8809
375	3126	0.83525
375	1598	0.9346
375	3096	0.95855
375	1334	0.9122
375	2385	0.959
375	1141	0.9767
375	3090	0.7202
375	1430	0.96295
375	4064	0.9887
375	2228	0.78915
375	837	0.99545
375	2732	0.97715
375	2781	0.44865
375	1655	0.9418
375	2199	0.8793500000000001
375	2840	0.9311
375	976	0.6423
375	2518	0.9783
375	4622	0.97945
375	3011	0.16985
375	2177	0.9536
375	3146	0.97865
375	606	0.99775
375	1597	0.0983
375	2886	0.967
375	2407	0.93895
375	1736	0.98785
375	2859	0.99785
375	3001	0.90235
375	1868	0.7202
375	2613	0.9806
375	2980	0.93535
376	1038	0.74025
376	747	0.81845
376	4427	0.87045
376	2297	0.81845
376	4643	0.81845
376	4540	0.81845
376	1927	0.81845
376	4447	0.72885
376	607	0.81845
377	2588	0.97115
377	916	0.9819
377	4360	0.97355
377	1709	0.9608
377	2719	0.97855
377	1264	0.98735
377	1468	0.97115
377	1456	0.86755
377	1584	0.86755
377	2660	0.91355
377	1505	0.97115
377	4165	0.9507
377	1469	0.97115
377	1904	0.97855
377	2831	0.9608
377	608	0.98735
377	3592	0.9734
377	3052	0.9608
377	1649	0.905
377	1285	0.9719
377	2542	0.97115
377	1706	0.86755
377	1069	0.9257
377	2509	0.9531
377	1667	0.91125
378	1388	0.81845
378	2200	0.94895
378	1604	0.925
378	1539	0.38685
378	4531	0.94785
379	1143	0.9158
379	2291	0.83795
379	608	0.8592
379	1144	0.9158
379	1945	0.61235
379	1760	0.94785
379	3243	0.81845
380	608	0.81245
380	3255	0.5831999999999999
380	900	0.854
380	941	0.3638
381	2331	0.5
381	2409	0.8613500000000001
381	610	0.88585
381	4200	0.9859
381	2178	0.8824000000000001
382	1653	0.86345
382	3950	0.85015
382	3154	0.60115
382	612	0.4996
383	1647	0.5
383	3805	0.7859499999999999
383	636	0.5
383	2231	0.7202
383	2457	0.5
383	1046	0.81845
383	3432	0.8825000000000001
383	1280	0.81845
383	1069	0.7202
383	635	0.8982
383	1658	0.81845
383	2311	0.81845
383	4614	0.81845
383	1077	0.71075
383	2680	0.7202
383	4727	0.81845
383	2081	0.37385
383	1146	0.7202
383	3871	0.5
383	3778	0.7285
383	2152	0.7202
383	2711	0.5
383	1828	0.7202
383	2683	0.81245
383	1739	0.7859499999999999
383	806	0.7202
384	4131	0.9841
384	637	0.6468
384	764	0.7829999999999999
384	665	0.9568
385	637	0.3708
385	3151	0.6624
385	4474	0.5
385	3610	0.5
385	3047	0.5
385	4264	0.5
385	4067	0.5
385	920	0.8548
385	3164	0.5
386	4113	0.6806
386	784	0.86755
386	945	0.81245
386	1558	0.5
386	2921	0.984
386	1624	0.7202
387	644	0.81245
387	1541	0.81245
387	1559	0.51215
387	3955	0.9626
387	1542	0.81245
387	715	0.81245
388	3150	0.4678
388	905	0.7463500000000001
388	2776	0.082
388	648	0.3961
389	997	0.79295
389	1336	0.42855
389	649	0.82925
389	1004	0.8753
389	4585	0.5
390	3972	0.5
390	1339	0.5
390	3813	0.4614
390	3647	0.7202
390	1037	0.6806
390	1096	0.59335
390	652	0.6806
390	1570	0.7202
390	2566	0.9169
390	1211	0.8239000000000001
391	1674	0.9912
391	1495	0.97465
391	2323	0.9869
391	1496	0.97975
391	653	0.9861
391	1156	0.96565
391	2215	0.98735
391	2420	0.98615
391	1801	0.98005
391	1355	0.99505
391	1652	0.99275
391	2560	0.99235
391	1737	0.93735
391	1377	0.9951
391	1129	0.9792
391	904	0.9858
391	1523	0.978
392	1336	0.83255
392	3631	0.4535
392	3693	0.9247
392	3643	0.8906000000000001
392	653	0.92275
393	1380	0.9364
393	1202	0.70095
393	4202	0.6191
393	3988	0.5
393	3834	0.2798
393	655	0.86675
393	1681	0.87435
394	1995	0.7553000000000001
394	1972	0.6187
394	2465	0.77815
394	2831	0.75595
394	656	0.6191
394	2023	0.7294
394	4640	0.2587
395	2615	0.83525
395	658	0.5258
395	3737	0.2067
395	2218	0.9455
395	2204	0.93125
396	662	0.943
396	1203	0.7859499999999999
396	1952	0.943
396	3532	0.83525
396	3649	0.5
396	4217	0.5
396	4689	0.81245
396	1755	0.7636499999999999
397	2206	0.648
397	2202	0.7202
397	667	0.81245
397	1546	0.7202
397	2241	0.7202
398	2246	0.8243
398	1615	0.8753
398	668	0.37245
398	1619	0.8243
398	1910	0.8243
398	1032	0.92595
398	4123	0.81845
398	709	0.7859499999999999
398	4745	0.92775
398	2696	0.9037
398	1908	0.8243
399	1200	0.9568
399	1329	0.9721
399	1150	0.9721
399	672	0.92955
399	1529	0.5
400	673	0.87885
400	4011	0.94095
400	3991	0.9963
400	2867	0.99395
400	3665	0.9952
400	756	0.93365
400	2543	0.99065
400	2764	0.9852
401	757	0.648
401	4278	0.648
401	753	0.7859499999999999
401	4079	0.5
401	2003	0.2002999999999999
401	675	0.40985
401	4735	0.7900499999999999
402	1810	0.7377
402	2188	0.7377
402	677	0.7377
402	1870	0.7377
402	4496	0.8589
402	302	0.7377
402	2028	0.7377
403	2342	0.92405
403	4673	0.5
403	1925	0.7377
403	3100	0.5
403	677	0.7377
403	3061	0.6806
404	4485	0.648
404	677	0.81245
404	3547	0.2234
404	2398	0.91785
404	4152	0.97115
405	3165	0.9847
405	3361	0.9847
405	677	0.9286
405	3383	0.9847
405	4433	0.86755
405	1837	0.9847
406	3946	0.8239000000000001
406	2734	0.8243
406	677	0.96655
406	971	0.97505
407	3030	0.7656499999999999
407	920	0.95405
407	2688	0.7202
407	3594	0.918
407	677	0.9365
408	2879	0.28925
408	678	0.81245
408	2837	0.5
408	1938	0.92405
409	1358	0.8825000000000001
409	4432	0.92595
409	1627	0.856
409	4433	0.7787
409	4246	0.8907
409	684	0.6617500000000001
409	4147	0.96335
409	1108	0.95585
409	4231	0.71075
410	1747	0.5
410	4516	0.7202
410	2185	0.81845
410	4479	0.71075
410	688	0.93895
410	2155	0.7859499999999999
410	3943	0.8332999999999999
410	4678	0.5
411	2354	0.94915
411	1974	0.7202
411	3039	0.81245
411	689	0.9423
411	2163	0.96005
411	693	0.82985
411	1693	0.79635
411	3458	0.7202
411	1867	0.6806
412	1333	0.90455
412	1264	0.97015
412	1369	0.9573
412	690	0.6806
412	1544	0.9623
413	3453	0.8673
413	1693	0.6366
413	1542	0.5
413	4328	0.2887
413	692	0.9357
414	711	0.5
414	1526	0.94035
414	3989	0.90115
414	1433	0.5
415	2929	0.7202
415	694	0.7202
415	3117	0.7202
415	2580	0.7202
415	2916	0.7202
415	1464	0.5
415	720	0.7202
416	695	0.27075
416	1815	0.9776
416	3130	0.5
416	1030	0.0570999999999999
416	1529	0.3294
416	1900	0.87895
417	699	0.92405
417	3994	0.9572
417	720	0.94785
417	1693	0.98965
417	3400	0.9201
418	2755	0.9531
418	993	0.96675
418	2031	0.9907
418	1745	0.97445
418	701	0.1569999999999999
418	2677	0.94785
419	1638	0.9515
419	1454	0.9083
419	2434	0.97325
419	4357	0.85015
420	929	0.81245
420	1235	0.81245
420	2091	0.8825000000000001
420	4638	0.8825000000000001
420	709	0.81245
420	4563	0.8825000000000001
421	2354	0.81845
421	2788	0.70095
421	2056	0.81245
421	1381	0.83485
421	1099	0.81245
421	943	0.81845
421	2140	0.82865
421	709	0.81245
421	3265	0.81245
421	2591	0.8295
421	1061	0.81845
421	3525	0.92595
421	1933	0.81245
421	4613	0.81245
421	4296	0.8787
421	2119	0.81845
421	3084	0.81845
421	2371	0.4678
421	1979	0.93275
421	4617	0.81845
422	3808	0.81245
422	3493	0.92405
422	709	0.81245
422	2789	0.81245
423	2484	0.5008
423	3286	0.436
423	2441	0.8821
423	2372	0.5
423	4459	0.60155
423	3415	0.8243
423	715	0.9727
424	2811	0.89225
424	3123	0.8186
424	2964	0.79635
424	3931	0.81245
424	718	0.56325
424	4326	0.8953
425	2467	0.74695
425	2969	0.81245
425	1850	0.86345
425	2990	0.89335
425	2441	0.8404
425	4082	0.8982
426	4637	0.5
426	720	0.9267
426	964	0.7202
426	1309	0.71075
427	1103	0.5
427	1139	0.5
427	3120	0.81245
427	721	0.7202
427	2880	0.81245
427	2026	0.7202
427	974	0.7202
427	2179	0.81245
427	3098	0.81245
428	2156	0.66605
428	723	0.5
428	3751	0.7217
428	2546	0.18755
428	4060	0.8243
428	1043	0.9221
428	1500	0.8951
428	2378	0.8787
428	1570	0.81845
428	2235	0.72485
428	940	0.898
428	2374	0.7294
429	1066	0.9201
429	1781	0.85015
429	723	0.88585
429	3623	0.81845
430	4497	0.8825000000000001
430	4361	0.6591
430	723	0.30705
430	1446	0.883
431	2049	0.9887
431	2637	0.9559
431	1817	0.92405
431	2874	0.9733
431	4333	0.98985
431	2198	0.9511
431	3870	0.98855
431	725	0.97065
432	2103	0.8086
432	2422	0.83525
432	2212	0.3299999999999999
432	731	0.91355
432	2321	0.8825000000000001
432	2361	0.65445
432	3919	0.352
432	2255	0.81245
432	2528	0.5
432	2359	0.648
433	2760	0.93365
433	2307	0.0545999999999999
433	2544	0.58735
433	4308	0.5
433	1478	0.7202
433	4292	0.5
434	1502	0.92595
434	2324	0.86755
434	994	0.8951
434	1551	0.38685
435	3619	0.9705
435	805	0.1596
435	884	0.9833
435	741	0.13285
435	1657	0.97385
435	1990	0.96745
435	831	0.988
435	3321	0.8951
436	2057	0.5
436	4180	0.90865
436	745	0.9037
436	2844	0.7463500000000001
436	3321	0.70095
436	1718	0.8243
436	1721	0.5
436	979	0.86345
436	1957	0.95075
436	3052	0.8712500000000001
436	2204	0.81845
437	4730	0.5
437	3952	0.81245
437	4241	0.7997000000000001
437	746	0.8020499999999999
438	4466	0.7859499999999999
438	3489	0.89825
438	3707	0.6783
438	3363	0.70935
438	3245	0.9213
438	3356	0.545
438	3191	0.95045
438	752	0.6591
438	1719	0.98045
439	2833	0.8159000000000001
439	3062	0.8203
439	756	0.5882000000000001
439	2570	0.81245
439	1048	0.8155
439	1145	0.72485
439	1323	0.7457
439	2813	0.94885
439	3140	0.44865
439	2338	0.313
440	2603	0.0343499999999999
440	3294	0.9134
440	3180	0.276
440	756	0.99195
440	1748	0.9847
441	4138	0.86785
441	756	0.81445
441	1662	0.8947499999999999
441	1900	0.8914
442	3023	0.37875
442	756	0.94665
442	1163	0.5
442	1184	0.81845
443	1086	0.9311
443	3056	0.08245
443	2139	0.71075
443	1425	0.7202
443	766	0.71075
443	2994	0.71075
443	3567	0.79635
443	3499	0.7358
443	993	0.67
443	2069	0.71075
444	4211	0.3001
444	3912	0.7202
444	3963	0.9204
444	2697	0.93435
444	1344	0.6366
444	1378	0.9124
444	1825	0.81245
444	3576	0.65355
444	2689	0.7997000000000001
444	3935	0.7997000000000001
444	2306	0.81845
444	2261	0.98535
444	2224	0.8825000000000001
444	4433	0.95
444	4668	0.9356
444	772	0.9531
445	846	0.5
445	773	0.8825000000000001
445	1950	0.7787
445	1057	0.60115
445	3155	0.648
445	3388	0.6366
445	3621	0.7202
445	3313	0.8705499999999999
446	2045	0.93445
446	784	0.81245
446	3703	0.7202
446	4385	0.96045
446	3073	0.9269
447	2675	0.91105
447	2126	0.5129
447	790	0.4733
447	2137	0.81245
447	2854	0.39715
447	2849	0.8787
447	1587	0.28925
447	1765	0.55135
447	968	0.93545
448	2405	0.92595
448	4157	0.3622499999999999
448	1408	0.9375
448	813	0.59505
448	2506	0.9559
448	792	0.9577
448	3239	0.9156
448	2628	0.85085
448	2030	0.7859499999999999
449	3094	0.8953
449	2797	0.5303
449	1549	0.7859499999999999
449	2042	0.943
449	794	0.7859499999999999
449	1693	0.7202
450	2362	0.0534999999999999
450	819	0.96905
450	2537	0.9862
450	2456	0.81845
450	2523	0.81845
451	820	0.9221
451	1851	0.91355
451	1362	0.901
451	2801	0.91355
451	797	0.81245
451	2096	0.91355
451	1162	0.9455
451	2085	0.91355
451	1373	0.91355
451	1211	0.9221
451	3223	0.91355
451	2493	0.91355
451	1316	0.901
451	1054	0.8062
451	1175	0.8062
452	3054	0.9826
452	1005	0.18155
452	807	0.6909
452	2269	0.8787
452	4486	0.9329
453	809	0.6692
453	3129	0.7463500000000001
453	1111	0.8825000000000001
453	4664	0.5
454	3065	0.81245
454	2954	0.5076
454	4250	0.9002
454	3282	0.8453999999999999
454	3376	0.88775
454	1462	0.89225
454	3048	0.16475
454	4107	0.81845
454	4245	0.86345
454	2270	0.9201
454	4212	0.93975
454	1534	0.92725
454	3507	0.9208
454	4084	0.81845
454	4156	0.8982
454	1741	0.9601
454	2799	0.6806
454	4419	0.81245
454	4229	0.6591
454	3212	0.92595
454	2721	0.8548
454	4304	0.81845
454	3804	0.92405
454	809	0.6366
454	1463	0.901
454	2333	0.81245
454	1152	0.6366
454	4249	0.86345
454	1945	0.8953
454	2934	0.92775
454	4452	0.93685
454	1697	0.41725
454	4298	0.93425
454	2541	0.5
454	2779	0.9088
454	4555	0.81245
454	2266	0.71075
454	2956	0.9088
454	4390	0.81245
454	4140	0.8982
454	3829	0.91565
454	4127	0.65355
454	4090	0.96155
454	4128	0.6072
454	4434	0.81245
454	3320	0.918
455	3182	0.98755
455	3095	0.9158
455	822	0.6959500000000001
455	2715	0.7463500000000001
456	2911	0.9843
456	2966	0.95935
456	2225	0.9158
456	899	0.6692
456	2487	0.81245
456	3292	0.92405
456	818	0.81245
456	1067	0.6692
457	2210	0.6692
457	2281	0.7294
457	1936	0.7577
457	4406	0.88225
457	4038	0.5
457	4432	0.82985
457	4401	0.6980999999999999
457	3424	0.6862
457	3868	0.6692
458	844	0.9853
458	1655	0.78925
458	1557	0.9845
458	906	0.96355
458	2533	0.19405
459	719	0.81245
459	1521	0.8712500000000001
459	4149	0.6806
459	3958	0.936
459	4255	0.8868
459	3131	0.5
459	4695	0.81245
459	845	0.7997000000000001
460	848	0.7202
460	1064	0.7202
460	1075	0.81245
460	3501	0.60115
460	1128	0.648
460	1287	0.60115
461	2775	0.44865
461	3817	0.5
461	4307	0.9037
461	1855	0.5
461	916	0.7202
461	1911	0.7202
461	945	0.925
461	849	0.55135
461	895	0.77495
461	1756	0.5
462	3967	0.9375
462	4196	0.92595
462	3269	0.9701
462	852	0.8982
462	3845	0.92955
463	2814	0.93585
463	4023	0.91125
463	853	0.96085
463	2386	0.7202
463	2294	0.9608
464	1032	0.9016
464	875	0.77115
464	1321	0.60115
464	1984	0.98675
465	949	0.77115
465	1930	0.8453999999999999
465	1197	0.92435
465	1009	0.8243
465	2442	0.9556
465	2443	0.85015
465	938	0.9792
465	2111	0.9375
465	1192	0.2156
465	880	0.8953
465	1026	0.1145499999999999
465	2801	0.9491
465	962	0.5
466	920	0.6366
466	3897	0.86755
466	4051	0.81245
466	3414	0.96595
466	2881	0.6591
466	1087	0.76335
466	882	0.918
466	3932	0.81845
467	3049	0.6366
467	2766	0.82985
467	2353	0.6366
467	1925	0.6366
468	2433	0.9841
468	1490	0.8453999999999999
468	931	0.82985
468	891	0.936
469	896	0.87715
469	2430	0.99665
469	2907	0.8361000000000001
469	2466	0.9995
469	1735	0.72475
469	4439	0.88915
470	2924	0.5
470	1067	0.61315
470	3227	0.8953
470	4545	0.92195
470	1467	0.97595
470	4526	0.61315
470	899	0.61315
470	4315	0.7859499999999999
470	4499	0.61315
470	2233	0.5
470	4145	0.7859499999999999
471	1969	0.9134
471	1393	0.81245
471	1654	0.81245
471	2658	0.81245
471	1399	0.81245
471	1471	0.81245
471	904	0.81245
472	3697	0.6113999999999999
472	3886	0.5
472	1906	0.8842
472	2539	0.8450500000000001
473	1390	0.81245
473	2700	0.9627
473	4345	0.97945
473	905	0.82855
474	908	0.97945
474	1521	0.9063
474	997	0.6896
474	2090	0.9953
474	1097	0.94715
475	2815	0.6806
475	3822	0.8825000000000001
475	2428	0.8825000000000001
475	2464	0.6366
476	3204	0.9229
476	910	0.73105
476	3064	0.44865
476	2937	0.90535
476	1878	0.5
476	4635	0.5
476	4582	0.6806
477	1364	0.97645
477	910	0.9941
477	1301	0.96
477	1173	0.96565
477	3840	0.99195
477	3032	0.97315
478	913	0.9977
478	927	0.95745
478	4417	0.9899
478	1014	0.99575
478	967	0.829
479	3940	0.81845
479	2754	0.92775
479	3531	0.92775
479	2012	0.92775
479	1585	0.6806
480	4259	0.7463500000000001
480	4201	0.7553000000000001
480	1894	0.8180499999999999
480	920	0.7463500000000001
480	2124	0.7992
480	1268	0.8922
481	2862	0.98825
481	925	0.8606
481	1268	0.81845
481	2797	0.81845
482	1915	0.96745
482	926	0.30405
482	1698	0.3294
482	2481	0.7202
483	1626	0.81845
483	933	0.9293
483	2930	0.9293
483	3535	0.96855
483	2084	0.936
484	2553	0.81245
484	2910	0.81845
484	934	0.81335
484	2909	0.81245
484	2866	0.71005
484	2879	0.81245
484	2863	0.94785
484	2448	0.2775499999999999
484	3174	0.94895
485	1976	0.71075
485	2022	0.81845
485	2119	0.71075
485	939	0.71075
485	1906	0.5
485	2097	0.7202
486	940	0.9834
486	3069	0.99015
486	3065	0.9796
486	2995	0.9849
486	3104	0.9917
486	4677	0.99015
487	3864	0.81245
487	1797	0.81245
487	2346	0.81245
487	947	0.81245
488	2698	0.8774500000000001
488	3300	0.88585
488	2238	0.92195
488	2243	0.92165
488	951	0.86755
488	3430	0.97655
488	3418	0.901
489	1609	0.5
489	1321	0.2392
489	2201	0.88915
489	4392	0.7285
489	1634	0.5
489	1636	0.7202
489	2057	0.2392
489	2589	0.61315
489	953	0.352
489	1635	0.8404
490	1053	0.5258
490	4506	0.81245
490	2397	0.5
490	3255	0.81065
490	956	0.5
491	1296	0.96195
491	2130	0.94995
491	1839	0.9559
491	4400	0.81845
491	4334	0.96445
491	963	0.9371
491	3836	0.96795
491	3537	0.9605
492	2694	0.9391
492	965	0.8408
492	2973	0.96085
492	3222	0.992
492	2949	0.5258
492	2937	0.67
493	1001	0.68465
493	3613	0.5
493	4273	0.81245
493	3493	0.81845
493	3620	0.7645
493	980	0.8833500000000001
493	991	0.9967
493	3921	0.94415
493	3003	0.7556
493	3483	0.1084
493	4227	0.9613
493	3601	0.6366
494	983	0.81245
494	3249	0.71075
494	1252	0.6959500000000001
494	3883	0.5
495	984	0.60115
495	2313	0.5916
495	1585	0.60115
495	1257	0.85015
495	4132	0.93275
496	1847	0.9665
496	1689	0.9777
496	1811	0.8793500000000001
496	1592	0.9717
496	1737	0.9281
496	1240	0.24185
496	2385	0.9926
496	1347	0.92335
496	2556	0.97855
496	1107	0.8753
496	1767	0.9877
496	985	0.0046499999999999
496	1862	0.98925
496	1766	0.8155
496	995	0.9737
496	1736	0.93445
496	2264	0.9625
496	1345	0.95515
496	2653	0.99445
496	4225	0.97855
497	3891	0.71005
497	1700	0.9129
497	2600	0.7859499999999999
497	2266	0.81845
497	992	0.7859499999999999
498	2197	0.9827
498	1041	0.9912
498	1001	0.9908
498	1949	0.98325
499	1220	0.41105
499	1000	0.455
499	3841	0.92995
499	1664	0.71075
500	4186	0.7155
500	4139	0.7202
500	1677	0.81245
500	1936	0.7202
500	1489	0.7155
500	1007	0.81245
500	3561	0.7202
500	3321	0.81245
501	4240	0.7202
501	2750	0.7202
501	3155	0.7202
501	2752	0.7202
502	1185	0.98115
502	1039	0.9779
502	1011	0.98615
502	2679	0.96855
503	4063	0.9063
503	1289	0.81245
503	3039	0.7202
503	1025	0.6692
503	3676	0.81245
504	1690	0.9484
504	1152	0.95485
504	1353	0.91245
504	1985	0.9088
504	2383	0.9262
504	2659	0.94655
505	2165	0.5
505	1255	0.92595
505	4661	0.5
505	1028	0.97855
505	4581	0.4296999999999999
506	2430	0.71075
506	1632	0.6591
506	2756	0.8982
506	2897	0.71075
506	1464	0.71075
506	1891	0.5
506	2143	0.5
507	1035	0.89205
507	1348	0.9454
507	1372	0.993
507	4247	0.9008
508	1038	0.98605
508	3683	0.9901
508	3434	0.9647
508	2456	0.86585
508	2827	0.99425
508	2416	0.98145
508	1928	0.97425
508	4052	0.941
508	3463	0.7461
508	3641	0.2236
508	2801	0.9736
508	3479	0.9917
508	1980	0.94005
508	2955	0.98745
508	3475	0.9403
508	3720	0.9896
508	2991	0.99615
508	3071	0.92935
508	2073	0.8148500000000001
508	3177	0.9647
508	3679	0.9158
508	2763	0.9889
508	3474	0.94035
509	4587	0.81845
509	1352	0.81845
509	4619	0.92405
509	1050	0.81845
509	2810	0.5
509	1920	0.81845
509	1253	0.81845
509	3092	0.81845
510	2684	0.7859499999999999
510	2829	0.5
510	3483	0.6366
510	1335	0.945
510	2267	0.85015
510	1247	0.945
510	1051	0.29905
511	4310	0.99655
511	2822	0.95085
511	2885	0.9855
511	1054	0.9975
511	4441	0.9843
511	3812	0.99845
511	2364	0.9879
511	3487	0.9946
512	1072	0.93885
512	1105	0.9623
512	1232	0.9008
512	1306	0.88915
512	1295	0.6214
513	1249	0.9575
513	2771	0.92195
513	1893	0.9455
513	2838	0.8953
513	2075	0.94035
513	2576	0.81245
513	2519	0.89225
513	1058	0.89205
513	1208	0.88915
513	2099	0.92595
514	4295	0.8825000000000001
514	4372	0.8825000000000001
514	3782	0.95365
514	4433	0.95405
514	3932	0.85015
514	3944	0.5
514	1063	0.86755
514	4053	0.89205
514	2327	0.8825000000000001
514	3587	0.8825000000000001
514	3305	0.8997999999999999
514	3970	0.7859499999999999
514	4385	0.7202
514	4337	0.9063
514	3740	0.9375
515	1063	0.9623
515	2860	0.9412
515	4141	0.7678499999999999
515	3369	0.2746
515	1429	0.99075
515	4738	0.96615
516	3099	0.38685
516	1080	0.7859499999999999
516	2703	0.6806
516	1831	0.9906
517	1080	0.4007
517	3121	0.5509
517	3062	0.92595
517	3332	0.28995
517	2266	0.6909
518	2913	0.92595
518	4083	0.81245
518	4113	0.92595
518	2526	0.3374
519	1915	0.97825
519	2530	0.8953
519	2598	0.8873
519	4179	0.85015
519	1814	0.97065
520	3069	0.7047
520	1643	0.936
520	4271	0.6959500000000001
520	1089	0.7859499999999999
521	1735	0.92595
521	3335	0.92595
521	3349	0.92595
521	1852	0.92595
521	1090	0.92595
522	1089	0.9656
522	2810	0.98165
522	1796	0.9734
522	3754	0.9088
522	3637	0.9703
523	4304	0.9776
523	1094	0.97065
523	2417	0.99485
523	2654	0.9848
523	3022	0.9848
523	1665	0.9615
524	1288	0.9686
524	1178	0.7097
524	1229	0.9559
524	1212	0.9559
524	1292	0.94895
525	3767	0.7859499999999999
525	1472	0.7202
525	4688	0.7859499999999999
525	1705	0.7859499999999999
525	3540	0.7202
525	1114	0.81245
525	4291	0.81245
525	4272	0.7202
525	2273	0.81245
525	3710	0.8243
526	3103	0.5
526	4666	0.3622499999999999
526	4113	0.5
526	4356	0.3294
526	3849	0.5
526	4133	0.5
526	4354	0.5
526	2609	0.71075
526	3061	0.5
526	3962	0.71075
527	1122	0.4871
527	4670	0.8481000000000001
527	4371	0.7859499999999999
527	1722	0.9568
527	3855	0.81845
528	2398	0.7859499999999999
528	3041	0.60115
528	3680	0.97905
528	1733	0.5
528	3940	0.5
528	3490	0.7859499999999999
528	3619	0.9124
528	1180	0.97975
528	2135	0.6366
528	1556	0.965
528	3591	0.81245
528	2652	0.9271
528	2540	0.9762
528	1124	0.9201
528	4509	0.9201
529	2219	0.81245
529	3443	0.648
529	2118	0.81245
529	1126	0.81245
529	3664	0.7859499999999999
530	1691	0.7787
530	3761	0.82985
530	1688	0.5
530	1877	0.7294
531	3862	0.5
531	2421	0.5
531	2164	0.6591
531	3455	0.71075
531	2161	0.5
531	4326	0.71075
531	4184	0.7202
532	1138	0.5
532	3390	0.45985
532	2173	0.89225
532	1782	0.81245
532	4421	0.95835
533	4035	0.9967
533	2261	0.1607
533	1784	0.99385
533	4059	0.99115
533	2963	0.9972
533	1139	0.995
533	4162	0.98775
534	4634	0.81245
534	996	0.81245
534	4521	0.7215
534	2388	0.81245
534	2030	0.7215
534	1141	0.81245
534	2034	0.7215
534	3419	0.9158
535	1144	0.92405
535	261	0.5
535	1418	0.5
535	2444	0.92405
536	2378	0.81245
536	3265	0.81245
536	2971	0.81245
536	4591	0.81245
537	1267	0.5
537	1159	0.5
537	4631	0.7859499999999999
537	2356	0.81845
537	2975	0.81245
538	1161	0.5
538	1585	0.5
538	4160	0.97885
538	264	0.81245
538	1882	0.95005
538	4489	0.81245
539	2782	0.5
539	1189	0.7202
539	1842	0.7377
539	2201	0.7377
539	4144	0.8180499999999999
539	3255	0.5386
539	1161	0.7202
539	1896	0.59835
540	4096	0.5
540	3991	0.8825000000000001
540	3814	0.9351
540	3609	0.88585
540	3922	0.81245
540	1166	0.81245
541	3564	0.9969
541	2236	0.9935
541	1794	0.9608
541	3690	0.99145
541	2915	0.9768
541	3160	0.96485
541	2997	0.984
541	2298	0.98725
541	3521	0.8701
541	2058	0.96
541	2824	0.99655
541	2988	0.99625
541	2525	0.96595
541	3068	0.9896
541	1318	0.9883
541	2762	0.98865
541	2841	0.9965
541	1800	0.89005
541	3284	0.9902
541	2699	0.9151
541	3658	0.7997000000000001
541	3630	0.9447
541	3313	0.97725
541	2717	0.9927
541	2728	0.984
541	2608	0.9201
541	2864	0.9902
541	3688	0.99125
541	3882	0.98135
541	1169	0.3205
541	2756	0.8183
541	2735	0.6909
541	3704	0.9975
542	1886	0.8825000000000001
542	1407	0.47365
542	4188	0.42615
542	1379	0.8935
542	1172	0.9063
543	3192	0.9158
543	2443	0.5
543	1176	0.94885
543	3356	0.8825000000000001
543	1466	0.5
544	3692	0.81245
544	2410	0.6191
544	1500	0.89225
544	2353	0.5
544	2343	0.9098
545	3933	0.71075
545	1332	0.7202
545	3592	0.7202
545	4045	0.7377
546	3193	0.8243
546	2248	0.9637
546	1836	0.9376
546	1232	0.7294
546	1284	0.94105
547	1248	0.7202
547	1189	0.5
547	3939	0.7859499999999999
547	4732	0.7859499999999999
548	2757	0.7997000000000001
548	1222	0.83525
548	3039	0.9329
548	1193	0.9637
548	1784	0.9037
548	3832	0.82985
549	3485	0.81245
549	2813	0.81245
549	3045	0.81245
549	3481	0.81245
549	3758	0.81245
549	1196	0.1059499999999999
549	3687	0.81245
550	1198	0.648
550	2896	0.81845
550	1211	0.81245
550	2020	0.81245
550	1760	0.81245
550	1758	0.81245
551	2950	0.29905
551	2336	0.5577
551	1204	0.95925
551	3042	0.963
551	3460	0.352
551	1856	0.73515
552	3586	0.8450500000000001
552	2829	0.2234999999999999
552	3876	0.9989
552	4219	0.857
552	1205	0.5
552	3796	0.9221
552	3789	0.9861
552	3493	0.8673
552	4238	0.9035
552	4232	0.9765
552	4136	0.9766
552	1250	0.92405
552	3802	0.8655999999999999
552	4573	0.71075
553	1299	0.92595
553	1209	0.71075
553	2166	0.81845
553	4736	0.88585
553	4584	0.79145
553	2831	0.81245
553	1608	0.81245
553	1473	0.81845
554	3036	0.81595
554	3539	0.8953
554	4074	0.8891
554	4191	0.5
554	4108	0.60115
554	1312	0.6692
554	1784	0.65445
554	4039	0.76335
554	3019	0.1596
554	3059	0.9201
554	4192	0.5
554	3877	0.5577
554	3336	0.4742
554	4004	0.5
554	2555	0.6462
554	4083	0.7294
554	3230	0.81595
554	3999	0.2213
554	4030	0.648
554	2418	0.61315
554	1228	0.5
555	3371	0.4871
555	1283	0.9623
555	3328	0.8062
555	3825	0.9201
555	1230	0.6909
555	3456	0.61275
555	1843	0.9324
555	4263	0.8404
555	3562	0.966
556	4375	0.7202
556	4715	0.89225
556	4644	0.648
556	1231	0.7202
556	4625	0.71075
557	3496	0.98185
557	1873	0.9909
557	3553	0.99755
557	2738	0.99255
557	3221	0.9903
557	1241	0.99635
558	1244	0.60115
558	3914	0.5
558	2848	0.7202
558	3004	0.81845
559	3582	0.5
559	2413	0.6423
559	2827	0.963
559	2412	0.9781
559	1254	0.98525
559	3167	0.81245
559	3256	0.7463500000000001
559	1839	0.81245
559	2121	0.81245
559	1500	0.7771
560	1798	0.81245
560	1261	0.82395
560	3424	0.7859499999999999
560	2362	0.83175
560	2353	0.9909
560	1625	0.81845
560	3879	0.70095
561	2143	0.8543499999999999
561	1891	0.8543499999999999
561	1506	0.648
561	1753	0.77115
561	3655	0.95195
561	1857	0.936
561	4193	0.91355
561	1263	0.8953
561	4620	0.5753
561	1486	0.86755
562	1834	0.8803000000000001
562	4026	0.95405
562	2505	0.7997000000000001
562	1264	0.8889
562	3311	0.6366
562	1870	0.98485
562	1783	0.8404
563	1266	0.96195
563	1455	0.9467
563	1726	0.82985
563	2390	0.81245
563	2897	0.9597
564	4435	0.99865
564	3321	0.8317
564	4013	0.7202
564	1391	0.96715
565	1575	0.6366
565	2650	0.6366
565	4680	0.6366
565	2771	0.6366
565	1273	0.6366
566	1648	0.5
566	1486	0.85015
566	1540	0.85015
566	1970	0.82985
567	1617	0.8774500000000001
567	1645	0.6366
567	1276	0.7787
567	1649	0.7859499999999999
568	1275	0.91355
568	1746	0.6191
568	4458	0.81845
568	4395	0.918
568	1661	0.81245
568	3762	0.8948499999999999
569	1282	0.5703
569	1585	0.5258
569	2928	0.5703
569	1966	0.9389
570	3389	0.99775
570	3381	0.9958
570	2521	0.9649
570	2332	0.97495
570	3343	0.7202
570	2489	0.9975
570	2654	0.47285
570	2663	0.7787
570	4220	0.8592
570	3251	0.64005
570	1291	0.8222
570	3365	0.9595
570	3334	0.83785
570	1389	0.34785
570	3386	0.997
570	3377	0.99595
570	3396	0.3893999999999999
570	1470	0.8001
570	3391	0.97795
570	3364	0.9989
570	3066	0.93885
570	2322	0.9695
570	3393	0.99775
571	1705	0.5
571	3697	0.83485
571	1293	0.97065
571	2432	0.7202
571	2221	0.81845
572	4594	0.81245
572	1512	0.918
572	4590	0.7202
572	4629	0.918
572	970	0.918
572	3595	0.9467
572	4628	0.918
572	1293	0.918
573	3887	0.71075
573	3881	0.8882
573	3407	0.8882
573	1298	0.81845
573	4606	0.8882
574	3839	0.5
574	3307	0.96075
574	4198	0.9758
574	3287	0.9838
575	1304	0.9454
575	1417	0.83485
575	1830	0.94365
575	2327	0.7377
576	1519	0.97735
576	4599	0.9623
576	3007	0.12845
576	1310	0.60115
577	3088	0.9937
577	4358	0.96155
577	3501	0.8411500000000001
577	2707	0.71075
578	1318	0.74695
578	2425	0.9634
578	4352	0.81245
578	4424	0.8548
578	4408	0.9063
578	4435	0.92775
578	4411	0.92595
578	3618	0.81845
578	2969	0.85015
578	3645	0.96965
578	4024	0.96995
578	3726	0.9576
578	3109	0.1435
578	4246	0.988
578	2376	0.9063
578	4251	0.99075
579	4384	0.1845
579	1321	0.5
579	1395	0.96745
579	1631	0.94035
580	4119	0.7484
580	4208	0.86555
580	3549	0.9201
580	1322	0.98545
581	4588	0.352
581	1328	0.7294
581	4597	0.81245
581	4592	0.7997000000000001
582	4422	0.8753
582	4604	0.5
582	3945	0.77115
582	4095	0.81845
582	1330	0.7202
582	2850	0.5
582	3794	0.7202
583	3874	0.9985
583	2435	0.99865
583	1874	0.99655
583	2261	0.9966
583	1562	0.9984
583	1345	0.9958
583	1591	0.9962
583	1331	0.99825
583	1548	0.9975
584	3486	0.3528
584	3307	0.5
584	1404	0.9826
584	2139	0.6692
584	1335	0.352
584	1668	0.7202
585	3261	0.81245
585	1997	0.81245
585	3703	0.92595
585	4306	0.81245
585	2716	0.96985
585	2828	0.92595
585	3644	0.81245
585	3602	0.81245
585	3519	0.92595
585	3442	0.92595
585	2586	0.81245
585	3965	0.8953
585	2940	0.81245
585	1352	0.81245
585	2066	0.81245
586	4248	0.90405
586	2635	0.99585
586	3014	0.9902
586	1352	0.9742
587	3524	0.2293
587	1803	0.7884
587	2765	0.96855
587	2745	0.9716
587	2147	0.6591
587	4158	0.94355
587	1600	0.85545
587	2632	0.98805
587	2729	0.7331
587	2837	0.9367
587	1500	0.9195
587	1361	0.97635
588	2520	0.81245
588	2586	0.5
588	2408	0.93435
588	4210	0.81245
588	4693	0.5
588	2522	0.81245
588	1374	0.81245
589	4626	0.71075
589	1376	0.7377
589	2486	0.8982
589	1694	0.94895
589	4630	0.6909
589	1421	0.61235
589	1427	0.8953
590	2951	0.95435
590	3123	0.47105
590	3303	0.98695
590	3719	0.92765
590	1376	0.39885
591	3638	0.6806
591	1379	0.5
591	1500	0.92595
591	2292	0.92595
591	3148	0.901
592	2240	0.71075
592	2658	0.7377
592	2797	0.9521
592	4672	0.71075
592	4660	0.71075
592	2968	0.8982
592	1693	0.9521
593	1390	0.81845
593	1787	0.7859499999999999
593	4562	0.81245
593	1513	0.5
593	2345	0.8825000000000001
594	3947	0.57445
594	2644	0.904
594	4324	0.8916
594	1479	0.6717
595	4262	0.9691
595	2326	0.97065
595	4360	0.5
595	2601	0.596
595	1967	0.5
595	4729	0.3211
595	3998	0.95765
595	1407	0.81245
596	3380	0.96295
596	3368	0.9467
596	1413	0.8604
596	3374	0.92405
597	1419	0.8714999999999999
597	3556	0.82115
597	3391	0.8404
597	3825	0.92595
597	3710	0.81245
597	2353	0.7997000000000001
597	3008	0.8239000000000001
598	3153	0.71075
598	2266	0.9008
598	2455	0.81245
598	1423	0.9171
598	1926	0.9158
599	4575	0.9819
599	4574	0.9819
599	1437	0.93945
599	1447	0.99655
599	4572	0.9917
600	1988	0.81245
600	1640	0.81245
600	1459	0.81245
600	1448	0.81245
601	3312	0.0618
601	3592	0.3928
601	4548	0.70095
601	4733	0.11685
601	1454	0.9649
601	3378	0.8787
601	2065	0.0949999999999999
601	4426	0.93125
601	2963	0.6362
601	1506	0.911
602	2797	0.94155
602	3526	0.3928
602	1460	0.1246999999999999
602	4101	0.9953
602	4040	0.9852
603	4399	0.81245
603	2584	0.8155
603	2513	0.5
603	4360	0.8243
603	2510	0.81245
603	4743	0.3091
603	2059	0.7294
603	4204	0.74695
604	1470	0.81245
604	381	0.81245
604	3648	0.81245
604	3063	0.7202
605	2123	0.92405
605	1470	0.81245
605	4482	0.81245
605	2895	0.81245
605	1485	0.88795
606	4341	0.7553000000000001
606	4054	0.81245
606	4459	0.6191
606	3493	0.81245
606	4433	0.2609
606	3722	0.81245
606	1501	0.85015
606	3169	0.81245
606	4342	0.81845
606	3594	0.81245
606	2657	0.8404
607	4382	0.81845
607	1502	0.4407999999999999
607	1889	0.9661
607	3625	0.9661
608	3214	0.59995
608	3437	0.81245
608	3940	0.81245
608	1531	0.81245
609	2291	0.81245
609	1550	0.88915
609	2325	0.81245
609	2926	0.943
610	2030	0.3238499999999999
610	4155	0.71075
610	4065	0.7616499999999999
610	1565	0.95275
610	4750	0.7383500000000001
610	3218	0.5824
611	2382	0.9521
611	1938	0.6591
611	2642	0.901
611	1881	0.8982
611	1583	0.9417
612	3701	0.6637
612	4153	0.955
612	1585	0.8953
612	4260	0.6909
612	1855	0.9553
613	3961	0.7859499999999999
613	1661	0.7859499999999999
613	1585	0.67
613	2130	0.6692
614	1785	0.93825
614	1585	0.81245
614	2868	0.9455
614	3206	0.92405
614	2993	0.81245
615	4380	0.98415
615	4226	0.92595
615	1585	0.5
615	2067	0.98545
616	1937	0.7859499999999999
616	2349	0.81245
616	2793	0.93435
616	1585	0.95845
616	2842	0.82985
616	2581	0.18755
616	2941	0.85015
617	1899	0.7611
617	1585	0.65445
617	2088	0.7463500000000001
617	1835	0.98015
617	2295	0.9257
618	1594	0.7859499999999999
618	3350	0.8319
618	2182	0.7859499999999999
618	1649	0.7859499999999999
618	4740	0.7859499999999999
618	4274	0.82675
618	4702	0.7859499999999999
618	1336	0.3067499999999999
618	4175	0.1187
619	4583	0.81245
619	1611	0.81245
619	2268	0.81245
619	2261	0.9537
619	2524	0.81245
620	2159	0.9833
620	1612	0.99255
620	2626	0.9866
620	1995	0.97015
620	2023	0.997
620	3146	0.9994
620	2985	0.968
621	3991	0.9037
621	4374	0.91355
621	4437	0.81245
621	4107	0.85015
622	4529	0.8062
622	1662	0.53465
622	4430	0.9221
622	4068	0.9221
622	2239	0.6806
622	3110	0.3097999999999999
622	1925	0.8062
623	2130	0.15855
623	1965	0.6591
623	1666	0.8157
623	1837	0.965
624	3359	0.26165
624	4321	0.3137999999999999
624	4543	0.26165
624	3987	0.5
624	1678	0.7419
624	4208	0.93265
624	3348	0.901
624	3980	0.3538
624	3681	0.5
625	2667	0.5
625	2229	0.648
625	1679	0.5
625	2208	0.648
625	2191	0.648
626	2285	0.98805
626	2835	0.98915
626	2492	0.8714999999999999
626	3821	0.99115
626	2277	0.82335
626	1689	0.7135
626	2681	0.9824
626	2683	0.9909
626	2669	0.99715
626	2706	0.95895
626	2743	0.5468500000000001
626	2411	0.9495
626	2967	0.95115
626	3127	0.86585
626	2351	0.95955
626	2767	0.2626
626	3118	0.9897
626	2276	0.992
626	2872	0.9371
626	2960	0.9354
626	2360	0.98835
626	2105	0.9784
626	3113	0.99175
626	2914	0.99195
627	2770	0.2002999999999999
627	2273	0.93635
627	3755	0.6496
627	3662	0.95095
627	2846	0.965
627	1708	0.7537499999999999
627	2182	0.9158
628	2171	0.9634
628	1712	0.97605
628	1709	0.83525
628	3846	0.9637
628	3924	0.4871
628	2614	0.95635
629	2227	0.92595
629	3856	0.7787
629	2353	0.7202
629	1716	0.7859499999999999
630	2785	0.7202
630	1837	0.7202
630	1788	0.7202
630	3310	0.81845
630	3235	0.7463500000000001
630	1724	0.6366
630	2472	0.7202
630	3037	0.7202
630	3273	0.7463500000000001
631	3057	0.5
631	1727	0.88585
631	2697	0.8544499999999999
631	2077	0.81245
632	2714	0.5
632	3052	0.5
632	4432	0.918
632	3907	0.8573500000000001
632	4252	0.5
632	3162	0.3409
633	1750	0.9036
633	4154	0.81845
633	4632	0.4624
633	3155	0.81845
633	1784	0.8825000000000001
633	2603	0.81245
634	1751	0.60115
634	2389	0.91485
634	1783	0.7997000000000001
634	2460	0.8145
635	1902	0.7859499999999999
635	1754	0.7859499999999999
635	2834	0.7859499999999999
635	2727	0.98655
636	2958	0.5
636	4214	0.9035
636	3522	0.76335
636	4464	0.94415
636	3277	0.5
636	3256	0.8714999999999999
636	2190	0.9436
636	4444	0.91355
637	2701	0.56325
637	1783	0.8569
637	3864	0.92185
637	1797	0.92185
637	1787	0.8239000000000001
638	1783	0.9417
638	4657	0.7673
638	4077	0.86345
638	4371	0.5
639	1784	0.8953
639	2481	0.6909
639	2939	0.3634
639	2003	0.7202
639	4029	0.7202
639	3798	0.5
640	4618	0.625
640	1787	0.71075
640	1204	0.625
640	4033	0.43555
641	2491	0.7463500000000001
641	2261	0.8953
641	3522	0.955
641	1792	0.943
642	1795	0.95035
642	1804	0.61315
642	3604	0.3655
642	1861	0.898
642	4445	0.96725
642	3541	0.7202
642	1956	0.9037
642	2657	0.92775
642	2092	0.3655
642	3595	0.5753
642	3168	0.8786
642	4713	0.79825
643	4697	0.7202
643	3700	0.8953
643	1836	0.81245
643	3545	0.7202
643	1941	0.8953
643	1872	0.8953
643	2996	0.7202
643	2530	0.8953
643	1797	0.7202
643	4656	0.7202
643	1989	0.5
643	4577	0.71075
643	3337	0.7202
643	3439	0.7202
643	4674	0.7202
643	2876	0.6806
643	4701	0.6806
643	4710	0.8953
643	2727	0.7202
643	1867	0.7202
643	2094	0.81245
643	2273	0.7202
643	3187	0.7202
643	461	0.6806
643	3864	0.7202
643	3930	0.8953
644	4655	0.7859499999999999
644	1855	0.57655
644	3706	0.92405
644	3467	0.70095
644	4364	0.81245
644	4062	0.92775
644	4314	0.8953
644	3904	0.71075
645	4278	0.95305
645	1846	0.81245
645	3678	0.99675
645	3699	0.99005
645	3435	0.92585
645	2450	0.9621
645	2570	0.44865
645	2015	0.87895
646	4410	0.81845
646	1906	0.9691
646	4386	0.81845
646	4387	0.81845
646	1849	0.9221
647	2187	0.5
647	2430	0.94235
647	4705	0.82985
647	1858	0.5
647	2290	0.6806
647	3454	0.6591
647	3271	0.79295
647	2898	0.5
647	2775	0.5
647	3010	0.6591
647	2193	0.7859499999999999
647	2749	0.5
648	3906	0.7294
648	1864	0.5
648	2199	0.74695
648	2906	0.5
648	3861	0.7997000000000001
649	1870	0.81245
649	1872	0.8825000000000001
649	3529	0.81245
649	4392	0.8825000000000001
650	1870	0.7202
650	2507	0.5
650	4648	0.81245
650	3065	0.81245
651	3701	0.5
651	3569	0.81245
651	1876	0.7997000000000001
651	4721	0.71075
651	4405	0.81845
651	3280	0.81245
651	2868	0.89225
651	2283	0.71075
651	3837	0.71075
652	3518	0.97245
652	2500	0.96415
652	1999	0.94825
652	2670	0.97135
652	3790	0.7553000000000001
652	3158	0.5
652	2205	0.97205
652	1880	0.5
653	2133	0.8865000000000001
653	2302	0.0707999999999999
653	3158	0.87375
653	1945	0.6858
653	1946	0.96945
653	4449	0.96435
653	2752	0.9807
653	1880	0.87375
654	3158	0.81245
654	1880	0.81245
654	2395	0.7859499999999999
654	2310	0.9061
655	2548	0.96945
655	3766	0.93215
655	1894	0.9035
655	2682	0.1845
655	2352	0.92405
656	3188	0.6959500000000001
656	2473	0.5
656	3735	0.2706
656	2746	0.72885
656	2672	0.79635
656	2847	0.5
656	4569	0.5
656	2876	0.5
656	3078	0.2798
656	4532	0.5
656	1924	0.5
656	2627	0.5
657	3491	0.9765
657	2962	0.98365
657	4237	0.98865
657	3792	0.9893
657	3115	0.98645
657	4282	0.5
657	3979	0.9819
657	1932	0.97845
657	4236	0.98995
658	3930	0.7339
658	1941	0.7339
658	2530	0.7339
658	2062	0.5
659	2786	0.26165
659	2596	0.8575999999999999
659	4669	0.89225
659	1947	0.81245
660	4755	0.5
660	1952	0.7202
660	2676	0.7202
660	4022	0.7202
661	3763	0.7202
661	1964	0.7202
661	3843	0.7202
661	3195	0.7202
662	3510	0.99215
662	1980	0.9837
662	4667	0.9872
662	2080	0.99085
663	2952	0.857
663	3155	0.8155
663	4243	0.71075
663	3041	0.9201
663	4671	0.7202
663	2001	0.60115
663	3860	0.46175
664	2012	0.18155
664	3091	0.81245
664	3531	0.18155
664	2754	0.18155
665	2666	0.8478
665	2467	0.94615
665	2151	0.71075
665	2158	0.81245
666	3514	0.943
666	3939	0.92485
666	4284	0.9109
666	4289	0.99195
666	2031	0.9842
666	3526	0.5
666	2742	0.943
667	4364	0.99755
667	3793	0.9896
667	4316	0.80935
667	3677	0.9933
667	4379	0.8825000000000001
667	3679	0.9576
667	3844	0.436
667	4348	0.97485
667	4000	0.9559
667	4363	0.98795
667	2036	0.99365
667	4391	0.71075
667	2983	0.9955
667	2955	0.8671
667	3851	0.96155
667	2777	0.8592
667	3558	0.7383500000000001
667	2039	0.93895
667	3437	0.7383500000000001
668	2989	0.98645
668	3471	0.9837
668	3472	0.8948
668	2691	0.98025
668	3542	0.98035
668	3097	0.9467
668	3477	0.98645
668	2531	0.98645
668	3233	0.9823
668	3580	0.9201
668	3571	0.9761
668	3210	0.9942
668	2870	0.87895
668	3345	0.9896
668	3642	0.98645
668	2049	0.9526
668	3474	0.98645
668	3211	0.9452
669	2768	0.85365
669	3816	0.81245
669	2053	0.6909
669	2288	0.7202
669	2172	0.81245
669	2878	0.5
669	2999	0.83525
670	4321	0.42345
670	4734	0.7202
670	4119	0.25195
670	4436	0.7202
670	3243	0.81245
670	2057	0.81245
671	2093	0.81845
671	718	0.82985
671	2180	0.78545
671	3589	0.8352999999999999
671	3051	0.93205
672	4608	0.9614
672	4085	0.91975
672	2112	0.39885
672	4338	0.7202
672	3992	0.94785
673	2130	0.86755
673	4056	0.6806
673	3268	0.86755
673	3138	0.86755
674	4233	0.9828
674	3469	0.8404
674	2536	0.9417
674	2144	0.5
675	2559	0.9676
675	3163	0.92795
675	3340	0.9969
675	2829	0.9969
675	2561	0.9763
675	3429	0.9572
675	2807	0.9893
675	3198	0.99795
675	4148	0.9941
675	2169	0.9923
675	2767	0.97315
675	2796	0.99075
675	4020	0.98695
675	3780	0.9921
675	2339	0.8735999999999999
675	3184	0.96885
675	2424	0.9849
675	2683	0.99
675	4469	0.99015
675	3694	0.9878
675	3781	0.99465
675	4403	0.9844
675	3451	0.9878
676	2185	0.97485
676	2186	0.96435
676	3154	0.92955
676	3057	0.89225
676	2261	0.96345
677	3322	0.7202
677	2196	0.7202
677	3544	0.7202
677	3225	0.7202
677	2633	0.7202
677	4106	0.7202
677	4611	0.7202
677	2957	0.7202
677	4676	0.7202
677	3342	0.7202
677	4675	0.7202
678	2300	0.8062
678	2639	0.81245
678	3771	0.81245
678	3760	0.81245
678	3305	0.81245
678	4295	0.81245
679	3674	0.89805
679	2258	0.6880999999999999
679	3324	0.99205
679	2655	0.89245
680	3156	0.6591
680	4418	0.96855
680	4478	0.96855
680	2261	0.9501
680	4189	0.8982
680	2963	0.8787
680	3842	0.5
680	3902	0.963
680	4008	0.30625
680	2817	0.6366
681	3219	0.97115
681	2742	0.97945
681	3661	0.81635
681	3597	0.94365
681	3514	0.97945
681	2801	0.918
681	2692	0.98485
681	3632	0.9762
681	3542	0.95455
681	4525	0.97675
681	3744	0.95475
681	3683	0.86755
681	2296	0.95765
681	3086	0.98735
681	3523	0.98705
681	2846	0.86755
681	3438	0.9721
682	2437	0.66455
682	2775	0.44865
682	4523	0.7997000000000001
682	3423	0.5
683	4566	0.86755
683	2367	0.70095
683	2415	0.5
683	3803	0.5
683	2447	0.8825000000000001
683	3504	0.86755
684	2802	0.96
684	3558	0.99115
684	4683	0.965
684	2386	0.8889
684	3953	0.99295
684	2905	0.98205
684	3041	0.63045
684	4751	0.99745
684	3436	0.96415
684	2497	0.82985
684	2730	0.99155
684	2751	0.98825
684	2449	0.9927
685	2944	0.5
685	4514	0.5
685	2511	0.81245
685	2502	0.81245
685	2506	0.9221
686	4490	0.2213
686	667	0.40065
686	2405	0.8420000000000001
686	4500	0.9329
686	2475	0.86755
687	4455	0.98215
687	2968	0.9531
687	2890	0.9294
687	2816	0.79295
688	3361	0.7553000000000001
688	3165	0.7553000000000001
688	4731	0.8753
688	3052	0.9294
688	2443	0.92405
688	3025	0.7553000000000001
688	4722	0.8055
688	4757	0.81245
688	4230	0.58895
689	4347	0.9915
689	2949	0.98185
689	3237	0.97255
689	2605	0.9942
690	2582	0.81245
690	3560	0.81245
690	4607	0.81245
690	3473	0.7202
690	3201	0.648
690	4709	0.44865
691	3155	0.9559
691	3959	0.59385
691	3154	0.66605
691	3343	0.8453999999999999
692	4510	0.79295
692	2804	0.7997000000000001
692	2667	0.648
692	4513	0.5
693	3155	0.7859499999999999
693	3089	0.65835
693	2697	0.7859499999999999
693	3420	0.7202
694	3617	0.99245
694	3506	0.9964
694	2964	0.9971
694	2812	0.9971
694	3514	0.99115
694	2742	0.99115
694	2904	0.99815
694	3341	0.9954
695	2784	0.81845
695	3070	0.81845
695	3361	0.81845
695	3717	0.81845
695	3205	0.81845
696	3934	0.5
696	2833	0.95365
696	3790	0.9847
696	4477	0.5
696	4183	0.96425
697	4344	0.88915
697	3239	0.6692
697	2963	0.81245
697	2882	0.6806
698	3318	0.9014
698	3747	0.85865
698	3124	0.9682
698	2992	0.97545
698	3052	0.96995
698	3624	0.71075
699	3271	0.62095
699	4246	0.81845
699	4102	0.81245
699	4150	0.81845
699	3028	0.7202
699	3654	0.8589
700	3046	0.94425
700	4294	0.8996
700	4048	0.911
700	4182	0.5
701	3061	0.0724
701	4181	0.572
701	3551	0.5
701	3172	0.9474
702	3405	0.93015
702	3403	0.38765
702	3079	0.97765
702	4141	0.97915
702	3398	0.9623
703	3748	0.8982
703	4038	0.8825000000000001
703	3966	0.8982
703	3795	0.8982
703	4468	0.8825000000000001
704	4203	0.93015
704	3350	0.3634
704	3197	0.7202
704	3256	0.7202
704	3827	0.7294
704	3725	0.7553000000000001
704	4079	0.5
704	4270	0.81845
704	4327	0.6909
704	4078	0.89225
705	4443	0.5
705	4026	0.5
705	3215	0.5
705	4034	0.5
706	3693	0.86755
706	3484	0.81245
706	3606	0.85015
706	3534	0.81245
706	3224	0.8397
707	3249	0.98675
707	4267	0.0706
707	4725	0.89035
707	3470	0.2712
708	4716	0.94035
708	4694	0.8953
708	4698	0.90255
708	3267	0.5
709	2737	0.7202
709	3308	0.7202
709	4125	0.7202
709	4442	0.7202
710	3896	0.5
710	3356	0.7463500000000001
710	3607	0.7912
710	4137	0.81845
711	3633	0.9803
711	3600	0.97505
711	4360	0.75475
711	3512	0.93535
712	4396	0.87895
712	3597	0.28925
712	4367	0.81845
712	4295	0.5
